ground_truth_speed_alignment=odom_source_timestamp_interpolation
rows=457619
unique_gt_odom_rows=63160
duplicate_gt_odom_rows_removed=0
speed_reference=gt_speed_mps
ground_truth_position_reference=timestamped_gt_odom
lidar_rate_hz_median=39.992
imu_rate_hz_median=39.990 imu_rate_hz_p95=40.995
left_encoder_rate_hz_median=39.990 left_encoder_rate_hz_p95=40.995
right_encoder_rate_hz_median=39.990 right_encoder_rate_hz_p95=40.994
odom_rate_hz_median=39.990 odom_rate_hz_p95=40.994
ekf_rate_hz_median=39.991 ekf_rate_hz_p95=40.994
gt_odom_rate_hz_median=39.990 gt_odom_rate_hz_p95=40.995
gt_ips_rate_hz_median=39.990 gt_ips_rate_hz_p95=40.995
collision_rate_hz_median=39.992 collision_rate_hz_p95=40.994
speed_command_rate_hz_median=49.984 speed_command_rate_hz_p95=50.470
acceleration_command_rate_hz_median=49.982 acceleration_command_rate_hz_p95=50.498
steering_command_rate_hz_median=49.985 steering_command_rate_hz_p95=50.396
throttle_feedback_rate_hz_median=39.990 throttle_feedback_rate_hz_p95=40.993
steering_feedback_rate_hz_median=39.990 steering_feedback_rate_hz_p95=40.994
imu_source_rate_hz=39.999 imu_source_events=63162 recorder_row_rate_hz=289.799
left_encoder_source_rate_hz=39.999 left_encoder_source_events=63162 recorder_row_rate_hz=289.799
right_encoder_source_rate_hz=39.999 right_encoder_source_events=63162 recorder_row_rate_hz=289.799
odom_source_rate_hz=39.997 odom_source_events=63159 recorder_row_rate_hz=289.799
gt_odom_source_rate_hz=40.000 gt_odom_source_events=63164 recorder_row_rate_hz=289.799
gt_speed_mps_min=0.000 gt_speed_mps_max=22.884
ground_truth_collision_count_max=0
phase,command,initial_speed_mps,peak_speed_mps,tail_speed_mps,peak_accel_mps2,samples
grid_throttle_0.000_at_0.00,0.000000,0.000000,0.000000,0.000000,0.000000,80
grid_throttle_0.000_at_12.00,0.000000,7.431800,8.493500,0.000300,0.047587,104
grid_throttle_0.000_at_16.00,0.000000,9.760100,11.972500,0.000200,0.000000,127
grid_throttle_0.000_at_20.00,0.000000,12.731900,15.361000,0.000400,0.000000,143
grid_throttle_0.000_at_3.00,0.000000,1.274650,1.993000,0.000000,0.000000,84
grid_throttle_0.000_at_6.00,0.000000,3.191450,3.709600,0.000100,0.000000,80
grid_throttle_0.000_at_9.00,0.000000,4.434700,6.123200,0.000000,0.000000,121
grid_throttle_0.030_at_0.00,0.030000,0.646800,0.753700,0.751600,5.335255,80
grid_throttle_0.030_at_12.00,0.030000,6.916600,8.493500,0.751500,0.017288,116
grid_throttle_0.030_at_16.00,0.030000,10.342950,11.972500,0.751500,0.022324,133
grid_throttle_0.030_at_20.00,0.030000,12.874300,15.361000,0.751400,0.016749,144
grid_throttle_0.030_at_3.00,0.030000,1.593800,1.993000,0.751500,0.010066,78
grid_throttle_0.030_at_6.00,0.030000,2.546750,3.709600,0.751500,0.015197,93
grid_throttle_0.030_at_9.00,0.030000,5.047000,6.123200,0.751400,0.020279,93
grid_throttle_0.060_at_0.00,0.060000,0.484400,1.500700,1.498000,5.538866,80
grid_throttle_0.060_at_12.00,0.060000,7.580700,8.493500,1.497900,0.014153,107
grid_throttle_0.060_at_16.00,0.060000,10.404700,11.972500,1.497700,0.012139,116
grid_throttle_0.060_at_20.00,0.060000,12.252350,15.361000,1.498000,0.017304,161
grid_throttle_0.060_at_3.00,0.060000,1.547400,1.993000,1.498000,0.004576,81
grid_throttle_0.060_at_6.00,0.060000,3.309900,3.709600,1.498000,0.017228,84
grid_throttle_0.060_at_9.00,0.060000,5.267900,6.123200,1.497800,0.012492,80
grid_throttle_0.100_at_0.00,0.100000,0.424300,2.488400,2.486000,8.821365,81
grid_throttle_0.100_at_12.00,0.100000,7.084700,8.493500,2.485900,0.009451,112
grid_throttle_0.100_at_16.00,0.100000,10.891650,11.972500,2.485200,0.010716,102
grid_throttle_0.100_at_20.00,0.100000,13.615100,15.361000,2.485550,0.011278,119
grid_throttle_0.100_at_3.00,0.100000,2.398450,2.486700,2.485900,2.848555,82
grid_throttle_0.100_at_6.00,0.100000,3.223150,3.709600,2.485900,0.004501,82
grid_throttle_0.100_at_9.00,0.100000,5.328900,6.123200,2.485800,0.009331,88
grid_throttle_0.150_at_0.00,0.150000,0.691100,3.711300,3.709700,6.830205,86
grid_throttle_0.150_at_12.00,0.150000,7.431700,8.493500,3.709500,0.007137,97
grid_throttle_0.150_at_16.00,0.150000,10.421200,11.972500,3.709500,0.006020,126
grid_throttle_0.150_at_20.00,0.150000,14.646100,15.361000,3.709250,0.006184,118
grid_throttle_0.150_at_3.00,0.150000,2.754900,3.710900,3.709600,5.752797,95
grid_throttle_0.150_at_6.00,0.150000,3.709600,3.709600,3.709600,0.000000,81
grid_throttle_0.150_at_9.00,0.150000,4.967300,6.123200,3.709600,0.007381,107
grid_throttle_0.200_at_0.00,0.200000,1.056500,4.922600,4.921700,9.824554,105
grid_throttle_0.200_at_12.00,0.200000,7.490400,8.493500,4.921500,0.004994,84
grid_throttle_0.200_at_16.00,0.200000,10.363400,11.972500,4.921300,0.003693,96
grid_throttle_0.200_at_20.00,0.200000,13.197400,15.361000,4.921400,0.004495,117
grid_throttle_0.200_at_3.00,0.200000,3.102900,4.922500,4.921600,7.368536,108
grid_throttle_0.200_at_6.00,0.200000,4.594750,4.922200,4.921600,6.015623,92
grid_throttle_0.200_at_9.00,0.200000,5.329850,6.123200,4.921600,0.001560,81
grid_throttle_0.300_at_0.00,0.300000,1.213800,7.313800,7.313600,7.284581,118
grid_throttle_0.300_at_12.00,0.300000,7.837550,8.493500,7.313500,0.001067,80
grid_throttle_0.300_at_16.00,0.300000,10.369700,11.972500,7.313500,0.001236,116
grid_throttle_0.300_at_20.00,0.300000,12.813250,15.361000,7.313500,0.001248,151
grid_throttle_0.300_at_3.00,0.300000,3.043800,7.313800,7.313500,7.969341,136
grid_throttle_0.300_at_6.00,0.300000,4.016400,7.313800,7.313600,6.422858,92
grid_throttle_0.300_at_9.00,0.300000,6.747750,7.313600,7.313500,4.529852,81
grid_throttle_0.400_at_0.00,0.400000,1.618600,9.663300,9.662400,8.374418,153
grid_throttle_0.400_at_12.00,0.400000,9.119400,9.663300,9.663300,4.995813,82
grid_throttle_0.400_at_16.00,0.400000,9.933100,11.972500,9.663300,0.000872,168
grid_throttle_0.400_at_20.00,0.400000,14.380300,15.361000,9.663200,0.000000,93
grid_throttle_0.400_at_3.00,0.400000,3.206800,9.663300,9.663100,7.082562,141
grid_throttle_0.400_at_6.00,0.400000,4.605400,9.663300,9.663200,6.587815,123
grid_throttle_0.400_at_9.00,0.400000,6.804200,9.663300,9.663300,6.246443,100
grid_throttle_0.500_at_0.00,0.500000,1.731750,11.972500,11.969750,8.142930,194
grid_throttle_0.500_at_12.00,0.500000,9.054750,11.972500,11.972500,7.568632,112
grid_throttle_0.500_at_16.00,0.500000,11.972500,11.972500,11.972500,0.000000,82
grid_throttle_0.500_at_20.00,0.500000,13.686100,15.361000,11.972500,0.000000,107
grid_throttle_0.500_at_3.00,0.500000,3.669200,11.972500,11.971950,6.233540,185
grid_throttle_0.500_at_6.00,0.500000,5.092250,11.972500,11.972300,7.569966,171
grid_throttle_0.500_at_9.00,0.500000,7.105500,11.972500,11.972400,5.396235,144
grid_throttle_0.650_at_0.00,0.650000,2.831300,15.361000,15.355700,6.841368,272
grid_throttle_0.650_at_12.00,0.650000,9.534150,15.361000,15.360600,5.306441,194
grid_throttle_0.650_at_16.00,0.650000,12.401600,15.361000,15.359700,4.615912,117
grid_throttle_0.650_at_20.00,0.650000,15.361000,15.361000,15.361000,0.000000,91
grid_throttle_0.650_at_3.00,0.650000,4.534600,15.361000,15.357200,6.623223,257
grid_throttle_0.650_at_6.00,0.650000,5.656700,15.361000,15.358900,7.252965,246
grid_throttle_0.650_at_9.00,0.650000,7.653400,15.361000,15.359000,5.903515,217
grid_throttle_0.800_at_0.00,0.800000,4.227100,18.655500,18.634600,7.430875,377
grid_throttle_0.800_at_12.00,0.800000,10.384950,18.655500,18.654100,5.040192,314
grid_throttle_0.800_at_16.00,0.800000,12.895100,18.655400,18.651150,4.676355,229
grid_throttle_0.800_at_20.00,0.800000,16.132300,18.655500,18.655500,4.676409,210
grid_throttle_0.800_at_3.00,0.800000,5.341500,18.655400,18.613200,6.058775,351
grid_throttle_0.800_at_6.00,0.800000,6.913300,18.655500,18.647150,5.096235,354
grid_throttle_0.800_at_9.00,0.800000,8.907500,18.655500,18.655400,4.689214,398
grid_throttle_1.000_at_0.00,1.000000,7.575400,22.883500,21.499200,6.260767,761
grid_throttle_1.000_at_12.00,1.000000,12.551600,22.883500,22.579200,4.221485,688
grid_throttle_1.000_at_16.00,1.000000,14.493800,22.883400,22.547100,3.215988,621
grid_throttle_1.000_at_20.00,1.000000,16.685600,22.883500,22.850600,3.991663,555
grid_throttle_1.000_at_3.00,1.000000,8.516300,22.883100,20.620150,5.532285,720
grid_throttle_1.000_at_6.00,1.000000,9.757700,22.883400,21.580800,5.254022,721
grid_throttle_1.000_at_9.00,1.000000,10.981000,22.883300,21.508300,5.575331,689
steering,gt_speed_mps,gt_yaw_rate_radps,gt_curvature_rad_per_m,samples
-0.500000,0.995652,-0.800900,-0.804398,31
-0.500000,5.619054,-0.950950,-0.169237,32
-0.500000,5.619356,-0.951400,-0.169308,32
-0.500000,5.619833,-0.946000,-0.168332,33
-0.250000,5.522492,-1.737800,-0.314677,33
-0.250000,5.523870,-1.732700,-0.313675,33
-0.250000,5.528840,-1.714200,-0.310047,32
-0.250000,5.550554,-1.619850,-0.291836,32
0.000000,5.643700,0.000000,0.000000,33
0.000000,5.644000,0.000000,0.000000,33
0.000000,5.644300,0.000000,0.000000,33
0.000000,5.644600,0.000000,0.000000,33
0.250000,5.522788,1.736700,0.314461,33
0.250000,5.524113,1.731400,0.313426,32
0.250000,5.530256,1.709400,0.309100,32
0.250000,5.547409,1.656600,0.298626,32
0.500000,1.096219,0.653300,0.595957,31
0.500000,5.619104,0.950800,0.169208,32
0.500000,5.619356,0.951300,0.169290,32
0.500000,5.621573,0.943600,0.167853,32
steering_response=sdu_apex_autodrive/artifacts/calibration/derived/identification_grid_full_20260904/steering.csv
response_trace=sdu_apex_autodrive/artifacts/calibration/derived/identification_grid_full_20260904/response.csv
acceleration_map=sdu_apex_autodrive/artifacts/calibration/derived/identification_grid_full_20260904/acceleration_map.csv
speed_mps,observed_full_throttle_acceleration_mps2,monotonic_acceleration_limit_mps2,samples
0.000000,3.961689,4.195003,8
2.000000,4.276156,4.195003,23
4.000000,3.972060,3.972060,47
6.000000,3.524016,3.524016,71
8.000000,3.030181,3.030181,107
10.000000,2.400227,2.400227,155
12.000000,1.929167,1.929167,208
14.000000,1.435518,1.435518,313
16.000000,0.902274,0.902274,545
18.000000,0.363012,0.508289,1361
20.000000,0.386465,0.508289,777
22.000000,1.837279,0.508289,220
23.000000,0.021625,0.021625,819
acceleration_envelope=sdu_apex_autodrive/artifacts/calibration/derived/identification_grid_full_20260904/acceleration_envelope.csv
longitudinal_fit_model=a=c0+c1*throttle+c2*speed+c3*throttle*speed
longitudinal_fit_coefficients=-0.298927247,6.722498844,-0.184585113,-0.113718488 rmse_mps2=2.346 samples=8123
speed_mps,fit_hold_throttle,fit_throttle_per_accel
0.000000,0.044467,0.148754
2.000000,0.102862,0.153963
4.000000,0.165496,0.159550
6.000000,0.232847,0.165558
8.000000,0.305468,0.172036
10.000000,0.384003,0.179041
12.000000,0.469206,0.186641
14.000000,0.561963,0.194915
16.000000,0.663326,0.203957
18.000000,0.774550,0.213878
20.000000,0.897148,0.224814
23.000000,1.000000,0.243488
longitudinal_fit=sdu_apex_autodrive/artifacts/calibration/derived/identification_grid_full_20260904/longitudinal_fit.csv
wheel_speed_body_speed_map=rmse_mps=0.067 samples=84
wheel_speed_mps,body_speed_mps,map_samples
0.000000,0.000000,84
2.000000,1.982874,84
4.000000,3.919917,84
6.000000,5.815336,84
8.000000,7.708784,84
10.000000,9.663200,84
12.000000,11.443698,84
14.000000,14.039803,84
16.000000,15.360914,84
18.000000,16.851055,84
20.000000,18.654880,84
22.000000,20.224735,84
24.000000,21.900727,84
26.000000,22.872850,84
28.000000,22.872850,84
30.000000,22.872850,84
wheel_speed_body_speed_map_output=sdu_apex_autodrive/artifacts/calibration/derived/identification_grid_full_20260904/wheel_speed_map.csv
slip_model_rows=164 samples=26868
motion_regime,force_curve_region,wheel_speed_bin_mps,median_wheel_speed_mps,median_body_vx_mps,median_slip_speed_mps,median_slip_ratio,slip_ratio_mad,slip_ratio_p10,slip_ratio_p90,samples
braking,asymptotic,0.000000,0.000000,4.761650,-4.750300,-1.000000,0.000000,-1.000000,-1.000000,4334
braking,asymptotic,2.000000,3.083205,6.052100,-3.104361,-0.499859,0.167266,-0.752865,1.171507,100
braking,asymptotic,4.000000,4.970245,7.942000,-2.930120,-0.377027,0.214967,-0.610429,2.171237,59
braking,asymptotic,6.000000,6.799307,7.878050,-0.396431,0.020357,0.500729,-0.454000,1.842889,34
braking,asymptotic,8.000000,8.763135,5.056700,3.883379,0.765104,0.752023,-0.476063,3.098720,26
braking,asymptotic,10.000000,11.022559,5.069500,5.800640,1.078555,0.133787,0.679945,2.169243,35
braking,asymptotic,12.000000,12.866285,5.807050,6.853235,1.193403,0.453661,0.594326,2.498966,18
braking,asymptotic,14.000000,15.379674,5.617900,8.797615,1.541292,0.537659,0.857058,5.194308,21
braking,asymptotic,16.000000,16.681012,7.340400,10.081088,1.321039,0.748170,0.349469,9.820009,24
braking,asymptotic,18.000000,18.805290,7.313500,11.594712,1.576933,0.649600,0.927333,2.407126,9
braking,asymptotic,20.000000,21.010018,10.878900,10.265409,0.943607,0.524673,0.418934,2.041241,9
braking,asymptotic,22.000000,22.642932,10.647700,12.359233,1.160742,0.595557,0.565185,13.968687,19
braking,asymptotic,24.000000,24.556533,11.717000,13.000429,1.110942,0.778844,0.314096,14.369749,12
braking,asymptotic,26.000000,26.895570,11.589900,15.300406,1.378353,0.497968,0.741899,2.944448,6
braking,asymptotic,28.000000,29.521797,1.504100,27.284148,17.796071,0.911404,10.975561,18.707474,5
braking,asymptotic,30.000000,31.079109,7.641200,23.349166,3.125776,1.081807,2.233359,5.474319,8
braking,asymptotic,32.000000,33.005234,3.995200,28.836276,7.372282,3.982825,0.518979,20.369704,4
braking,asymptotic,34.000000,34.449174,6.436500,28.012674,4.443401,2.185785,1.991869,8.470892,6
braking,asymptotic,36.000000,36.827310,5.826250,31.577500,6.360373,4.777440,0.689168,11.327613,14
braking,asymptotic,38.000000,39.455828,12.639450,26.816378,2.126108,0.749553,1.149387,11.979642,6
braking,asymptotic,40.000000,40.982319,3.153000,37.402741,12.439580,3.338927,4.587153,15.659554,8
braking,asymptotic,42.000000,42.686403,8.735200,34.119510,10.597473,9.272670,0.854465,27.140004,4
braking,asymptotic,44.000000,45.106480,7.324500,36.905109,5.038584,4.004626,1.033958,17.333389,11
braking,asymptotic,46.000000,47.060814,5.200550,41.774041,8.059574,2.371337,2.613368,8.562096,6
braking,asymptotic,48.000000,49.114426,13.106400,35.796022,2.734925,0.681667,1.116418,3.585784,6
braking,asymptotic,50.000000,51.177648,9.217500,41.960148,5.036973,1.901896,2.941127,10.730269,4
braking,asymptotic,52.000000,53.391971,7.349500,45.888544,6.134977,2.254378,3.915392,13.340060,7
braking,asymptotic,54.000000,55.384538,11.842300,43.542238,3.676840,2.270842,1.988961,10.332878,7
braking,asymptotic,56.000000,57.080330,6.716400,50.363930,8.406078,2.982749,5.423329,11.388827,2
braking,asymptotic,58.000000,58.985817,9.784300,49.423608,5.051318,2.934389,2.116928,10.985090,7
braking,post_extremum,0.000000,1.157545,1.498000,-0.218848,-0.189050,0.033427,-0.242092,0.159142,12
braking,post_extremum,2.000000,3.073861,3.422000,-0.643268,-0.182371,0.020796,-0.236981,0.162853,23
braking,post_extremum,4.000000,4.499126,5.595200,-0.998034,-0.183324,0.024076,-0.215155,-0.151531,18
braking,post_extremum,6.000000,6.457899,7.433500,-1.297649,-0.174331,0.025705,-0.200036,0.217011,16
braking,post_extremum,8.000000,9.147229,9.419650,-0.221142,0.001719,0.191564,-0.204317,0.219568,8
braking,post_extremum,10.000000,10.584688,10.236000,1.638044,0.160028,0.067243,-0.230859,0.227271,3
braking,post_extremum,12.000000,12.316177,10.421200,1.894977,0.181839,0.000000,0.181839,0.181839,1
braking,post_extremum,14.000000,14.407371,12.286200,2.121171,0.172647,0.000000,-0.156407,0.172647,3
braking,post_extremum,16.000000,17.349205,14.690600,2.658605,0.180973,0.000000,0.180973,0.180973,1
braking,post_extremum,18.000000,18.817118,22.883500,-4.066382,-0.177699,0.000000,-0.177699,-0.177699,1
braking,pre_extremum,0.000000,1.342604,1.498000,-0.069674,-0.056740,0.070994,-0.131868,0.108400,19
braking,pre_extremum,2.000000,3.230315,3.361000,-0.171909,-0.074011,0.055769,-0.133327,0.092776,22
braking,pre_extremum,4.000000,4.872444,5.219500,-0.175203,-0.034879,0.078835,-0.131264,0.067040,19
braking,pre_extremum,6.000000,6.225096,6.077000,0.267269,0.043452,0.050928,-0.027589,0.121606,4
braking,pre_extremum,8.000000,8.778357,9.663300,-0.793767,-0.081364,0.043808,-0.143797,0.008455,20
braking,pre_extremum,10.000000,11.266130,11.344050,-0.027956,-0.002472,0.048743,-0.056397,0.077045,8
braking,pre_extremum,12.000000,13.090560,13.351100,0.159075,0.012924,0.082179,-0.147805,0.065906,7
braking,pre_extremum,14.000000,15.394604,15.361000,-0.765813,-0.049854,0.052042,-0.144358,0.023540,4
braking,pre_extremum,16.000000,16.942450,18.655500,-0.747795,-0.040084,0.094830,-0.134915,0.139854,3
braking,pre_extremum,18.000000,19.645586,22.016000,-2.178791,-0.098964,0.042532,-0.141496,0.003894,3
braking,pre_extremum,20.000000,21.082730,22.883100,-1.551207,-0.068754,0.004533,-0.093149,-0.064221,4
steady,asymptotic,0.000000,0.000000,8.493600,-8.493600,-1.000000,0.000000,-1.000000,-1.000000,10692
steady,asymptotic,2.000000,2.868444,1.993000,0.942736,0.510008,0.678597,-0.382943,2.142798,175
steady,asymptotic,4.000000,4.942142,1.993000,2.698612,1.324039,0.425086,-0.304715,2.150838,233
steady,asymptotic,6.000000,6.794910,2.485700,4.165515,1.656636,0.686993,0.480169,2.632220,237
steady,asymptotic,8.000000,9.027307,3.709700,4.838207,1.297392,0.672093,0.285027,3.430579,181
steady,asymptotic,10.000000,11.081593,3.710200,6.775069,1.826853,1.077712,-0.252920,4.967918,155
steady,asymptotic,12.000000,12.907140,4.921650,8.385638,1.729364,0.741525,0.481016,8.079812,140
steady,asymptotic,14.000000,15.122796,6.123200,8.533076,1.391576,0.602860,0.409641,6.960079,149
steady,asymptotic,16.000000,16.938501,6.123600,10.250470,1.674038,0.889698,0.388547,7.378320,116
steady,asymptotic,18.000000,18.965312,7.313500,11.640729,1.591677,0.775881,0.513282,8.451530,127
steady,asymptotic,20.000000,21.093441,8.493600,12.220723,1.432517,0.870762,0.370191,9.279752,121
steady,asymptotic,22.000000,22.724902,9.659800,12.729313,1.318481,1.011137,0.278275,13.405556,128
steady,asymptotic,24.000000,25.013386,9.663300,14.395495,1.490047,0.882685,0.363064,11.550620,117
steady,asymptotic,26.000000,26.879711,10.821800,16.124131,1.508210,0.768392,0.466080,12.761781,114
steady,asymptotic,28.000000,28.890446,11.972500,16.507811,1.380605,0.580457,0.536396,13.370824,88
steady,asymptotic,30.000000,31.204028,9.663300,21.646504,2.240074,1.546858,0.673451,14.727116,117
steady,asymptotic,32.000000,32.778217,11.965800,21.115406,1.767068,0.672964,0.804482,15.624696,123
steady,asymptotic,34.000000,34.887439,11.970700,22.406209,1.872818,1.033515,0.858812,16.548320,113
steady,asymptotic,36.000000,36.836929,11.972500,24.039423,2.007887,0.911534,0.959932,17.291034,77
steady,asymptotic,38.000000,39.094964,11.972500,27.139001,2.266778,0.788054,1.121414,18.227316,75
steady,asymptotic,40.000000,40.942185,11.972300,28.429998,2.374608,1.143280,1.220349,19.351069,73
steady,asymptotic,42.000000,42.733740,11.969350,31.031482,2.593239,1.325134,1.329765,14.045310,48
steady,asymptotic,44.000000,45.050472,15.325400,30.427616,1.985437,0.991882,1.379118,21.605768,57
steady,asymptotic,46.000000,47.077238,13.264100,33.272830,2.508488,1.434454,1.437212,22.570915,59
steady,asymptotic,48.000000,49.000074,15.359700,34.020286,2.215382,0.981342,1.182872,14.115617,58
steady,asymptotic,50.000000,50.928197,15.361000,35.593422,2.317817,0.650758,1.265803,12.703661,77
steady,asymptotic,52.000000,52.843562,15.350300,37.810377,2.465048,0.626280,1.803774,13.143598,44
steady,asymptotic,54.000000,55.152105,7.313700,48.101375,6.576887,4.693967,1.442606,19.531143,53
steady,asymptotic,56.000000,57.017838,8.493600,48.179702,5.651804,3.590308,1.963427,14.514680,40
steady,asymptotic,58.000000,58.927861,7.313400,51.614461,7.057519,4.869962,1.588794,22.441162,45
steady,post_extremum,0.000000,1.592553,1.993000,-0.327584,-0.180771,0.020396,-0.227439,-0.150694,198
steady,post_extremum,2.000000,2.986700,3.709600,-0.662095,-0.179763,0.022189,-0.218711,0.175432,141
steady,post_extremum,4.000000,4.909195,6.123200,-1.050476,-0.176745,0.025837,-0.231135,0.185678,107
steady,post_extremum,6.000000,6.959609,8.492400,-1.386618,-0.168413,0.016613,-0.212031,0.175266,67
steady,post_extremum,8.000000,9.454775,11.970800,-2.231024,-0.187003,0.021724,-0.223252,-0.150414,71
steady,post_extremum,10.000000,10.206702,11.972500,-1.905837,-0.159204,0.034365,-0.244364,0.209121,32
steady,post_extremum,12.000000,12.736051,15.360500,-2.587037,-0.170830,0.017640,-0.206941,-0.150056,55
steady,post_extremum,14.000000,14.750485,11.972500,2.237704,0.186904,0.049011,-0.193967,0.233018,37
steady,post_extremum,16.000000,17.757648,22.809850,-4.894191,-0.213875,0.016613,-0.226546,0.158029,10
steady,post_extremum,18.000000,18.810349,15.360900,3.245413,0.204264,0.026585,-0.170844,0.235281,31
steady,post_extremum,20.000000,21.254056,18.201050,3.155146,0.175118,0.008971,0.154772,0.204785,36
steady,post_extremum,22.000000,22.655735,18.734400,4.011367,0.213010,0.019528,0.176945,0.241285,48
steady,post_extremum,26.000000,26.910354,22.873300,4.027654,0.176013,0.007169,0.168011,0.210803,5
steady,pre_extremum,0.000000,1.730052,1.993000,-0.169816,-0.101284,0.029672,-0.139019,-0.020536,245
steady,pre_extremum,2.000000,3.238837,3.709600,-0.259456,-0.077046,0.047522,-0.135516,0.062939,237
steady,pre_extremum,4.000000,5.354890,6.119400,-0.536810,-0.091924,0.033797,-0.136590,0.048863,152
steady,pre_extremum,6.000000,7.066705,7.313700,-0.701583,-0.084937,0.041239,-0.139234,0.057653,139
steady,pre_extremum,8.000000,8.617460,9.663200,-0.712264,-0.073702,0.041222,-0.129965,0.034710,86
steady,pre_extremum,10.000000,10.894191,11.972500,-1.052115,-0.087878,0.027532,-0.128897,-0.022025,191
steady,pre_extremum,12.000000,13.530978,15.359200,-1.620699,-0.105527,0.016651,-0.136383,0.078578,145
steady,pre_extremum,14.000000,14.754964,15.360700,-0.648178,-0.042221,0.026406,-0.081194,0.014571,119
steady,pre_extremum,16.000000,17.038023,18.653600,-1.352160,-0.072799,0.030652,-0.120393,0.081497,129
steady,pre_extremum,18.000000,19.313636,18.655400,-0.048821,-0.002617,0.032118,-0.133105,0.080750,91
steady,pre_extremum,20.000000,20.808415,19.284700,1.329038,0.068864,0.070065,-0.105413,0.131682,135
steady,pre_extremum,22.000000,22.470451,22.869750,-0.268889,-0.011751,0.015832,-0.033164,0.046271,34
steady,pre_extremum,24.000000,24.854358,22.882700,1.972358,0.086197,0.019767,0.066430,0.108825,9
traction,asymptotic,0.000000,0.000000,9.105500,-9.105500,-1.000000,0.000000,-1.000000,-1.000000,937
traction,asymptotic,2.000000,3.306798,1.936300,1.517672,0.795826,0.523200,-0.372268,2.391076,68
traction,asymptotic,4.000000,5.202077,2.354400,2.735203,1.200870,0.748841,0.283543,4.052650,143
traction,asymptotic,6.000000,7.249961,3.634700,3.617887,1.012548,0.670694,0.255465,4.064303,141
traction,asymptotic,8.000000,9.116043,4.426700,4.873850,1.080674,0.716888,0.314469,5.904811,136
traction,asymptotic,10.000000,10.953835,4.925550,6.026485,1.223305,0.818138,0.354815,5.543457,268
traction,asymptotic,12.000000,13.260358,5.634750,7.815619,1.361153,0.927903,0.386878,6.063964,238
traction,asymptotic,14.000000,14.856306,6.747750,7.863558,1.143118,0.752960,0.341651,5.608547,256
traction,asymptotic,16.000000,16.983005,7.300700,9.837262,1.315494,0.851490,0.375475,6.887056,178
traction,asymptotic,18.000000,19.220637,7.936800,11.143107,1.392827,0.821700,0.509226,6.388862,151
traction,asymptotic,20.000000,20.875364,9.764950,11.261636,1.145627,0.760058,0.353841,8.118806,202
traction,asymptotic,22.000000,22.960251,9.995400,12.674172,1.304439,0.885234,0.344677,7.321297,179
traction,asymptotic,24.000000,25.087972,8.343050,16.722982,1.975465,0.975556,0.497538,5.307287,124
traction,asymptotic,26.000000,27.058842,8.920400,17.945499,2.008787,0.984059,0.702304,5.069515,131
traction,asymptotic,28.000000,28.890241,9.342300,19.467530,2.094399,1.027538,0.816342,6.924990,101
traction,asymptotic,30.000000,31.002999,9.901600,21.314923,2.152675,1.052675,0.909094,6.066444,115
traction,asymptotic,32.000000,32.930001,10.757200,22.437925,2.103452,1.158884,0.773608,6.954986,110
traction,asymptotic,34.000000,34.964521,9.686700,24.969297,2.602364,1.216318,1.087118,8.728380,102
traction,asymptotic,36.000000,36.913164,8.807800,28.232558,3.158363,1.477671,1.413362,13.590720,89
traction,asymptotic,38.000000,39.175831,10.626400,28.542256,2.754741,1.168352,1.276798,10.079597,101
traction,asymptotic,40.000000,41.014330,10.378700,30.597823,2.887874,1.398085,1.332076,12.874729,91
traction,asymptotic,42.000000,42.764602,11.590800,31.015256,2.675851,0.991190,1.669313,15.838816,85
traction,asymptotic,44.000000,44.883105,11.962200,33.029050,2.752078,0.948125,1.487592,11.289973,81
traction,asymptotic,46.000000,47.136982,11.929600,35.253251,2.900830,1.308797,1.651748,9.985367,87
traction,asymptotic,48.000000,49.066828,12.464250,36.654796,2.942783,1.368743,1.478053,13.376198,64
traction,asymptotic,50.000000,50.980517,11.336900,39.679856,3.515354,1.655492,1.697013,14.442302,75
traction,asymptotic,52.000000,52.810333,11.417450,41.102923,3.568315,1.469649,1.718162,11.667766,84
traction,asymptotic,54.000000,55.167069,13.292950,41.852589,3.160727,1.151756,1.854338,12.814747,66
traction,asymptotic,56.000000,57.102862,13.773800,43.118067,3.203547,1.164886,1.860678,6.366864,37
traction,asymptotic,58.000000,59.181574,15.078900,44.146103,2.930706,1.036002,1.914908,10.486320,60
traction,post_extremum,0.000000,1.656438,1.964600,-0.325015,-0.166240,0.012103,-0.184319,0.187385,11
traction,post_extremum,2.000000,3.034036,3.678400,-0.589338,-0.161772,0.040089,-0.210062,0.168966,18
traction,post_extremum,4.000000,5.281366,5.995400,-1.013504,-0.170496,0.048224,-0.217027,0.208242,28
traction,post_extremum,6.000000,6.958949,8.137800,-1.354661,-0.168252,0.062313,-0.230565,0.224269,29
traction,post_extremum,8.000000,9.362871,8.475150,1.241433,0.159596,0.088691,-0.201403,0.245592,24
traction,post_extremum,10.000000,11.028588,9.438200,1.735525,0.191752,0.035629,-0.209830,0.230167,31
traction,post_extremum,12.000000,13.363291,11.644600,2.020452,0.174267,0.038393,-0.167623,0.231137,45
traction,post_extremum,14.000000,14.544382,12.177300,2.349043,0.193615,0.020228,0.154318,0.228297,46
traction,post_extremum,16.000000,17.000757,14.260700,2.618780,0.179337,0.028125,0.150730,0.241988,25
traction,post_extremum,18.000000,18.899445,15.895950,3.034984,0.189876,0.020692,0.167461,0.248035,20
traction,post_extremum,20.000000,20.907725,17.137700,3.811001,0.227110,0.014521,0.167291,0.244519,24
traction,post_extremum,22.000000,23.012976,19.018050,4.088579,0.217196,0.028293,0.170267,0.244040,12
traction,post_extremum,24.000000,25.081398,20.698700,4.501257,0.220074,0.009071,0.199818,0.234085,4
traction,post_extremum,26.000000,26.757465,22.592000,4.165465,0.184378,0.000000,0.184378,0.184378,1
traction,pre_extremum,0.000000,1.618912,1.633100,-0.079226,-0.043582,0.075761,-0.119343,0.118880,21
traction,pre_extremum,2.000000,3.104929,3.119250,-0.127895,-0.035153,0.066951,-0.114827,0.092303,26
traction,pre_extremum,4.000000,5.275286,5.688000,-0.190323,-0.033541,0.073968,-0.135432,0.111843,48
traction,pre_extremum,6.000000,7.285470,7.387700,-0.436960,-0.051986,0.077087,-0.144146,0.093990,55
traction,pre_extremum,8.000000,8.946348,9.133400,-0.257838,-0.027310,0.084604,-0.126230,0.102635,61
traction,pre_extremum,10.000000,10.771560,11.479900,-0.349251,-0.030616,0.060329,-0.120255,0.095535,91
traction,pre_extremum,12.000000,13.277076,13.168100,0.162573,0.012050,0.070535,-0.106467,0.114178,113
traction,pre_extremum,14.000000,14.570863,14.824900,0.048421,0.003135,0.055094,-0.073925,0.113255,71
traction,pre_extremum,16.000000,16.825413,16.885100,0.347478,0.020987,0.079868,-0.094548,0.130049,56
traction,pre_extremum,18.000000,19.291540,18.461400,0.237167,0.012872,0.089876,-0.120642,0.134256,47
traction,pre_extremum,20.000000,20.836237,20.224500,0.421490,0.021389,0.040416,-0.063883,0.108876,45
traction,pre_extremum,22.000000,23.021616,22.090900,1.254552,0.057032,0.049180,-0.004728,0.137795,22
traction,pre_extremum,24.000000,24.233024,22.536550,1.696474,0.075291,0.005267,0.070025,0.080558,2
slip_model=sdu_apex_autodrive/artifacts/calibration/derived/identification_grid_full_20260904/slip_model.csv
frozen_encoder_brake_model=intercept_mps2=10.266 speed_gain_per_s=0.393 fit_rmse_mps2=3.680 samples=2357 bins=12
speed_bin_mps,median_body_speed_mps,median_deceleration_mps2,samples
0.000000,1.325000,7.810499,425
2.000000,2.922750,12.114525,578
4.000000,4.826400,12.680478,414
6.000000,6.877750,12.591342,260
8.000000,8.879900,13.890660,203
10.000000,10.883200,18.415098,156
12.000000,12.936900,18.679272,112
14.000000,14.713650,13.802722,86
16.000000,16.774800,11.516092,59
18.000000,18.811300,19.704027,35
20.000000,20.929000,25.353243,24
22.000000,22.119100,12.491472,5
frozen_encoder_brake_model_output=sdu_apex_autodrive/artifacts/calibration/derived/identification_grid_full_20260904/frozen_encoder_model.csv
ground_truth_vs_odom_position_error_m=median=0.160 p95=1.654 max=380.723
ground_truth_vs_odom_position_error_active_m=median=0.164 p95=1.415 max=14.910
ground_truth_vs_odom_speed_error_mps=median=0.000 abs_p95=0.411
ground_truth_vs_odom_speed_error_active_mps=median=0.000 abs_p95=0.416
lidar_events_median=31580.000 lidar_events_p95=60004.000
metric,bin,samples,relative_samples,absolute_error_median,absolute_error_p95,absolute_error_max,relative_error_median_pct,relative_error_p95_pct,relative_error_max_pct,reference_median,reference_max
odom_speed_vs_truth,0-1_mps,26687,0,0.000000,0.063082,8.500755,nan,nan,nan,nan,nan
odom_speed_vs_truth,1-3_mps,5667,5667,0.042235,0.321400,8.649139,2.104068,17.699435,772.458251,1.993000,2.999805
odom_speed_vs_truth,3-5_mps,4938,4938,0.045527,0.332979,2.901415,1.137690,8.186526,92.014949,3.710500,4.999000
odom_speed_vs_truth,5-10_mps,9765,9765,0.060568,0.415833,1.186919,0.854619,6.198383,16.453675,7.256200,9.998200
odom_speed_vs_truth,10-15_mps,6206,6206,0.094003,0.532976,1.385501,0.775979,4.144690,11.493422,11.972500,14.999100
odom_speed_vs_truth,15-20_mps,6418,6418,0.096582,0.700902,1.281343,0.583525,3.825684,7.349468,16.840700,19.993400
odom_speed_vs_truth,20-23_mps,1358,1358,0.368717,1.007618,1.326345,1.618752,4.786826,6.254811,22.842300,22.883500
odom_speed_vs_truth_acceleration,all_speeds,14209,13465,0.084790,0.562221,8.500755,1.256814,6.079330,735.845287,8.844800,22.689200
odom_speed_vs_truth_acceleration,0-1_mps,744,0,0.079726,0.361000,8.500755,nan,nan,nan,nan,nan
odom_speed_vs_truth_acceleration,1-3_mps,1747,1747,0.057133,0.180970,8.448705,2.789934,10.432634,735.845287,1.993000,2.998100
odom_speed_vs_truth_acceleration,3-5_mps,1779,1779,0.054695,0.208088,0.546845,1.372284,5.301349,11.935771,3.962700,4.994100
odom_speed_vs_truth_acceleration,5-10_mps,4131,4131,0.066049,0.426615,1.186919,0.940642,6.178556,16.453675,7.485500,9.996700
odom_speed_vs_truth_acceleration,10-15_mps,3460,3460,0.144041,0.571948,1.385501,1.157838,4.396840,11.493422,12.111100,14.999100
odom_speed_vs_truth_acceleration,15-20_mps,1901,1901,0.198617,0.739563,1.281343,1.201311,4.291847,7.349468,16.740600,19.993400
odom_speed_vs_truth_acceleration,20-23_mps,447,447,0.244049,1.075166,1.326345,1.125846,5.129571,6.254811,21.637900,22.689200
odom_speed_vs_truth_steady-state,all_speeds,14905,14477,0.037839,0.426971,8.274296,0.513073,4.339014,32.310203,8.493600,22.883500
odom_speed_vs_truth_steady-state,0-1_mps,428,0,0.006766,0.150811,8.274296,nan,nan,nan,nan,nan
odom_speed_vs_truth_steady-state,1-3_mps,2479,2479,0.010034,0.222230,0.529868,0.516065,11.416231,32.310203,1.993000,2.491000
odom_speed_vs_truth_steady-state,3-5_mps,1919,1919,0.021119,0.179188,0.807311,0.549375,4.387110,18.310008,3.709600,4.995317
odom_speed_vs_truth_steady-state,5-10_mps,3462,3462,0.038921,0.324570,0.680857,0.568229,4.862745,11.635802,6.123600,9.722300
odom_speed_vs_truth_steady-state,10-15_mps,1669,1669,0.035899,0.143607,0.676047,0.299848,1.199473,5.644354,11.972400,12.046800
odom_speed_vs_truth_steady-state,15-20_mps,4135,4135,0.064917,0.700902,0.827649,0.400783,3.748971,4.398247,18.036200,19.463600
odom_speed_vs_truth_steady-state,20-23_mps,813,813,0.378332,0.491663,0.603713,1.653340,2.149938,2.638456,22.879300,22.883500
odom_speed_vs_truth_deceleration,all_speeds,7087,6410,0.133488,0.518060,8.649139,2.276542,15.172896,772.458251,5.764500,22.883500
odom_speed_vs_truth_deceleration,0-1_mps,677,0,0.131855,0.743310,8.384132,nan,nan,nan,nan,nan
odom_speed_vs_truth_deceleration,1-3_mps,1441,1441,0.126687,0.663240,8.649139,6.638329,35.562829,772.458251,1.976700,2.999805
odom_speed_vs_truth_deceleration,3-5_mps,1240,1240,0.128474,0.553189,2.901415,3.326541,13.804215,92.014949,3.943800,4.999000
odom_speed_vs_truth_deceleration,5-10_mps,2172,2172,0.140642,0.477987,0.864319,2.015375,6.876552,14.458098,6.968650,9.998200
odom_speed_vs_truth_deceleration,10-15_mps,1077,1077,0.141356,0.513755,1.051036,1.185600,4.159167,7.506380,11.972500,14.999000
odom_speed_vs_truth_deceleration,15-20_mps,382,382,0.119593,0.464228,0.851976,0.726723,2.846913,5.104555,16.307100,19.882200
odom_speed_vs_truth_deceleration,20-23_mps,98,98,0.294848,0.532287,0.755004,1.297103,2.516157,3.321354,22.050300,22.883500
odom_position_vs_truth,distance_ge_1m,38177,38177,0.332282,2.299960,14.910326,1.345870,9.120041,125.007004,29.989800,249.838302
odom_position_vs_truth,distance_ge_5m,33695,33695,0.375223,2.614173,14.910326,1.191631,4.680729,125.007004,37.520900,249.838302
odom_position_vs_truth,distance_ge_10m,29625,29625,0.417513,2.900585,14.910326,1.087099,4.014970,125.007004,44.792800,249.838302
odom_position_vs_truth,distance_ge_50m,13453,13453,0.685807,6.505224,10.041263,0.806714,4.036901,5.239725,81.142300,249.838302
odom_position_vs_truth,distance_ge_100m,4914,4914,1.267849,9.226529,10.041263,0.832100,4.349884,5.239725,156.297500,249.838302
odom_position_endpoint,epoch_0,1,0,0.158200,0.158200,0.158200,nan,nan,nan,0.000000,0.000000
odom_position_endpoint,epoch_1,1,1,0.158200,0.158200,0.158200,22600.000000,22600.000000,22600.000000,0.000700,0.000700
odom_position_endpoint,epoch_2,1,1,0.081352,0.081352,0.081352,5.408311,5.408311,5.408311,1.504200,1.504200
odom_position_endpoint,epoch_3,1,1,0.149895,0.149895,0.149895,5.047659,5.047659,5.047659,2.969600,2.969600
odom_position_endpoint,epoch_4,1,1,0.019991,0.019991,0.019991,0.398688,0.398688,0.398688,5.014200,5.014200
odom_position_endpoint,epoch_5,1,1,0.206767,0.206767,0.206767,2.668346,2.668346,2.668346,7.748900,7.748900
odom_position_endpoint,epoch_6,1,1,0.191302,0.191302,0.191302,1.544289,1.544289,1.544289,12.387700,12.387700
odom_position_endpoint,epoch_7,1,1,0.367739,0.367739,0.367739,1.940433,1.940433,1.940433,18.951400,18.951400
odom_position_endpoint,epoch_8,1,1,0.409360,0.409360,0.409360,1.345870,1.345870,1.345870,30.416000,30.416000
odom_position_endpoint,epoch_9,1,1,0.470944,0.470944,0.470944,1.089959,1.089959,1.089959,43.207500,43.207500
odom_position_endpoint,epoch_10,1,1,0.038979,0.038979,0.038979,0.049902,0.049902,0.049902,78.110800,78.110800
odom_position_endpoint,epoch_11,1,1,0.677181,0.677181,0.677181,0.661058,0.661058,0.661058,102.439000,102.439000
odom_position_endpoint,epoch_12,1,1,1.763187,1.763187,1.763187,0.771104,0.771104,0.771104,228.657501,228.657501
odom_position_endpoint,epoch_13,1,1,0.076149,0.076149,0.076149,1.292717,1.292717,1.292717,5.890600,5.890600
odom_position_endpoint,epoch_14,1,1,0.132213,0.132213,0.132213,1.803607,1.803607,1.803607,7.330500,7.330500
odom_position_endpoint,epoch_15,1,1,0.192013,0.192013,0.192013,2.161777,2.161777,2.161777,8.882200,8.882200
odom_position_endpoint,epoch_16,1,1,0.157216,0.157216,0.157216,1.409326,1.409326,1.409326,11.155400,11.155400
odom_position_endpoint,epoch_17,1,1,0.154701,0.154701,0.154701,1.002664,1.002664,1.002664,15.429000,15.429000
odom_position_endpoint,epoch_18,1,1,0.175824,0.175824,0.175824,0.903862,0.903862,0.903862,19.452500,19.452500
odom_position_endpoint,epoch_19,1,1,0.315286,0.315286,0.315286,1.040626,1.040626,1.040626,30.297700,30.297700
odom_position_endpoint,epoch_20,1,1,0.415263,0.415263,0.415263,1.126090,1.126090,1.126090,36.876500,36.876500
odom_position_endpoint,epoch_21,1,1,0.025475,0.025475,0.025475,0.049048,0.049048,0.049048,51.938100,51.938100
odom_position_endpoint,epoch_22,1,1,0.233438,0.233438,0.233438,0.292704,0.292704,0.292704,79.752000,79.752000
odom_position_endpoint,epoch_23,1,1,0.544474,0.544474,0.544474,0.484152,0.484152,0.484152,112.459200,112.459200
odom_position_endpoint,epoch_24,1,1,2.077805,2.077805,2.077805,0.908434,0.908434,0.908434,228.723701,228.723701
odom_position_endpoint,epoch_25,1,1,0.045415,0.045415,0.045415,0.409011,0.409011,0.409011,11.103700,11.103700
odom_position_endpoint,epoch_26,1,1,0.156841,0.156841,0.156841,1.252496,1.252496,1.252496,12.522300,12.522300
odom_position_endpoint,epoch_27,1,1,0.219921,0.219921,0.219921,1.624736,1.624736,1.624736,13.535800,13.535800
odom_position_endpoint,epoch_28,1,1,0.216614,0.216614,0.216614,1.407753,1.407753,1.407753,15.387200,15.387200
odom_position_endpoint,epoch_29,1,1,0.267499,0.267499,0.267499,1.451778,1.451778,1.451778,18.425600,18.425600
odom_position_endpoint,epoch_30,1,1,0.259464,0.259464,0.259464,1.097386,1.097386,1.097386,23.643800,23.643800
odom_position_endpoint,epoch_31,1,1,0.075395,0.075395,0.075395,0.272088,0.272088,0.272088,27.709700,27.709700
odom_position_endpoint,epoch_32,1,1,0.125955,0.125955,0.125955,0.334415,0.334415,0.334415,37.664400,37.664400
odom_position_endpoint,epoch_33,1,1,1.056409,1.056409,1.056409,1.941053,1.941053,1.941053,54.424500,54.424500
odom_position_endpoint,epoch_34,1,1,0.186778,0.186778,0.186778,0.228275,0.228275,0.228275,81.821400,81.821400
odom_position_endpoint,epoch_35,1,1,2.673076,2.673076,2.673076,2.279605,2.279605,2.279605,117.260500,117.260500
odom_position_endpoint,epoch_36,1,1,9.943600,9.943600,9.943600,4.253368,4.253368,4.253368,233.781801,233.781801
odom_position_endpoint,epoch_37,1,1,0.145862,0.145862,0.145862,0.759332,0.759332,0.759332,19.209300,19.209300
odom_position_endpoint,epoch_38,1,1,0.424977,0.424977,0.424977,2.391650,2.391650,2.391650,17.769200,17.769200
odom_position_endpoint,epoch_39,1,1,0.175391,0.175391,0.175391,0.905606,0.905606,0.905606,19.367300,19.367300
odom_position_endpoint,epoch_40,1,1,0.175209,0.175209,0.175209,0.821273,0.821273,0.821273,21.333800,21.333800
odom_position_endpoint,epoch_41,1,1,0.340716,0.340716,0.340716,1.342605,1.342605,1.342605,25.377200,25.377200
odom_position_endpoint,epoch_42,1,1,0.166221,0.166221,0.166221,0.648057,0.648057,0.648057,25.649100,25.649100
odom_position_endpoint,epoch_43,1,1,0.254805,0.254805,0.254805,0.794825,0.794825,0.794825,32.058000,32.058000
odom_position_endpoint,epoch_44,1,1,0.124180,0.124180,0.124180,0.298524,0.298524,0.298524,41.597900,41.597900
odom_position_endpoint,epoch_45,1,1,0.320829,0.320829,0.320829,0.586676,0.586676,0.586676,54.685900,54.685900
odom_position_endpoint,epoch_46,1,1,0.716718,0.716718,0.716718,0.847163,0.847163,0.847163,84.602200,84.602200
odom_position_endpoint,epoch_47,1,1,1.653818,1.653818,1.653818,1.199388,1.199388,1.199388,137.888500,137.888500
odom_position_endpoint,epoch_48,1,1,9.624318,9.624318,9.624318,4.164300,4.164300,4.164300,231.114901,231.114901
odom_position_endpoint,epoch_49,1,1,0.356741,0.356741,0.356741,1.479167,1.479167,1.479167,24.117700,24.117700
odom_position_endpoint,epoch_50,1,1,0.292419,0.292419,0.292419,1.087099,1.087099,1.087099,26.899000,26.899000
odom_position_endpoint,epoch_51,1,1,0.248072,0.248072,0.248072,0.808479,0.808479,0.808479,30.683800,30.683800
odom_position_endpoint,epoch_52,1,1,0.469574,0.469574,0.469574,1.463918,1.463918,1.463918,32.076500,32.076500
odom_position_endpoint,epoch_53,1,1,0.384995,0.384995,0.384995,1.114284,1.114284,1.114284,34.550900,34.550900
odom_position_endpoint,epoch_54,1,1,0.136951,0.136951,0.136951,0.421040,0.421040,0.421040,32.526800,32.526800
odom_position_endpoint,epoch_55,1,1,0.395298,0.395298,0.395298,1.007389,1.007389,1.007389,39.239900,39.239900
odom_position_endpoint,epoch_56,1,1,0.222424,0.222424,0.222424,0.490760,0.490760,0.490760,45.322300,45.322300
odom_position_endpoint,epoch_57,1,1,0.805851,0.805851,0.805851,1.412028,1.412028,1.412028,57.070500,57.070500
odom_position_endpoint,epoch_58,1,1,0.003202,0.003202,0.003202,0.003821,0.003821,0.003821,83.798100,83.798100
odom_position_endpoint,epoch_59,1,1,1.259602,1.259602,1.259602,0.990891,0.990891,0.990891,127.118100,127.118100
odom_position_endpoint,epoch_60,1,1,3.194703,3.194703,3.194703,1.350184,1.350184,1.350184,236.612501,236.612501
odom_position_endpoint,epoch_61,1,1,0.321501,0.321501,0.321501,0.776537,0.776537,0.776537,41.401900,41.401900
odom_position_endpoint,epoch_62,1,1,0.139326,0.139326,0.139326,0.181461,0.181461,0.181461,76.780100,76.780100
odom_position_endpoint,epoch_63,1,1,0.304393,0.304393,0.304393,0.663312,0.663312,0.663312,45.889900,45.889900
odom_position_endpoint,epoch_64,1,1,0.177510,0.177510,0.177510,0.365557,0.365557,0.365557,48.558600,48.558600
odom_position_endpoint,epoch_65,1,1,0.541427,0.541427,0.541427,1.015905,1.015905,1.015905,53.295000,53.295000
odom_position_endpoint,epoch_66,1,1,0.255200,0.255200,0.255200,0.495336,0.495336,0.495336,51.520600,51.520600
odom_position_endpoint,epoch_67,1,1,0.019774,0.019774,0.019774,0.033045,0.033045,0.033045,59.840700,59.840700
odom_position_endpoint,epoch_68,1,1,1.559719,1.559719,1.559719,1.822673,1.822673,1.822673,85.573200,85.573200
odom_position_endpoint,epoch_69,1,1,0.352509,0.352509,0.352509,0.560233,0.560233,0.560233,62.921900,62.921900
odom_position_endpoint,epoch_70,1,1,0.022118,0.022118,0.022118,0.026405,0.026405,0.026405,83.763400,83.763400
odom_position_endpoint,epoch_71,1,1,0.016611,0.016611,0.016611,0.012825,0.012825,0.012825,129.522100,129.522100
odom_position_endpoint,epoch_72,1,1,5.603448,5.603448,5.603448,2.341365,2.341365,2.341365,239.324001,239.324001
odom_position_endpoint,epoch_73,1,1,0.778778,0.778778,0.778778,1.049812,1.049812,1.049812,74.182600,74.182600
odom_position_endpoint,epoch_74,1,1,0.978995,0.978995,0.978995,1.404959,1.404959,1.404959,69.681400,69.681400
odom_position_endpoint,epoch_75,1,1,0.109369,0.109369,0.109369,0.151417,0.151417,0.151417,72.230200,72.230200
odom_position_endpoint,epoch_76,1,1,1.037191,1.037191,1.037191,1.496379,1.496379,1.496379,69.313400,69.313400
odom_position_endpoint,epoch_77,1,1,0.828566,0.828566,0.828566,1.073587,1.073587,1.073587,77.177300,77.177300
odom_position_endpoint,epoch_78,1,1,0.525488,0.525488,0.525488,0.669163,0.669163,0.669163,78.529100,78.529100
odom_position_endpoint,epoch_79,1,1,0.321054,0.321054,0.321054,0.353033,0.353033,0.353033,90.941700,90.941700
odom_position_endpoint,epoch_80,1,1,0.075085,0.075085,0.075085,0.069376,0.069376,0.069376,108.227700,108.227700
odom_position_endpoint,epoch_81,1,1,0.971497,0.971497,0.971497,1.000033,1.000033,1.000033,97.146500,97.146500
odom_position_endpoint,epoch_82,1,1,0.332373,0.332373,0.332373,0.338749,0.338749,0.338749,98.117900,98.117900
odom_position_endpoint,epoch_83,1,1,0.076193,0.076193,0.076193,0.055691,0.055691,0.055691,136.813901,136.813901
odom_position_endpoint,epoch_84,1,1,0.798998,0.798998,0.798998,0.319806,0.319806,0.319806,249.838302,249.838302
odom_position_endpoint,epoch_85,1,1,0.136364,0.136364,0.136364,0.752227,0.752227,0.752227,18.128000,18.128000
odom_position_endpoint,epoch_86,1,1,0.194243,0.194243,0.194243,1.111802,1.111802,1.111802,17.471035,17.471035
odom_position_endpoint,epoch_87,1,1,0.366030,0.366030,0.366030,2.115623,2.115623,2.115623,17.301300,17.301300
odom_position_endpoint,epoch_88,1,1,14.910326,14.910326,14.910326,125.007004,125.007004,125.007004,11.927592,11.927592
odom_position_endpoint,epoch_89,1,1,14.558573,14.558573,14.558573,122.732057,122.732057,122.732057,11.862078,11.862078
odom_position_endpoint,epoch_90,1,1,0.346600,0.346600,0.346600,1.243391,1.243391,1.243391,27.875400,27.875400
odom_position_endpoint,epoch_91,1,1,0.076420,0.076420,0.076420,0.270748,0.270748,0.270748,28.225710,28.225710
odom_position_endpoint,epoch_92,1,1,0.105641,0.105641,0.105641,0.386284,0.386284,0.386284,27.347949,27.347949
odom_position_endpoint,epoch_93,1,1,0.296780,0.296780,0.296780,1.045376,1.045376,1.045376,28.389809,28.389809
odom_position_endpoint,epoch_94,1,1,0.046034,0.046034,0.046034,0.164169,0.164169,0.164169,28.040545,28.040545
odom_position_endpoint,epoch_95,1,1,0.134037,0.134037,0.134037,0.247219,0.247219,0.247219,54.218000,54.218000
odom_position_endpoint,epoch_96,1,1,0.550279,0.550279,0.550279,1.049732,1.049732,1.049732,52.420886,52.420886
odom_position_endpoint,epoch_97,1,1,0.239247,0.239247,0.239247,0.473507,0.473507,0.473507,50.526543,50.526543
odom_position_endpoint,epoch_98,1,1,0.575435,0.575435,0.575435,1.127009,1.127009,1.127009,51.058644,51.058644
odom_position_endpoint,epoch_99,1,1,0.689143,0.689143,0.689143,1.322782,1.322782,1.322782,52.098031,52.098031
odom_position_endpoint,epoch_100,1,1,0.534732,0.534732,0.534732,0.690779,0.690779,0.690779,77.410000,77.410000
odom_position_endpoint,epoch_101,1,1,0.760012,0.760012,0.760012,0.980551,0.980551,0.980551,77.508688,77.508688
odom_position_endpoint,epoch_102,1,1,0.951865,0.951865,0.951865,1.177636,1.177636,1.177636,80.828430,80.828430
odom_position_endpoint,epoch_103,1,1,1.206104,1.206104,1.206104,1.591728,1.591728,1.591728,75.773253,75.773253
odom_position_endpoint,epoch_104,1,1,0.104070,0.104070,0.104070,0.141062,0.141062,0.141062,73.776097,73.776097
relative_error_metrics=sdu_apex_autodrive/artifacts/calibration/derived/identification_grid_full_20260904/relative_error.csv
speed_mps,throttle,speed_std_mps,samples
0.000000,0.000000,0.000000,32
0.753700,0.030000,0.000000,32
1.993000,0.060000,0.000000,33
2.488400,0.100000,0.000133,33
3.711300,0.150000,0.000294,35
4.922600,0.200000,0.000279,42
7.313800,0.300000,0.011259,48
9.663300,0.400000,0.059033,62
11.972500,0.500000,0.174895,78
15.361000,0.650000,0.447915,109
18.655500,0.800000,0.965366,151
22.883500,1.000000,1.684451,305
feedforward_table=sdu_apex_autodrive/artifacts/calibration/derived/identification_grid_full_20260904/feedforward.csv
motion_regime,events,duration_s,truth_speed_median_mps,odom_speed_mae_mps,odom_speed_p95_abs_error_mps,error_samples
high_curvature_turn,23,0.107952,0.416441,7.336415,8.494084,23
high_lateral_acceleration,809,11.313939,5.619249,0.261748,0.527962,809
high_longitudinal_slip,12168,109.235511,8.353250,0.150567,0.511241,12168
low_curvature_turn,7,0.002433,1.336205,6.649665,8.274296,7
simulator_reset,2121,48.188942,0.000100,0.002847,0.009000,2121
stationary,24838,612.708160,0.000000,0.020517,0.003300,24838
straight_accelerating,4317,42.022510,9.495300,0.174111,0.586858,4317
straight_coasting,3262,75.537854,4.744100,0.212035,0.502705,3262
straight_steady,15615,113.575281,7.487000,0.120696,0.464621,15615
motion_regime_metrics=sdu_apex_autodrive/artifacts/calibration/derived/identification_grid_full_20260904/regime.csv
