time_s,node_time_s,closest_range_m,closest_angle_rad,target_angle_rad,raw_steering_rad,commanded_steering_rad,commanded_speed_mps,recovery_sign,front_left_clearance_m,front_right_clearance_m,rear_left_context_m,rear_right_context_m,gap_start_rad,gap_end_rad,gap_min_range_m,gap_max_range_m,gap_width_rad,gap_count,emergency_stop,footprint_limited,side_recovery,valid_beam_count,disparity_blocked_beam_count
1788870438.070835,1788870438.0703044,0.8598265051841736,-1.5664284857921302,0.13968044711301264,0.4469774307616405,0.08000000000000002,0.23399999999999999,0.0,1.0241880226135254,0.8719181227684021,0.0,0.0,0.06981767527759075,2.356198977679014,0.9800079870223999,9.784339408874512,2.2863813024014235,2.0,0.0,0.0,0.0,670.0,10.0
1788870438.1465826,1788870438.146375,0.8598265051841736,-1.5664284857921302,0.1396807911653574,0.4469782014388927,0.3236856256,0.23399999999999999,0.0,1.0241889762878418,0.871917884349823,0.0,0.0,0.06981767527759075,2.356198977679014,0.9800079870223999,9.784367065429688,2.2863813024014235,2.0,0.0,0.0,0.0,670.0,10.0
1788870438.213393,1788870438.2132158,0.8598284125328064,-1.5664284857921302,0.13967897547363317,0.44697436549260616,0.44697436549260616,0.23399999999999999,0.0,1.024185996055603,0.8719200897216797,0.0,0.0,0.06981767527759075,2.356198977679014,0.9800059604644775,9.784301261901856,2.2863813024014235,2.0,0.0,0.0,0.0,670.0,10.0
1788870438.2782176,1788870438.2780962,0.8604583740234375,-1.5707918088883162,0.13544096339078934,0.43748006764315,0.43748006764315,0.23399999999999999,0.0,1.0226859855651855,0.8732148814201355,0.0,0.0,0.06545435218140483,2.356198977679014,0.9795266199111938,9.874437789916993,2.2907446254976094,2.0,0.0,0.0,0.0,671.0,11.0
1788870438.3367527,1788870438.3366373,0.8618299961090088,-1.5707918088883162,0.1319460619389441,0.4268031990361798,0.4268031990361798,0.23399999999999999,0.0,1.019705991744995,0.8759522843360901,0.0,0.0,0.061091029085218906,2.356198977679014,0.9782752799987793,9.81104419708252,2.2951079485937953,2.0,0.0,0.0,0.0,670.0,10.0
1788870438.4042597,1788870438.404152,0.8670569062232971,-1.5707918088883162,0.11511250924014754,0.38589298040878445,0.38589298040878445,0.23399999999999999,0.0,1.009505968093872,0.8859476256370544,0.0,0.0,0.043637736700475216,2.356198977679014,0.9733075904846191,9.749405364990235,2.312561240978539,2.0,0.0,0.0,0.0,670.0,11.0
1788870438.4657052,1788870438.465582,0.8718317151069641,-1.5707918088883162,0.09602490303599613,0.3308636769232667,0.3308636769232667,0.25987739260725484,0.0,1.0011800336837768,0.8947313237190246,0.0,0.0,0.026184444315731525,2.356198977679014,0.9691034960746765,9.879420738220215,2.3300145333632827,2.0,0.0,0.0,0.0,671.0,11.0
1788870438.531417,1788870438.5312412,0.8794772028923035,-1.5707918088883162,0.07650290457432868,0.27062560932347623,0.27062560932347623,0.3035948595436956,0.0,0.9891589689254761,0.9084371733665466,0.0,0.0,0.004367828834801912,2.356198977679014,0.9626961755752563,9.850274543762207,2.3518311488442123,2.0,0.0,0.0,0.0,670.0,11.0
1788870438.607489,1788870438.6073117,0.887143611907959,-1.5707918088883162,0.052117944943575134,0.1979318794706512,0.1979318794706512,0.35635195913130735,0.0,0.9783881711959839,0.9217697191238403,0.0,0.0,-0.0174487866461277,2.356198977679014,0.9565468835830688,9.94746063232422,2.373647764325142,2.0,0.0,0.0,0.0,671.0,10.0
1788870438.6917653,1788870438.6884747,0.8950753808021545,-1.5707918088883162,0.032348243017163554,0.13183962819964173,0.13183962819964173,0.40431806967940437,0.0,0.9682724285125732,0.9351771283149719,0.0,0.0,-0.03490207903087139,2.356198977679014,0.9504064726829529,9.864860038757325,2.3911010567098856,2.0,0.0,0.0,0.0,671.0,10.0
1788870438.8455684,1788870438.8452816,0.9037129282951355,-1.5707918088883162,0.0163197051382152,0.07610802796949456,0.07610802796949456,0.4447649911604126,0.0,0.9581659841537475,0.9493176746368408,0.0,0.0,-0.05235537141561508,2.356198977679014,0.9438882875442505,9.815392951965332,2.4085543490946293,2.0,0.0,0.0,0.0,670.0,11.0
1788870438.9330354,1788870438.9329016,0.9124022126197815,-1.5707918088883162,-0.0014078572234357003,0.019678808210352405,0.019678808210352405,0.4857182064172385,0.0,0.9487812924385071,0.9624010133743286,0.0,0.0,-0.06544534070417285,2.356198977679014,0.9373485851287842,9.760293464660645,2.421644318383187,2.0,0.0,0.0,0.0,670.0,10.0
1788870439.003755,1788870439.0033462,0.912385880947113,-1.5707918088883162,-0.0013967445950161816,0.0027749345702694755,0.0027749345702694755,0.497986105544877,0.0,0.9487994718551636,0.9623861122131347,0.0,0.0,-0.06544534070417285,2.356198977679014,0.9373705196380615,9.759815673828125,2.421644318383187,2.0,0.0,0.0,0.0,670.0,10.0
1788870439.0796373,1788870439.0794914,0.9143105149269104,-1.5707918088883162,-0.006007706992521177,-0.012624783292166592,-0.012624783292166592,0.49083762862676983,0.0,0.9467171835899353,0.9651084947586059,0.0,0.0,-0.06980866380035877,2.356198977679014,0.9358796286582947,9.870023231506348,2.426007641479373,2.0,0.0,0.0,0.0,671.0,10.0
1788870439.1382709,1788870439.1381927,0.9192891716957092,-1.5707918088883162,-0.010629714384922231,-0.027597995209875777,-0.027597995209875777,0.47997089728847825,0.0,0.9415107178688049,0.9710730123519897,0.0,0.0,-0.0741719868965447,2.356198977679014,0.9317900943756103,9.960541229248047,2.430370964575559,2.0,0.0,0.0,0.0,671.0,10.0
1788870439.2140286,1788870439.2138803,0.9258291721343994,-1.5707918088883162,-0.01292613457502324,-0.037233940011014786,-0.037233940011014786,0.4729776600378426,0.0,0.9347274112701416,0.9782118010520935,0.0,0.0,-0.0741719868965447,2.356198977679014,0.9251146721839905,9.869734268188477,2.430370964575559,2.0,0.0,0.0,0.0,671.0,11.0
1788870439.2771075,1788870439.2769804,0.9315325021743774,-1.5707918088883162,-0.016867772725572126,-0.048953992908586,-0.048953992908586,0.46447189208315,0.0,0.9288160014152527,0.9838069486618042,0.0,0.0,-0.0741719868965447,2.356198977679014,0.9190177130699158,9.913058738708497,2.430370964575559,2.0,0.0,0.0,0.0,671.0,10.0
1788870439.349922,1788870439.3497837,0.9349625706672668,-1.5707918088883162,-0.015015735816935445,-0.0483214461025112,-0.0483214461025112,0.4649309596658628,0.0,0.92527268409729,0.9866319704055786,0.0,0.0,-0.06980866380035877,2.356198977679014,0.9151075887680054,9.7770609664917,2.426007641479373,2.0,0.0,0.0,0.0,670.0,10.0
1788870439.4063601,1788870439.4062905,0.9328005909919739,1.4442644505761564,-0.01332263423345497,-0.044339134513692494,-0.044339134513692494,0.46782110176622776,0.0,0.9233022737503052,0.9879250335693359,0.0,0.0,-0.06980866380035877,2.356198977679014,0.9128005909919739,9.904965858459473,2.426007641479373,2.0,0.0,0.0,0.0,671.0,11.0
1788870439.475768,1788870439.475653,0.9299126863479614,1.4486277736723423,-0.012967300509760315,-0.042348493495970856,-0.042348493495970856,0.46926579921988365,0.0,0.9210840272903442,0.9888440179824829,0.0,0.0,-0.06544534070417285,2.356198977679014,0.9099126863479614,9.895513038635254,2.421644318383187,2.0,0.0,0.0,0.0,671.0,10.0
1788870439.5300376,1788870439.5299625,0.9280762076377869,1.4529910967685282,-0.00911027203315105,-0.03311155740304961,-0.03311155740304961,0.4759694579580618,0.0,0.9197109150886535,0.9893410015106201,0.0,0.0,-0.06108201760798693,2.356198977679014,0.9080762076377868,9.803920249938965,2.417280995287001,2.0,0.0,0.0,0.0,671.0,11.0
1788870439.5996897,1788870439.5995681,0.9253177046775818,1.4573544198647141,-0.006748866324208623,-0.0250509277871422,-0.0250509277871422,0.48181941833629865,0.0,0.917635600566864,0.9901950168609619,0.0,0.0,-0.056718694511801004,2.356198977679014,0.9053177046775818,9.786397438049317,2.412917672190815,2.0,0.0,0.0,0.0,671.0,11.0
1788870439.6546745,1788870439.654603,0.9235156774520874,1.4573544198647141,-0.004799564224968982,-0.01826630220007318,-0.01826630220007318,0.4867433253704587,0.0,0.9162698197364807,0.9908100175857544,0.0,0.0,-0.056718694511801004,2.356198977679014,0.9035156774520874,9.945037345886231,2.412917672190815,2.0,0.0,0.0,0.0,671.0,11.0
1788870439.725367,1788870439.7252853,0.9206907153129578,1.4617177429609,-0.003417739152420722,-0.013135626361444372,-0.013135626361444372,0.490466886903459,0.0,0.9139749813079834,0.992220025062561,0.0,0.0,-0.05235537141561508,2.356198977679014,0.9006907153129577,9.85540340423584,2.4085543490946293,2.0,0.0,0.0,0.0,671.0,11.0
1788870439.7777944,1788870439.7774365,0.9187018275260925,1.466081066057086,-0.002679226157047229,-0.009942154500219106,-0.009942154500219106,0.4927845326392604,0.0,0.9122394728660583,0.9935289430618286,0.0,0.0,-0.05235537141561508,2.356198977679014,0.8987018275260925,9.933522682189942,2.4085543490946293,2.0,0.0,0.0,0.0,671.0,11.0
1788870439.8518429,1788870439.8516746,0.915592610836029,1.466081066057086,-0.0069732625564010945,-0.018602754476404183,-0.018602754476404183,0.48649914686586404,0.0,0.9094151067733764,0.9958779621124267,0.0,0.0,-0.05235537141561508,2.356198977679014,0.895592610836029,9.953344802856446,2.4085543490946293,2.0,0.0,0.0,0.0,672.0,11.0
1788870439.9064512,1788870439.9063718,0.913375973701477,1.466081066057086,-0.007220038443204595,-0.02175371245569955,-0.02175371245569955,0.4842123553606459,0.0,0.9073179173469543,0.997753005027771,0.0,0.0,-0.05235537141561508,2.356198977679014,0.893375973701477,9.9540629196167,2.4085543490946293,2.0,0.0,0.0,0.0,672.0,11.0
1788870439.9768674,1788870439.976458,0.9099295139312744,1.470444389153272,-0.008197835652529253,-0.024889265598375395,-0.024889265598375395,0.4819367438361676,0.0,0.9040046739578247,1.00080500125885,0.0,0.0,-0.05235537141561508,2.356198977679014,0.8899295139312744,9.945805053710938,2.4085543490946293,2.0,0.0,0.0,0.0,672.0,11.0
1788870440.0311592,1788870440.031081,0.9078599810600281,1.470444389153272,-0.008045022515293694,-0.025487630113770494,-0.025487630113770494,0.4815024838746509,0.0,0.9021230745315552,1.0023779678344726,0.0,0.0,-0.05235537141561508,2.356198977679014,0.8878599810600281,9.957815628051758,2.4085543490946293,2.0,0.0,0.0,0.0,672.0,11.0
1788870440.101543,1788870440.1014009,0.9050015211105347,1.470444389153272,-0.011902155989695943,-0.034307118451050056,-0.034307118451050056,0.47510178569251527,0.0,0.8995899963378906,1.0043699550628662,0.0,0.0,-0.04799204831942916,2.356198977679014,0.8850015211105347,9.856766204833985,2.4041910259984434,2.0,0.0,0.0,0.0,672.0,11.0
1788870440.1555321,1788870440.155373,0.9032124876976013,1.4748077122494578,-0.010905882960148572,-0.03472131336604782,-0.03472131336604782,0.47480118586879644,0.0,0.8980666208267212,1.0054729986190796,0.0,0.0,-0.04799204831942916,2.356198977679014,0.8832124876976013,9.88254020690918,2.4041910259984434,2.0,0.0,0.0,0.0,672.0,11.0
1788870440.2271693,1788870440.2270937,0.9006357192993164,1.4748077122494578,-0.014107705259252767,-0.042017653790540545,-0.042017653790540545,0.469505904430089,0.0,0.8958973097801208,1.0070010232925415,0.0,0.0,-0.04799204831942916,2.356198977679014,0.8806357192993164,9.923858146667481,2.4041910259984434,2.0,0.0,0.0,0.0,673.0,11.0
1788870440.282634,1788870440.2824955,0.8991289138793945,1.4791710353456438,-0.011716222396800448,-0.03884963430599517,-0.03884963430599517,0.47180507823476286,0.0,0.8947772789001465,1.0075570154190063,0.0,0.0,-0.04799204831942916,2.356198977679014,0.8791289138793945,9.970597724914551,2.4041910259984434,2.0,0.0,0.0,0.0,673.0,11.0
1788870440.348133,1788870440.3480632,0.897017776966095,1.4835343584418297,-0.012346404970818393,-0.03931083742643175,-0.03931083742643175,0.4714703624483498,0.0,0.893256824016571,1.0082330513000488,0.0,0.0,-0.04362872522324324,2.356198977679014,0.877017776966095,9.911230545043946,2.3998277029022574,2.0,0.0,0.0,0.0,673.0,11.0
1788870440.400678,1788870440.4005704,0.8958184123039246,1.4835343584418297,-0.00819417555859749,-0.030148204479187903,-0.030148204479187903,0.47812009606170475,0.0,0.8925456213951111,1.0082829999923706,0.0,0.0,-0.04362872522324324,2.356198977679014,0.8758184123039245,9.975058059692383,2.3998277029022574,2.0,0.0,0.0,0.0,673.0,11.0
1788870440.4764347,1788870440.476368,0.8940861225128174,1.4878976815380156,-0.007823058932844299,-0.0265681133533276,-0.0265681133533276,0.48071832873517095,0.0,0.8915188121795654,1.0083950567245483,0.0,0.0,-0.039265402127057314,2.356198977679014,0.8740861225128174,9.930894355773926,2.3954643798060715,2.0,0.0,0.0,0.0,673.0,11.0
1788870440.5292368,1788870440.5291452,0.8930084109306335,1.4922610046342015,-0.024859970773655284,-0.06365676853898612,-0.06365676853898612,0.45380142848583893,0.0,0.8909259247779846,1.0083900499343872,0.0,0.0,-0.03490207903087139,2.356198977679014,0.8730084109306335,9.858196716308594,2.3911010567098856,2.0,0.0,0.0,0.0,673.0,0.0
1788870440.6007056,1788870440.6005895,0.8913015723228455,1.4966243277303874,-0.02505023113493548,-0.07520954830395131,-0.07520954830395131,0.4454170581445731,0.0,0.8898004102706909,1.0087920236587524,0.0,0.0,-0.03490207903087139,2.356198977679014,0.8713015723228454,9.922547798156739,2.3911010567098856,2.0,0.0,0.0,0.0,674.0,0.0
1788870440.675287,1788870440.675168,0.8895490765571594,1.4966243277303874,-0.021141068594374004,-0.06991885814258317,-0.06991885814258317,0.44925674924717035,0.0,0.8885360169410705,1.0071209478378296,0.0,0.0,-0.03490207903087139,2.356198977679014,0.8695490765571594,9.971973876953125,2.3911010567098856,2.0,0.0,0.0,0.0,674.0,0.0
1788870440.7290487,1788870440.7288783,0.8890485167503357,1.5009876508265734,-0.018893570789480663,-0.06329725601121164,-0.06329725601121164,0.4540623428490061,0.0,0.8895141887664795,1.0045879888534546,0.0,0.0,-0.03053875593468547,2.356198977679014,0.8690485167503357,9.938418846130372,2.3867377336136997,2.0,0.0,0.0,0.0,674.0,0.0
1788870440.800108,1788870440.7999847,0.8889868259429932,1.5097142970189452,-0.015023902060745928,-0.052642717419434375,-0.052642717419434375,0.4617948192907084,0.0,0.8941677021980285,0.999819974899292,0.0,0.0,-0.021812109742313623,2.356198977679014,0.8689868259429931,9.866163711547852,2.378011087421328,2.0,0.0,0.0,0.0,674.0,0.0
1788870440.8519535,1788870440.8518796,0.8890436887741089,1.5140776201151311,-0.011033556217333533,-0.04050798115265743,-0.04050798115265743,0.4706015415622425,0.0,0.8973405170440674,0.9966449546813965,0.0,0.0,-0.0174487866461277,2.356198977679014,0.8690436887741089,9.855947952270508,2.373647764325142,2.0,0.0,0.0,0.0,674.0,0.0
1788870440.924587,1788870440.924442,0.8891482949256897,1.522804266307503,-0.0035708770823118996,-0.020151159010175886,-0.020151159010175886,0.4853754002599946,0.0,0.9019979047775268,0.9920710134506225,0.0,0.0,-0.013085463549941778,2.356198977679014,0.8691482949256897,9.888971786499024,2.369284441228956,2.0,0.0,0.0,0.0,674.0,0.0
1788870440.976525,1788870440.9764516,0.889125406742096,1.522804266307503,-0.0018260914077168012,-0.010135792456338402,-0.010135792456338402,0.49264400089112187,0.0,0.904821674823761,0.9893259811401367,0.0,0.0,-0.013085463549941778,2.356198977679014,0.8691254067420959,9.97851417541504,2.369284441228956,2.0,0.0,0.0,0.0,675.0,0.0
1788870441.0503654,1788870441.050275,0.8888893127441406,1.527167589403689,0.001211536656385277,-0.0003268956265985005,-0.0003268956265985005,0.4997627571846688,0.0,0.908669810295105,0.9855899620056152,0.0,0.0,-0.008722140453755856,2.356198977679014,0.8688893127441406,9.944683532714844,2.36492111813277,2.0,0.0,0.0,0.0,675.0,0.0
1788870441.1047816,1788870441.1046674,0.88839191198349,1.5315309124998748,0.0030399019419578574,0.006711311662006051,0.006711311662006051,0.49512930016890316,0.0,0.9105008053779602,0.9837599802017212,0.0,0.0,-0.008722140453755856,2.356198977679014,0.86839191198349,9.96674774169922,2.36492111813277,2.0,0.0,0.0,0.0,675.0,0.0
1788870441.1743517,1788870441.1741815,0.8879647850990295,1.5664374972693622,-0.0005430426967048817,0.0007969778579828805,0.0007969778579828805,0.4994215974292714,0.0,0.9127579736709595,0.9814400482177734,0.0,0.0,-0.008722140453755856,2.356198977679014,0.8679647850990295,9.968840103149414,2.36492111813277,2.0,0.0,0.0,0.0,676.0,0.0
1788870441.2262776,1788870441.226206,0.8888735175132751,1.5664374972693622,-0.001405499359153867,-0.0029092252071097977,-0.0029092252071097977,0.49788864480767436,0.0,0.9138536262512207,0.9802479553222656,0.0,0.0,-0.008722140453755856,2.356198977679014,0.8688735175132751,9.945055465698243,2.36492111813277,2.0,0.0,0.0,0.0,676.0,0.0
1788870441.3011434,1788870441.3010497,0.8901624083518982,1.5664374972693622,-0.00036980510580301594,-0.0017011309991316948,-0.0017011309991316948,0.49876541294944604,0.0,0.9150389838218689,0.9788613128662109,0.0,0.0,-0.008722140453755856,2.356198977679014,0.8701624083518982,9.885637741088868,2.36492111813277,2.0,0.0,0.0,0.0,675.0,0.0
1788870441.3526683,1788870441.352606,0.8911035060882568,1.5664374972693622,-0.0019129715354086786,-0.004795395539054949,-0.004795395539054949,0.4965197664155063,0.0,0.9160042214393616,0.9777867007255554,0.0,0.0,-0.008722140453755856,2.356198977679014,0.8711035060882568,9.856941680908204,2.36492111813277,2.0,0.0,0.0,0.0,675.0,0.0
1788870441.425304,1788870441.425088,0.8926568031311035,1.5664374972693622,-0.002695922958489002,-0.00747748608873185,-0.00747748608873185,0.49457325302956817,0.0,0.9177089142799377,0.9759496259689331,0.0,0.0,-0.013085463549941778,2.356198977679014,0.8726568031311035,9.963851432800293,2.369284441228956,2.0,0.0,0.0,0.0,676.0,0.0
1788870441.4794195,1788870441.4791708,0.8936851024627686,1.5664374972693622,-0.0038501173173355135,-0.010867508617451106,-0.010867508617451106,0.49211296166036783,0.0,0.918821017742157,0.9747444796562195,0.0,0.0,-0.013085463549941778,2.356198977679014,0.8736851024627685,9.941539268493653,2.369284441228956,2.0,0.0,0.0,0.0,676.0,0.0
1788870441.5524454,1788870441.552268,0.8953235745429993,1.5664374972693622,-0.004637766948497675,-0.013648850549870124,-0.013648850549870124,0.490094417095205,0.0,0.9206663775444031,0.9727828907966614,0.0,0.0,-0.013085463549941778,2.356198977679014,0.8753235745429992,9.916970710754395,2.369284441228956,2.0,0.0,0.0,0.0,676.0,0.0
1788870441.6061332,1788870441.6060398,0.8964993953704834,1.5664374972693622,-0.013961401589967852,-0.03536819472648902,-0.03536819472648902,0.4743317150571699,0.0,0.9220434236526489,0.9713483262062073,0.0,0.0,-0.013085463549941778,2.356198977679014,0.8764993953704834,9.907474975585938,2.369284441228956,2.0,0.0,0.0,0.0,677.0,0.0
1788870441.6754346,1788870441.6753561,0.8984050750732422,1.5664374972693622,-0.013334437095545796,-0.04047959751196929,-0.04047959751196929,0.4706221408431086,0.0,0.9243498849868774,0.9689876246452331,0.0,0.0,-0.013085463549941778,2.356198977679014,0.8784050750732422,9.90395305633545,2.369284441228956,2.0,0.0,0.0,0.0,677.0,0.0
1788870441.7297792,1788870441.7296824,0.8997802734375,1.5664374972693622,-0.007756743383577134,-0.029518984432803565,-0.029518984432803565,0.47857674926572696,0.0,0.9260620284080505,0.9672645139694214,0.0,0.0,-0.013085463549941778,2.356198977679014,0.8797802734375,9.909166793823243,2.369284441228956,2.0,0.0,0.0,0.0,677.0,0.0
1788870441.800567,1788870441.8004856,0.9024745225906372,1.5664374972693622,-0.01104027328265535,-0.03358590748298906,-0.03358590748298906,0.4756252008335832,0.0,0.9298041272163391,0.9637061762809753,0.0,0.0,-0.013085463549941778,2.356198977679014,0.8824745225906372,9.97852752685547,2.369284441228956,2.0,0.0,0.0,0.0,678.0,0.0
1788870441.8521798,1788870441.8520691,0.904528021812439,1.5664374972693622,-0.001997894274281089,-0.014551055419286358,-0.014551055419286358,0.48943964656354316,0.0,0.9327230262756347,0.9609913039207458,0.0,0.0,-0.008722140453755856,2.356198977679014,0.884528021812439,9.908681373596192,2.36492111813277,2.0,0.0,0.0,0.0,677.0,0.0
1788870441.9244187,1788870441.9243405,0.9074282050132751,1.5664374972693622,-0.0008248502587290037,-0.006212981205338877,-0.006212981205338877,0.4954909609281345,0.0,0.9366547870635986,0.9572995114326477,0.0,0.0,-0.008722140453755856,2.356198977679014,0.8874282050132751,9.975368957519532,2.36492111813277,2.0,0.0,0.0,0.0,678.0,0.0
1788870441.977952,1788870441.977797,0.9094750285148621,1.5664374972693622,-0.006058340953241293,-0.015434578096862156,-0.015434578096862156,0.4887984345362727,0.0,0.9394483971595764,0.9547089743614197,0.0,0.0,-0.004358817357569933,2.356198977679014,0.889475028514862,9.890508155822754,2.360557795036584,2.0,0.0,0.0,0.0,678.0,0.0
1788870442.0491245,1788870442.0490124,0.9120864868164062,1.5664374972693622,-0.003889694176526827,-0.013343288384478742,-0.013343288384478742,0.4903161772610735,0.0,0.9426920223236084,0.9515797901153564,0.0,0.0,-0.004358817357569933,2.356198977679014,0.8920864868164062,9.911336402893067,2.360557795036584,2.0,0.0,0.0,0.0,678.0,0.0
1788870442.1004121,1788870442.100282,0.9136391878128052,1.5664374972693622,-0.003941012383074861,-0.01283085425343131,-0.01283085425343131,0.49068807368925915,0.0,0.944459478855133,0.9497952270507812,0.0,0.0,-0.004358817357569933,2.356198977679014,0.8936391878128052,9.901539306640625,2.360557795036584,2.0,0.0,0.0,0.0,678.0,0.0
1788870442.1732469,1788870442.173141,0.9162269234657288,1.5664374972693622,0.0023333238607237115,0.00137738917199172,0.00137738917199172,0.4990003669110832,0.0,0.9476005840301513,0.946746985912323,0.0,0.0,-0.004358817357569933,2.356198977679014,0.8962269234657287,9.91229103088379,2.360557795036584,2.0,0.0,0.0,0.0,678.0,0.0
1788870442.2257578,1788870442.2256186,0.917992115020752,1.5664374972693622,-0.005170614817558211,-0.011168960439732875,-0.011168960439732875,0.4918941845548157,0.0,0.9497266221046448,0.9446782279014587,0.0,0.0,-0.004358817357569933,2.356198977679014,0.8979921150207519,9.918040733337403,2.360557795036584,2.0,0.0,0.0,0.0,679.0,0.0
1788870442.300434,1788870442.300348,0.9207342267036438,1.5664374972693622,-0.0036112656541905457,-0.011439923197306686,-0.011439923197306686,0.4916975347307553,0.0,0.9530219841003418,0.9414818096160888,0.0,0.0,-0.004358817357569933,2.356198977679014,0.9007342267036438,9.926702003479004,2.360557795036584,2.0,0.0,0.0,0.0,679.0,0.0
1788870442.3543594,1788870442.3542876,0.922247588634491,1.5664374972693622,-0.004808588673407765,-0.014203215587625401,-0.014203215587625401,0.4896920895276974,0.0,0.9545982885360718,0.9398240852355957,0.0,0.0,-0.004358817357569933,2.356198977679014,0.902247588634491,9.898622970581055,2.360557795036584,2.0,0.0,0.0,0.0,679.0,0.0
1788870442.425722,1788870442.425509,0.9248555898666382,1.5664374972693622,-0.0043797346147845286,-0.014071570213404966,-0.014071570213404966,0.4897876304791942,0.0,0.9576257276535034,0.9368368792533874,0.0,0.0,-0.004358817357569933,2.356198977679014,0.9048555898666382,9.8920512008667,2.360557795036584,2.0,0.0,0.0,0.0,679.0,0.0
1788870442.4810636,1788870442.4809003,0.9266998171806335,1.5664374972693622,-0.003598385726409419,-0.01228185509117859,-0.01228185509117859,0.49108650700029055,0.0,0.9598111915588379,0.9347122716903686,0.0,0.0,-0.004358817357569933,2.356198977679014,0.9066998171806335,9.894149284362793,2.360557795036584,2.0,0.0,0.0,0.0,679.0,0.0
1788870442.5520353,1788870442.5519094,0.9295179843902588,1.5664374972693622,0.0019960935781710857,0.0007866930877496542,0.0007866930877496542,0.49942906154823363,0.0,0.9632029938697815,0.9314580965042114,0.0,0.0,-0.004358817357569933,2.356198977679014,0.9095179843902588,9.905193786621094,2.360557795036584,2.0,0.0,0.0,0.0,679.0,0.0
1788870442.6051733,1788870442.6049051,0.9293786883354187,-1.5053419624455273,-0.004874097437500683,-0.010681970333676634,-0.010681970333676634,0.4922476151130689,0.0,0.964994888305664,0.9292908120155334,0.0,0.0,-0.004358817357569933,2.356198977679014,0.9113974976539612,9.913558464050293,2.360557795036584,2.0,0.0,0.0,0.0,680.0,0.0
1788870442.6757696,1788870442.6756263,0.9264119267463684,-1.5009786393493414,-0.00357694762261191,-0.01121695377475367,-0.01121695377475367,0.4918593536394072,0.0,0.9661479997634888,0.9260002779960632,0.0,0.0,-0.004358817357569933,2.356198977679014,0.9142712759971618,9.920526008605957,2.360557795036584,2.0,0.0,0.0,0.0,680.0,0.0
1788870442.7283094,1788870442.7281926,0.924630880355835,-1.5009786393493414,-0.004875277446571453,-0.014285707612746158,-0.014285707612746158,0.489632221365845,0.0,0.9664084124565124,0.9241913962364197,0.0,0.0,-0.004358817357569933,2.356198977679014,0.9159301924705505,9.893518905639649,2.360557795036584,2.0,0.0,0.0,0.0,680.0,0.0
1788870442.799741,1788870442.7996783,0.9216942191123962,-1.5009786393493414,-0.004406496007696622,-0.01415626334106428,-0.01415626334106428,0.4897261648785248,0.0,0.9673694181442261,0.9210092830657959,0.0,0.0,-0.004358817357569933,2.356198977679014,0.9187509822845459,9.886825065612793,2.360557795036584,2.0,0.0,0.0,0.0,680.0,0.0
1788870442.8531144,1788870442.8530226,0.9196562767028809,-1.5009786393493414,-0.003786634671529944,-0.012728940666546357,-0.012728940666546357,0.4907620369494125,0.0,0.9681485104560852,0.9187707710266113,0.0,0.0,-0.004358817357569933,2.356198977679014,0.9207274127006531,9.888224105834961,2.360557795036584,2.0,0.0,0.0,0.0,680.0,0.0
1788870442.9244945,1788870442.9244432,0.9165667295455933,-1.4966153162531555,0.0014982141803037156,-0.0004626824360835849,-0.0004626824360835849,0.49966421060788435,0.0,0.9695002245903015,0.9153306293487549,0.0,0.0,-0.004358817357569933,2.356198977679014,0.9237549114227295,9.90008113861084,2.360557795036584,2.0,0.0,0.0,0.0,680.0,0.0
1788870442.9778686,1788870442.9777904,0.914503276348114,-1.4966153162531555,0.0024181306898010137,0.005277808014329196,0.005277808014329196,0.4961696580491881,0.0,0.9704338717460632,0.9130406188964844,0.0,0.0,-0.004358817357569933,2.356198977679014,0.9257725286483764,9.90902946472168,2.360557795036584,2.0,0.0,0.0,0.0,680.0,0.0
1788870443.0505285,1788870443.0504172,0.9113190174102783,-1.4966153162531555,0.003549925397254594,0.009535175294149049,0.009535175294149049,0.49307989569943345,0.0,0.9718375015258789,0.9095341968536377,0.0,0.0,-0.004358817357569933,2.356198977679014,0.928878288269043,9.918302993774414,2.360557795036584,2.0,0.0,0.0,0.0,680.0,0.0
1788870443.1041071,1788870443.104004,0.9093666076660156,-1.4966153162531555,0.0026543485346273176,0.008806293305809907,0.008806293305809907,0.49360887804391185,0.0,0.9723111796379089,0.9075307059288025,0.0,0.0,-0.004358817357569933,2.356198977679014,0.9307178068161011,9.895101051330567,2.360557795036584,2.0,0.0,0.0,0.0,680.0,0.0
1788870443.1763117,1788870443.1761363,0.9066224098205566,-1.4966153162531555,-0.00015743883604111585,0.002289224999010873,0.002289224999010873,0.498338606761604,0.0,0.9726521182060242,0.904822211265564,0.0,0.0,-0.004358817357569933,2.356198977679014,0.9312686133384704,9.84060905456543,2.360557795036584,2.0,0.0,0.0,0.0,680.0,0.0
1788870443.2285118,1788870443.228248,0.9049105048179626,-1.4966153162531555,-0.0021427972969883077,-0.004113098445550547,-0.004113098445550547,0.49701494001277846,0.0,0.9726503896713257,0.9032025146484375,0.0,0.0,-0.008722140453755856,2.356198977679014,0.9314495134353638,9.935018997192383,2.36492111813277,2.0,0.0,0.0,0.0,681.0,0.0
1788870443.2992258,1788870443.2991295,0.9023774266242981,-1.4966153162531555,-0.0022548204839758904,-0.006284727417771159,-0.006284727417771159,0.4954388914844289,0.0,0.9726251769065857,0.9008000898361206,0.0,0.0,-0.008722140453755856,2.356198977679014,0.9316884088516235,9.862575035095215,2.36492111813277,2.0,0.0,0.0,0.0,680.0,0.0
1788870443.3509586,1788870443.3508792,0.9005736112594604,-1.4966153162531555,-0.0034920930258257868,-0.009707706603181111,-0.009707706603181111,0.49295468199157977,0.0,0.9728706288337707,0.8989916253089905,0.0,0.0,-0.013085463549941778,2.356198977679014,0.9319702792167663,9.975763778686524,2.369284441228956,2.0,0.0,0.0,0.0,681.0,0.0
1788870443.425089,1788870443.4250152,0.8976796269416809,-1.4966153162531555,-0.004594932050195172,-0.013204959773391518,-0.013204959773391518,0.4904165685372636,0.0,0.9736196804046631,0.8990889000892639,0.0,0.0,-0.013085463549941778,2.356198977679014,0.9325907039642334,9.949194412231446,2.369284441228956,2.0,0.0,0.0,0.0,681.0,0.0
1788870443.4787018,1788870443.4785843,0.8956751227378845,-1.4966153162531555,-0.005099902612767979,-0.015385269784617728,-0.015385269784617728,0.48883421978962044,0.0,0.9742601919174194,0.9001977252960205,0.0,0.0,-0.013085463549941778,2.356198977679014,0.9330832171440124,9.938827018737793,2.369284441228956,2.0,0.0,0.0,0.0,681.0,0.0
1788870443.5514607,1788870443.551363,0.8925402164459229,-1.4966153162531555,-0.004822568854769061,-0.015418135170068015,-0.015418135170068015,0.4888103679056038,0.0,0.9754618811607361,0.901613872051239,0.0,0.0,-0.013085463549941778,2.356198977679014,0.9339567828178406,9.935806732177735,2.369284441228956,2.0,0.0,0.0,0.0,681.0,0.0
1788870443.6049933,1788870443.6049085,0.8903548717498779,-1.4966153162531555,-0.004287818871879431,-0.014230154824030332,-0.014230154824030332,0.48967253851579157,0.0,0.9764457154273987,0.9023719835281372,0.0,0.0,-0.013085463549941778,2.356198977679014,0.9346439051628113,9.943050842285157,2.369284441228956,2.0,0.0,0.0,0.0,681.0,0.0
1788870443.6759145,1788870443.6756837,0.8870605230331421,-1.4922519931569695,-0.0030409666118143483,-0.01108081165767324,-0.01108081165767324,0.49195815807884674,0.0,0.9780567097663879,0.903308789730072,0.0,0.0,-0.013085463549941778,2.356198977679014,0.9357614922523498,9.960721473693848,2.369284441228956,2.0,0.0,0.0,0.0,681.0,0.0
1788870443.7299795,1788870443.7298071,0.8848668932914734,-1.4922519931569695,-0.001992637676667098,-0.0077877518930362715,-0.0077877518930362715,0.4943480792220134,0.0,0.9791577267646789,0.9038678216934204,0.0,0.0,-0.013085463549941778,2.356198977679014,0.9365309286117554,9.973418693542481,2.369284441228956,2.0,0.0,0.0,0.0,681.0,0.0
1788870443.800512,1788870443.8004184,0.8820508718490601,-1.522795254830271,-0.004698375662968153,-0.012860687052959544,-0.012860687052959544,0.4906664226888376,0.0,0.9808039474487305,0.9047118234634399,0.0,0.0,-0.008722140453755856,2.356198977679014,0.9377038884162903,9.840580444335938,2.36492111813277,2.0,0.0,0.0,0.0,681.0,0.0
1788870443.8558857,1788870443.8555868,0.8809316158294678,-1.5489751934073865,-0.0044185914576892,-0.013755850981111673,-0.013755850981111673,0.49001676208399075,0.0,0.9818270015716553,0.9053963232040405,0.0,0.0,-0.008722140453755856,2.356198977679014,0.9384677815437317,9.843143920898438,2.36492111813277,2.0,0.0,0.0,0.0,681.0,0.0
1788870443.925255,1788870443.925142,0.8807036876678467,-1.5707918088883162,-0.004556962443032015,-0.014334351166725216,-0.014334351166725216,0.48959691855738047,0.0,0.9832470226287842,0.9066008138656616,0.0,0.0,-0.008722140453755856,2.356198977679014,0.9395792293548584,9.836450080871582,2.36492111813277,2.0,0.0,0.0,0.0,681.0,0.0
1788870443.9780335,1788870443.9779172,0.8815035820007324,-1.5707918088883162,-0.003891614037263823,-0.01301752079348853,-0.01301752079348853,0.4905526014103788,0.0,0.984412055015564,0.9071900057792663,0.0,0.0,-0.008722140453755856,2.356198977679014,0.9404384899139404,9.843723754882813,2.36492111813277,2.0,0.0,0.0,0.0,681.0,0.0
1788870444.050537,1788870444.0504568,0.8826255202293396,-1.5707918088883162,-0.0027423457808879934,-0.010048110787235665,-0.010048110787235665,0.49270763541033313,0.0,0.9862680244445801,0.9079714822769165,0.0,0.0,-0.008722140453755856,2.356198977679014,0.9418086814880371,9.857535820007325,2.36492111813277,2.0,0.0,0.0,0.0,681.0,0.0
1788870444.1056187,1788870444.1055162,0.8833091855049133,-1.5707918088883162,-0.0020696997798839278,-0.007650560743110698,-0.007650560743110698,0.4944476449916309,0.0,0.9875340270996094,0.9084210801124573,0.0,0.0,-0.008722140453755856,2.356198977679014,0.942745189666748,9.86814640045166,2.36492111813277,2.0,0.0,0.0,0.0,681.0,0.0
1788870444.1760895,1788870444.1759865,0.8843327164649963,-1.5707918088883162,-0.0010855661706810791,-0.004726836445258827,-0.004726836445258827,0.4965695228242965,0.0,0.9894369649887085,0.9091154742240906,0.0,0.0,-0.008722140453755856,2.356198977679014,0.9441757011413574,9.880936126708985,2.36492111813277,2.0,0.0,0.0,0.0,681.0,0.0
1788870444.2297945,1788870444.2296996,0.8850687742233276,-1.5707918088883162,-0.0009447563643581645,-0.0035343051897399366,-0.0035343051897399366,0.497434996233573,0.0,0.9906199979782104,0.9096919107437134,0.0,0.0,-0.008722140453755856,2.356198977679014,0.9451058912277222,9.88151309967041,2.36492111813277,2.0,0.0,0.0,0.0,681.0,0.0
1788870444.300289,1788870444.3002155,0.8862138986587524,-1.5707918088883162,-0.004182199679221795,-0.010428418838378804,-0.010428418838378804,0.4924316288033156,0.0,0.9923000144958496,0.9106548833847046,0.0,0.0,-0.008722140453755856,2.356198977679014,0.9464651751518249,9.874969940185547,2.36492111813277,2.0,0.0,0.0,0.0,682.0,0.0
1788870444.3551066,1788870444.3550124,0.8870363831520081,-1.5707918088883162,-0.004590540202545834,-0.01341133570521631,-0.01341133570521631,0.4902667922689416,0.0,0.9932900476455688,0.9114234852790832,0.0,0.0,-0.008722140453755856,2.356198977679014,0.9473134088516235,9.861935119628907,2.36492111813277,2.0,0.0,0.0,0.0,682.0,0.0
1788870444.4238591,1788870444.4237125,0.8882970809936523,-1.5707918088883162,-0.002120500330854676,-0.008773321452679369,-0.008773321452679369,0.49363280719629843,0.0,0.9947149562835693,0.9126344132423401,0.0,0.0,-0.013085463549941778,2.356198977679014,0.9485587882995605,9.972460250854493,2.369284441228956,2.0,0.0,0.0,0.0,682.0,0.0
1788870444.4748456,1788870444.474742,0.8889868259429932,-1.5707918088883162,-0.0018771686243060177,-0.00683685415424929,-0.00683685415424929,0.49503818835253105,0.0,0.9959579515457153,0.9131583976745605,0.0,0.0,-0.013085463549941778,2.356198977679014,0.9495405960083008,9.967641334533692,2.369284441228956,2.0,0.0,0.0,0.0,682.0,0.0
1788870444.5497577,1788870444.5496664,0.8898633122444153,-1.5707918088883162,-0.004073980066702871,-0.011176771595689219,-0.011176771595689219,0.4918885156486595,0.0,0.9980890560150146,0.9136873292922973,0.0,0.0,-0.013085463549941778,2.356198977679014,0.9511747765541076,9.970180969238282,2.369284441228956,2.0,0.0,0.0,0.0,683.0,0.0
1788870444.6056223,1788870444.6055095,0.8905082941055298,-1.5707918088883162,-0.0039005754961550657,-0.012090320590094112,-0.012090320590094112,0.49122551217678423,0.0,0.9993599462509155,0.9141859817504883,0.0,0.0,-0.013085463549941778,2.356198977679014,0.9522040295600891,9.963189582824707,2.369284441228956,2.0,0.0,0.0,0.0,683.0,0.0
1788870444.6755571,1788870444.6754742,0.8915225863456726,-1.5707918088883162,-0.00420429776528306,-0.01304472317126229,-0.01304472317126229,0.4905328594249815,0.0,1.0011540460586548,0.9150407719612121,0.0,0.0,-0.013085463549941778,2.356198977679014,0.9537005829811096,9.946520309448243,2.369284441228956,2.0,0.0,0.0,0.0,683.0,0.0
1788870444.7310314,1788870444.7309403,0.8921023011207581,-1.5707918088883162,-0.0038942161004847033,-0.012636461016464423,-0.012636461016464423,0.49082915357857815,0.0,1.002534966468811,0.915434877872467,0.0,0.0,-0.013085463549941778,2.356198977679014,0.954797785282135,9.943315010070801,2.369284441228956,2.0,0.0,0.0,0.0,683.0,0.0
1788870444.8030221,1788870444.8028798,0.8928881883621216,-1.5707918088883162,-0.003187080715728393,-0.010929999108170926,-0.010929999108170926,0.49206760950896683,0.0,1.0033310461044311,0.915907781124115,0.0,0.0,-0.013085463549941778,2.356198977679014,0.9565310287475586,9.941945533752442,2.369284441228956,2.0,0.0,0.0,0.0,683.0,0.0
1788870444.8606815,1788870444.8605537,0.8933572173118591,-1.5707918088883162,-0.002475063364079471,-0.008823141667989294,-0.008823141667989294,0.49359665043194056,0.0,1.0022159624099731,0.9161414909362793,0.0,0.0,-0.013085463549941778,2.356198977679014,0.9577445197105408,9.943642120361329,2.369284441228956,2.0,0.0,0.0,0.0,683.0,0.0
1788870444.9257393,1788870444.9256518,0.8940302133560181,-1.5707918088883162,-0.0018132055618469295,-0.00670852295893391,-0.00670852295893391,0.49513132405577753,0.0,1.0005670595169067,0.9164734888076782,0.0,0.0,-0.013085463549941778,2.356198977679014,0.9595979261398315,9.944899063110352,2.369284441228956,2.0,0.0,0.0,0.0,683.0,0.0
1788870444.9783673,1788870444.9782798,0.8944857716560364,-1.5707918088883162,-0.0014645382435642164,-0.005293122553264018,-0.005293122553264018,0.4961585436015272,0.0,0.9994400548934936,0.9167325901985168,0.0,0.0,-0.013085463549941778,2.356198977679014,0.9608266162872314,9.94251392364502,2.369284441228956,2.0,0.0,0.0,0.0,683.0,0.0
1788870445.0555754,1788870445.0554967,0.8951979279518127,-1.5707918088883162,-0.0012535612573027625,-0.004395913982337393,-0.004395913982337393,0.4968096880953243,0.0,0.9976800489425659,0.9172056722640991,0.0,0.0,-0.013085463549941778,2.356198977679014,0.9626391935348511,9.933102111816407,2.369284441228956,2.0,0.0,0.0,0.0,683.0,0.0
1788870445.1295114,1788870445.1293678,0.895959198474884,-1.5707918088883162,-0.0015077128442305468,-0.004696050965777643,-0.004696050965777643,0.4965918652272813,0.0,0.9958179998397827,0.9178007054328918,0.0,0.0,-0.013085463549941778,2.356198977679014,0.9643993782997131,9.916017036437989,2.369284441228956,2.0,0.0,0.0,0.0,683.0,0.0
1788870445.2041728,1788870445.2040164,0.8967489004135132,-1.5707918088883162,-0.0021458520054961506,-0.00621552378204467,-0.00621552378204467,0.49548911566620135,0.0,0.9938930082321167,0.9184707808494568,0.0,0.0,-0.013085463549941778,2.356198977679014,0.9661283898353576,9.893969039916993,2.369284441228956,2.0,0.0,0.0,0.0,683.0,0.0
1788870445.2792704,1788870445.279116,0.8975554704666138,-1.5707918088883162,-0.0030418880510434234,-0.00867848636895067,-0.00867848636895067,0.4937016332692871,0.0,0.9919270086288452,0.9191903877258301,0.0,0.0,-0.013085463549941778,2.356198977679014,0.9678386259078979,9.868472557067872,2.369284441228956,2.0,0.0,0.0,0.0,683.0,0.0
1788870445.35374,1788870445.3534055,0.8983305096626282,-1.5707918088883162,-0.003497924615699805,-0.010438897049852763,-0.010438897049852763,0.4924240242953704,0.0,0.990004997253418,0.9198617744445801,0.0,0.0,-0.0174487866461277,2.356198977679014,0.9660246777534485,9.968972663879395,2.373647764325142,2.0,0.0,0.0,0.0,684.0,0.0
1788870445.413987,1788870445.4137902,0.8988025188446045,-1.5707918088883162,-0.003789215615003838,-0.011619512092564427,-0.011619512092564427,0.4915671990160915,0.0,0.9887909698486328,0.9202320981025696,0.0,0.0,-0.0174487866461277,2.356198977679014,0.9647378134727478,9.956311683654786,2.373647764325142,2.0,0.0,0.0,0.0,684.0,0.0
1788870445.4781132,1788870445.4780116,0.899407684803009,-1.5707918088883162,-0.0038129456160054353,-0.012026851807621503,-0.012026851807621503,0.4912715743183801,0.0,0.9871289539337158,0.9206120777130127,0.0,0.0,-0.0174487866461277,2.356198977679014,0.962904314994812,9.944961051940918,2.373647764325142,2.0,0.0,0.0,0.0,684.0,0.0
1788870445.5552921,1788870445.5551221,0.8999068140983582,-1.5707918088883162,-0.003496546661886255,-0.011440320064911663,-0.011440320064911663,0.49169724670613746,0.0,0.985620002746582,0.9208246874809265,0.0,0.0,-0.0174487866461277,2.356198977679014,0.9611769723892212,9.939931373596192,2.373647764325142,2.0,0.0,0.0,0.0,684.0,0.0
1788870445.6124606,1788870445.6123269,0.9001927971839905,-1.5707918088883162,-0.003179790184555667,-0.010554826032878193,-0.010554826032878193,0.4923398894337401,0.0,0.9846780109405517,0.920896987915039,0.0,0.0,-0.0174487866461277,2.356198977679014,0.9600738096237182,9.938934783935547,2.373647764325142,2.0,0.0,0.0,0.0,684.0,0.0
1788870445.6785276,1788870445.6782598,0.9005640149116516,-1.5707918088883162,-0.004950628109583056,-0.014255854775329502,-0.014255854775329502,0.4896538869086608,0.0,0.9833379793167114,0.9209310817718506,0.0,0.0,-0.0174487866461277,2.356198977679014,0.9584734845161438,9.939150314331055,2.373647764325142,2.0,0.0,0.0,0.0,685.0,0.0
1788870445.7346215,1788870445.7345333,0.9007924199104309,-1.5707918088883162,-0.004601433233477702,-0.014583966875588904,-0.014583966875588904,0.489415761243843,0.0,0.9824590492248535,0.9209412741661072,0.0,0.0,-0.0174487866461277,2.356198977679014,0.9574237275123596,9.938539962768555,2.373647764325142,2.0,0.0,0.0,0.0,685.0,0.0
1788870445.8026924,1788870445.802578,0.9011303782463074,-1.5707918088883162,-0.004189836158902951,-0.013760423058619282,-0.013760423058619282,0.49001344392231605,0.0,0.9811249780654907,0.920981388092041,0.0,0.0,-0.0174487866461277,2.356198977679014,0.9558602976799011,9.934408645629883,2.373647764325142,2.0,0.0,0.0,0.0,685.0,0.0
1788870445.8711076,1788870445.868275,0.9012569189071655,-1.5707918088883162,-0.0034170880426923327,-0.011782404133216611,-0.011782404133216611,0.49144898095755857,0.0,0.9804110336303711,0.9208450126647949,0.0,0.0,-0.0174487866461277,2.356198977679014,0.9549423861503601,9.939240913391114,2.373647764325142,2.0,0.0,0.0,0.0,685.0,0.0
1788870445.9320393,1788870445.931861,0.9013410806655884,-1.5707918088883162,-0.0004625650923026939,-0.004570867046723018,-0.004570867046723018,0.4966827168110108,0.0,0.9797599720954895,0.9206598806381225,0.0,0.0,-0.0174487866461277,2.356198977679014,0.9540793108940124,9.945292930603028,2.373647764325142,2.0,0.0,0.0,0.0,685.0,0.0
1788870446.0151694,1788870446.0150096,0.9014577269554138,-1.5707918088883162,0.0003864989390458835,-0.0005055024905541265,-0.0005055024905541265,0.49963313417415856,0.0,0.9787422227859497,0.9213706064224243,0.0,0.0,-0.0174487866461277,2.356198977679014,0.952754418849945,9.951062660217286,2.373647764325142,2.0,0.0,0.0,0.0,685.0,0.0
1788870446.0787845,1788870446.0785532,0.9015756249427795,-1.5707918088883162,0.001049400412825161,0.0021990061775621224,0.0021990061775621224,0.49840408260604735,0.0,0.9776786971092224,0.9256043243408203,0.0,0.0,-0.0174487866461277,2.356198977679014,0.9514168906211853,9.95256088256836,2.373647764325142,2.0,0.0,0.0,0.0,685.0,0.0
1788870446.137982,1788870446.1370826,0.9018455147743225,-1.5707918088883162,0.0006464397879986633,0.0021077269783856428,0.0021077269783856428,0.49847032801415864,0.0,0.9763076710700989,0.9302701759338379,0.0,0.0,-0.0174487866461277,2.356198977679014,0.949936728477478,9.932971458435059,2.373647764325142,2.0,0.0,0.0,0.0,685.0,0.0
1788870446.2062905,1788870446.20613,0.9022570848464966,-1.5707918088883162,-0.0005897659796551231,-0.000688757700911783,-0.000688757700911783,0.49950013765021684,0.0,0.974676411151886,0.9352887082099914,0.0,0.0,-0.0174487866461277,2.356198977679014,0.9483189988136291,9.89743564605713,2.373647764325142,2.0,0.0,0.0,0.0,685.0,0.0
1788870446.2782934,1788870446.2782261,0.9027808904647827,-1.5707918088883162,-0.002507177653879455,-0.005822705254963514,-0.005822705254963514,0.4957742016866193,0.0,0.9728501844406128,0.940568904876709,0.0,0.0,-0.0174487866461277,2.356198977679014,0.9465915966033935,9.850920181274414,2.373647764325142,2.0,0.0,0.0,0.0,685.0,0.0
1788870446.3537717,1788870446.3533957,0.9033191800117493,-1.5707918088883162,-0.0041822217543806385,-0.011114988306301685,-0.011114988306301685,0.4919333545523403,0.0,0.9710088181495666,0.9458666849136352,0.0,0.0,-0.021812109742313623,2.356198977679014,0.9448497104644775,9.935112457275391,2.378011087421328,2.0,0.0,0.0,0.0,686.0,0.0
1788870446.411695,1788870446.4114494,0.9036300182342529,-1.5707918088883162,-0.005095809642152706,-0.014749110090312567,-0.014749110090312567,0.48929590940733614,0.0,0.9698716807365417,0.9492738056182861,0.0,0.0,-0.021812109742313623,2.356198977679014,0.9437355208396911,9.909347038269043,2.378011087421328,2.0,0.0,0.0,0.0,686.0,0.0
1788870446.4803813,1788870446.4802942,0.9041265249252319,-1.5707918088883162,-0.003712166239432463,-0.012739985403422489,-0.012739985403422489,0.49075402128857804,0.0,0.9684250164031982,0.954030077457428,0.0,0.0,-0.021812109742313623,2.356198977679014,0.9422089266777038,9.885711174011231,2.378011087421328,2.0,0.0,0.0,0.0,685.0,0.0
1788870446.5515597,1788870446.5514276,0.908382773399353,-1.5707918088883162,-0.005301323795012956,-0.015696960921855768,-0.015696960921855768,0.488608011554039,0.0,0.967364113330841,0.9582670140266418,0.0,0.0,-0.026175432838499546,2.356198977679014,0.9409031081199646,9.979552726745606,2.3823744105175138,2.0,0.0,0.0,0.0,687.0,0.0
1788870446.6056023,1788870446.60544,0.9110119938850403,-1.5707918088883162,-0.004521468547499252,-0.014837177822955057,-0.014837177822955057,0.4892319947045017,0.0,0.9668451952934265,0.9607955026626587,0.0,0.0,-0.026175432838499546,2.356198977679014,0.9401584076881409,9.977808456420899,2.3823744105175138,2.0,0.0,0.0,0.0,687.0,0.0
1788870446.6763377,1788870446.6761963,0.914993405342102,-1.5707918088883162,-0.0036967200562248144,-0.012731806272830102,-0.012731806272830102,0.49075995725042887,0.0,0.9660227108001709,0.9646733212471008,0.0,0.0,-0.026175432838499546,2.356198977679014,0.9390405225753784,9.971287231445313,2.3823744105175138,2.0,0.0,0.0,0.0,687.0,0.0
1788870446.7296057,1788870446.7295225,0.9175273776054382,-1.5707918088883162,-0.0029042241291308895,-0.010325003931102224,-0.010325003931102224,0.49250668163900146,0.0,0.9656101870536804,0.9670731830596924,0.0,0.0,-0.026175432838499546,2.356198977679014,0.9383867788314819,9.971514205932618,2.3823744105175138,2.0,0.0,0.0,0.0,687.0,0.0
1788870446.8025227,1788870446.8024197,0.9212260246276855,-1.5707918088883162,-0.0019034084888722097,-0.007361136194404418,-0.007361136194404418,0.4946576933654055,0.0,0.9650196242332458,0.9705924797058105,0.0,0.0,-0.026175432838499546,2.356198977679014,0.9374456214904785,9.968498687744141,2.3823744105175138,2.0,0.0,0.0,0.0,687.0,0.0
1788870446.8558917,1788870446.855798,0.9237874746322632,-1.5707918088883162,-0.0012623485643483943,-0.00503600164246173,-0.00503600164246173,0.49634514777667027,0.0,0.9645631122589111,0.9730778741836548,0.0,0.0,-0.026175432838499546,2.356198977679014,0.9367893147468567,9.961368064880372,2.3823744105175138,2.0,0.0,0.0,0.0,687.0,0.0
1788870446.9281523,1788870446.928067,0.9277536869049072,-1.5707918088883162,-0.0007831229233214648,-0.0032649958409786007,-0.0032649958409786007,0.4976304461047138,0.0,0.9637998747825622,0.9769890117645263,0.0,0.0,-0.026175432838499546,2.356198977679014,0.9357728767395019,9.946323852539063,2.3823744105175138,2.0,0.0,0.0,0.0,687.0,0.0
1788870446.982293,1788870446.9822176,0.930478572845459,-1.5707918088883162,-0.0007561138870534329,-0.00267319385929327,-0.00267319385929327,0.49805994334123105,0.0,0.9631817746162414,0.9797552037239075,0.0,0.0,-0.026175432838499546,2.356198977679014,0.9350467729568481,9.931151847839356,2.3823744105175138,2.0,0.0,0.0,0.0,687.0,0.0
1788870447.0504274,1788870447.0502787,0.9346246719360352,-1.5707918088883162,-0.0010020553724157618,-0.0030465621919992876,-0.0030465621919992876,0.4977889731990838,0.0,0.9632621812820434,0.9840249824523926,0.0,0.0,-0.026175432838499546,2.356198977679014,0.9339157748222351,9.904311637878418,2.3823744105175138,2.0,0.0,0.0,0.0,687.0,0.0
1788870447.1023378,1788870447.1022258,0.9374446272850037,-1.5707918088883162,-0.0015349172139871566,-0.0043521832169310165,-0.0043521832169310165,0.4968414254728155,0.0,0.9648281741142273,0.9869830417633056,0.0,0.0,-0.03053875593468547,2.356198977679014,0.9331245827674866,9.97031162261963,2.3867377336136997,2.0,0.0,0.0,0.0,688.0,0.0
1788870447.1751556,1788870447.1750202,0.9416943192481995,-1.5707918088883162,-0.002293733527031292,-0.006443618065629399,-0.006443618065629399,0.49532357741608257,0.0,0.9671426224708557,0.9914599466323852,0.0,0.0,-0.03053875593468547,2.356198977679014,0.9319252777099609,9.936478118896485,2.3867377336136997,2.0,0.0,0.0,0.0,688.0,0.0
1788870447.2353668,1788870447.2349355,0.9445090889930725,-1.5707918088883162,-0.0027492568707003,-0.008091420810057492,-0.008091420810057492,0.4941276930713868,0.0,0.9687127876281738,0.9944139528274536,0.0,0.0,-0.03053875593468547,2.356198977679014,0.9311399865150451,9.914637069702149,2.3867377336136997,2.0,0.0,0.0,0.0,688.0,0.0
1788870447.3200836,1788870447.319982,0.9486761093139648,-1.5707918088883162,-0.003366274965462568,-0.009967882165653398,-0.009967882165653398,0.4927658609187389,0.0,0.9711515712738037,0.9987519788742065,0.0,0.0,-0.03490207903087139,2.356198977679014,0.9300051736831665,9.972857933044434,2.3911010567098856,2.0,0.0,0.0,0.0,689.0,0.0
1788870447.3820803,1788870447.3819833,0.9493045806884766,1.5358942355960608,-0.003466804594636355,-0.010756006941681455,-0.010756006941681455,0.49219388342658715,0.0,0.9728920865058899,1.0015140581130981,0.0,0.0,-0.03490207903087139,2.356198977679014,0.9293045806884765,9.955838661193848,2.3911010567098856,2.0,0.0,0.0,0.0,689.0,0.0
1788870447.4531772,1788870447.4530773,0.9480038285255432,1.5358942355960608,-0.003312335659622355,-0.010646433960058514,-0.010646433960058514,0.4922734054529751,0.0,0.9765394735336304,1.0068570184707641,0.0,0.0,-0.03490207903087139,2.356198977679014,0.9280038285255432,9.925650100708008,2.3911010567098856,2.0,0.0,0.0,0.0,689.0,0.0
1788870447.5068326,1788870447.5067456,0.9474561810493469,1.5446208817884326,-0.00300710923228301,-0.009929854868331499,-0.009929854868331499,0.49279345903367844,0.0,0.9784980225563049,1.0093790102005005,0.0,0.0,-0.03490207903087139,2.356198977679014,0.9274561810493469,9.914161186218262,2.3911010567098856,2.0,0.0,0.0,0.0,689.0,0.0
1788870447.5761168,1788870447.5760372,0.9484363198280334,1.5664374972693622,-0.0022256405498834136,-0.007964391292238296,-0.007964391292238296,0.4942198840889027,0.0,0.9815480518341064,1.0130419540405273,0.0,0.0,-0.03490207903087139,2.356198977679014,0.9284363198280334,9.899260978698731,2.3911010567098856,2.0,0.0,0.0,0.0,689.0,0.0
1788870447.6301856,1788870447.630103,0.9501646161079407,1.5664374972693622,-0.0022140153874046476,-0.0073487118554579,-0.0073487118554579,0.4946667102653285,0.0,0.9835929679870605,1.0154750156402588,0.0,0.0,-0.039265402127057314,2.356198977679014,0.9301646161079407,9.97947452545166,2.3954643798060715,2.0,0.0,0.0,0.0,690.0,0.0
1788870447.7015727,1788870447.7014353,0.9527791142463684,1.5664374972693622,-0.0016161769025947136,-0.0058248498184495295,-0.0058248498184495295,0.495772645280728,0.0,0.9866720247268677,1.0191169786453247,0.0,0.0,-0.039265402127057314,2.356198977679014,0.9327791142463684,9.962831001281739,2.3954643798060715,2.0,0.0,0.0,0.0,690.0,0.0
1788870447.754417,1788870447.754339,0.9544932842254639,1.5664374972693622,-0.0015252629553909698,-0.0051640439656106315,-0.0051640439656106315,0.49625222172090905,0.0,0.9886519718170166,1.0216300296783447,0.0,0.0,-0.039265402127057314,2.356198977679014,0.9344932842254638,9.948433380126954,2.3954643798060715,2.0,0.0,0.0,0.0,690.0,0.0
1788870447.8240302,1788870447.823891,0.9570680260658264,1.5664374972693622,-0.0013683911542512546,-0.004614409375206,-0.004614409375206,0.496651116190645,0.0,0.9916080045700073,1.0254169511795044,0.0,0.0,-0.039265402127057314,2.356198977679014,0.9370680260658264,9.92546127319336,2.3954643798060715,2.0,0.0,0.0,0.0,690.0,0.0
1788870447.8772163,1788870447.8771205,0.958760678768158,1.5664374972693622,-0.0014382025378611469,-0.0046058964973707695,-0.0046058964973707695,0.49665729436783634,0.0,0.9935209560394287,1.028009991645813,0.0,0.0,-0.039265402127057314,2.356198977679014,0.9387606787681579,9.907574157714844,2.3954643798060715,2.0,0.0,0.0,0.0,690.0,0.0
1788870447.949735,1788870447.949637,0.9612969160079956,1.5664374972693622,-0.00038410926550340105,-0.0022421737039388496,-0.0022421737039388496,0.4983727539963774,0.0,0.9963710117340088,1.0319189834594726,0.0,0.0,-0.04362872522324324,2.356198977679014,0.9412969160079956,9.972090225219727,2.3998277029022574,2.0,0.0,0.0,0.0,691.0,0.0
1788870448.0012784,1788870448.001202,0.9629858732223511,1.5664374972693622,-0.0005469065929514381,-0.0018977228793928764,-0.0018977228793928764,0.4986227374060938,0.0,0.998259048461914,1.0356960105895996,0.0,0.0,-0.04362872522324324,2.356198977679014,0.9429858732223511,9.95238826751709,2.3998277029022574,2.0,0.0,0.0,0.0,691.0,0.0
1788870448.0754526,1788870448.075355,0.9655342102050781,1.5664374972693622,-0.0009178332470086542,-0.0026252633371172483,-0.0026252633371172483,0.49809472867054133,0.0,1.0011050510406494,1.0422880458831787,0.0,0.0,-0.04362872522324324,2.356198977679014,0.9455342102050781,9.922742347717286,2.3998277029022574,2.0,0.0,0.0,0.0,691.0,0.0
1788870448.127149,1788870448.1270447,0.9671807289123535,1.5664374972693622,-0.0018587276512074525,-0.004951128939839868,-0.004951128939839868,0.4964067437029428,0.0,1.002892951965332,1.0468200254440307,0.0,0.0,-0.04799204831942916,2.356198977679014,0.9471807289123535,9.956439476013184,2.4041910259984434,2.0,0.0,0.0,0.0,692.0,0.0
1788870448.2021887,1788870448.2020981,0.9696505069732666,1.5664374972693622,-0.003037728891893816,-0.008289851399794108,-0.008289851399794108,0.4939836830941143,0.0,1.005573968887329,1.0536180543899536,0.0,0.0,-0.05235537141561508,2.356198977679014,0.9496505069732666,9.970723609924317,2.4085543490946293,2.0,0.0,0.0,0.0,693.0,0.0
1788870448.2571409,1788870448.2570453,0.9713137149810791,1.5664374972693622,-0.0034152694087465412,-0.010137158895530485,-0.010137158895530485,0.4926430092049244,0.0,1.0073890495300293,1.0581170129776,0.0,0.0,-0.05235537141561508,2.356198977679014,0.9513137149810791,9.946428756713868,2.4085543490946293,2.0,0.0,0.0,0.0,693.0,0.0
1788870448.3298864,1788870448.3297043,0.9738870859146118,1.5664374972693622,-0.00420600840562731,-0.012462606497264321,-0.012462606497264321,0.490955327599388,0.0,1.0102530527114868,1.064691047668457,0.0,0.0,-0.056718694511801004,2.356198977679014,0.9538870859146118,9.964025955200196,2.412917672190815,2.0,0.0,0.0,0.0,694.0,0.0
1788870448.387794,1788870448.3874176,0.9757140278816223,1.5664374972693622,-0.0041590569379604874,-0.01305506949021079,-0.01305506949021079,0.4905253506373566,0.0,1.0123630571365356,1.068824987411499,0.0,0.0,-0.056718694511801004,2.356198977679014,0.9557140278816223,9.944674949645997,2.412917672190815,2.0,0.0,0.0,0.0,694.0,0.0
1788870448.4548016,1788870448.4546976,0.9785469770431519,1.5664374972693622,-0.004399249619921835,-0.013770839995688148,-0.013770839995688148,0.4900058838839544,0.0,1.015673975944519,1.0748549509048462,0.0,0.0,-0.06108201760798693,2.356198977679014,0.9585469770431518,9.96989486694336,2.417280995287001,2.0,0.0,0.0,0.0,695.0,0.0
1788870448.5289655,1788870448.5288563,0.9815387725830078,1.5664374972693622,-0.0036311509566348526,-0.012265030141568515,-0.012265030141568515,0.4910987176207104,0.0,1.0192509698867798,1.0805640029907226,0.0,0.0,-0.06108201760798693,2.356198977679014,0.9615387725830078,9.946767311096192,2.417280995287001,2.0,0.0,0.0,0.0,695.0,0.0
1788870448.602286,1788870448.6021872,0.9846119284629822,1.5664374972693622,-0.003709326716067234,-0.01198840088646116,-0.01198840088646116,0.4912994798761359,0.0,1.0229350137710571,1.0861559915542602,0.0,0.0,-0.06544534070417285,2.356198977679014,0.9646119284629822,9.977518539428711,2.421644318383187,2.0,0.0,0.0,0.0,696.0,0.0
1788870448.678934,1788870448.6787732,0.9877626895904541,1.5664374972693622,-0.0027485944179582488,-0.009753371762164826,-0.009753371762164826,0.4929215407379247,0.0,1.0267209815979004,1.0916349697113037,0.0,0.0,-0.06544534070417285,2.356198977679014,0.9677626895904541,9.955921630859375,2.421644318383187,2.0,0.0,0.0,0.0,696.0,0.0
1788870448.7337291,1788870448.7336135,0.9898589849472046,1.5664374972693622,-0.0022246300398080987,-0.007909182817819589,-0.007909182817819589,0.4942599513545236,0.0,1.0292099523544311,1.095339994430542,0.0,0.0,-0.06544534070417285,2.356198977679014,0.9698589849472046,9.940144996643067,2.421644318383187,2.0,0.0,0.0,0.0,696.0,0.0
1788870448.8026597,1788870448.8025057,0.9930406808853149,1.5664374972693622,-0.0024064351546793823,-0.007763169591827693,-0.007763169591827693,0.4943659197003542,0.0,1.032983045578003,1.1008579540252685,0.0,0.0,-0.06980866380035877,2.356198977679014,0.9730406808853149,9.970349769592286,2.426007641479373,2.0,0.0,0.0,0.0,697.0,0.0
1788870448.8787253,1788870448.8785725,0.9961935877799988,1.5664374972693622,-0.0018484349537806317,-0.006469445174016922,-0.006469445174016922,0.4953048335253506,0.0,1.0366600561141968,1.1065039443969726,0.0,0.0,-0.06980866380035877,2.356198977679014,0.9761935877799988,9.9436869430542,2.426007641479373,2.0,0.0,0.0,0.0,697.0,0.0
1788870448.9345145,1788870448.9344323,0.9982628226280212,1.5664374972693622,-0.0026810439356730444,-0.007946371968112697,-0.007946371968112697,0.49423296152046825,0.0,1.0390319633483887,1.1103679943084717,0.0,0.0,-0.0741719868965447,2.356198977679014,0.9782628226280212,9.978652458190918,2.430370964575559,2.0,0.0,0.0,0.0,698.0,0.0
1788870449.000546,1788870449.000451,1.0013870000839233,1.5664374972693622,-0.002313402454190499,-0.007565933087820527,-0.007565933087820527,0.49450906307606607,0.0,1.0402869987487793,1.1161420154571533,0.0,0.0,-0.0741719868965447,2.356198977679014,0.9813870000839233,9.948881607055664,2.430370964575559,2.0,0.0,0.0,0.0,698.0,0.0
1788870449.053843,1788870449.053493,1.0034509897232056,1.5664374972693622,-0.0035349754412253836,-0.010188124914691017,-0.010188124914691017,0.4926060208793304,0.0,1.0402209568023681,1.1200610208511352,0.0,0.0,-0.07853530999273062,2.356198977679014,0.9834509897232055,9.970312576293946,2.434734287671745,2.0,0.0,0.0,0.0,699.0,0.0
1788870449.124712,1788870449.124605,1.0066159963607788,1.5664374972693622,-0.004492926930543313,-0.013120593798824326,-0.013120593798824326,0.49047779670826347,0.0,1.040222029685974,1.125799994468689,0.0,0.0,-0.08289863308891654,2.356198977679014,0.9866159963607788,9.961168746948243,2.4390976107679307,2.0,0.0,0.0,0.0,700.0,0.0
1788870449.177073,1788870449.177003,1.0087380409240723,1.5664374972693622,-0.005604772314556947,-0.01649086812425486,-0.01649086812425486,0.4880318374957662,0.0,1.0402320432662964,1.1296200561523437,0.0,0.0,-0.08726195618510246,2.356198977679014,0.9887380409240722,9.963588218688965,2.4434609338641167,2.0,0.0,0.0,0.0,701.0,0.0
1788870449.250012,1788870449.2498717,1.0120409727096558,1.5664374972693622,-0.006380854316510726,-0.019240374106260484,-0.019240374106260484,0.4860363977074504,0.0,1.0404180097579956,1.1351100015640259,0.0,0.0,-0.09162527928128839,2.356198977679014,0.9920409727096557,9.956267814636231,2.4478242569603026,2.0,0.0,0.0,0.0,702.0,0.0
1788870449.3026538,1788870449.302418,1.0143580436706543,1.5664374972693622,-0.007123594831412919,-0.021728964654243083,-0.021728964654243083,0.4842303159499382,0.0,1.0407130527496338,1.138532977104187,0.0,0.0,-0.09598860237747431,2.356198977679014,0.9943580436706543,9.961786727905274,2.4521875800564885,2.0,0.0,0.0,0.0,703.0,0.0
1788870449.3754323,1788870449.3753572,1.0179029703140259,1.5664374972693622,-0.007475225340733742,-0.02326319415951651,-0.02326319415951651,0.4831168567979063,0.0,1.041372995376587,1.143221001625061,0.0,0.0,-0.10035192547366023,2.356198977679014,0.9979029703140259,9.960072975158692,2.4565509031526744,2.0,0.0,0.0,0.0,704.0,0.0
1788870449.4274306,1788870449.4273255,1.0203429460525513,1.5664374972693622,-0.009053355514189157,-0.027258474599638666,-0.027258474599638666,0.4802173026205831,0.0,1.041985969543457,1.1460280227661133,0.0,0.0,-0.10471524856984615,2.356198977679014,1.0003429460525513,9.970083694458008,2.4609142262488604,2.0,0.0,0.0,0.0,706.0,0.0
1788870449.5084445,1788870449.50835,1.0241450071334839,1.5664374972693622,-0.008975958412124438,-0.028283689223050343,-0.028283689223050343,0.47947325839427213,0.0,1.0430979537963867,1.1499880361557007,0.0,0.0,-0.10907857166603208,2.356198977679014,1.0041450071334839,9.97352264404297,2.4652775493450463,2.0,0.0,0.0,0.0,707.0,0.0
1788870449.5812101,1788870449.5810792,1.024940013885498,1.5664374972693622,-0.014808561460471598,-0.04165628443837148,-0.04165628443837148,0.46976816637398555,0.0,1.0444149780273437,1.1505139875411987,0.0,0.0,-0.12653186405077577,2.356198977679014,1.004940013885498,9.974739532470704,2.48273084172979,2.0,0.0,0.0,0.0,711.0,0.0
1788870449.6583388,1788870449.658231,1.0257420539855957,1.5664374972693622,-0.020811003419331283,-0.05911353299081351,-0.05911353299081351,0.45709865825724,0.0,1.046094994544983,1.1490880060195923,0.0,0.0,-0.14398515643551946,2.356198977679014,1.0057420539855957,9.977929573059082,2.5001841341145337,2.0,0.0,0.0,0.0,716.0,0.0
1788870449.7334023,1788870449.7332296,1.026695966720581,1.5664374972693622,-0.02445483675018308,-0.07251289421765415,-0.07251289421765415,0.447374140942115,0.0,1.0479689645767212,1.1474890518188476,0.0,0.0,-0.15707512572407722,2.356198977679014,1.006695966720581,9.975768547058106,2.5132741034030914,2.0,0.0,0.0,0.0,719.0,0.0
1788870449.8072944,1788870449.8071723,1.028175950050354,1.5664374972693622,-0.02378219103605155,-0.07502597618605172,-0.07502597618605172,0.4455502846625293,0.0,1.0508060264587402,1.1449240255355835,0.0,0.0,-1.5707918088883162,2.356198977679014,1.008175950050354,9.885161857604981,3.9269907865673304,1.0,0.0,0.0,0.0,720.0,7.0
1788870449.883857,1788870449.8836896,1.030318021774292,1.5664374972693622,-0.018019219700763707,-0.06287084498552623,-0.06287084498552623,0.4543718084520627,0.0,1.0548059749603271,1.1412370014190674,0.0,0.0,-1.5707918088883162,2.356198977679014,1.010318021774292,9.853252868652344,3.9269907865673304,1.0,0.0,0.0,0.0,720.0,7.0
1788870449.9594877,1788870449.9593623,1.0330979824066162,1.5664374972693622,-0.010534072159021081,-0.04245757513186509,-0.04245757513186509,0.46918663378512465,0.0,1.0598640251159668,1.1366120386123657,0.0,0.0,-1.5707918088883162,2.356198977679014,1.0130979824066162,9.816017608642579,3.9269907865673304,1.0,0.0,0.0,0.0,720.0,7.0
1788870450.0367062,1788870450.036535,1.0362889766693115,1.5664374972693622,-0.0026897583038413162,-0.018762331140164075,-0.018762331140164075,0.4863833349250146,0.0,1.065466980934143,1.1316129970550537,0.0,0.0,-1.5707918088883162,2.356198977679014,1.0162889766693115,9.779473762512207,3.9269907865673304,1.0,0.0,0.0,0.0,720.0,7.0
1788870450.1063423,1788870450.1061175,1.039412021636963,1.5664374972693622,0.003546686890163289,0.0023158792919165437,0.0023158792919165437,0.4983192625459735,0.0,1.070662956237793,1.1271209526062012,0.0,0.0,-1.5707918088883162,2.356198977679014,1.0194120216369629,9.748986701965332,3.9269907865673304,1.0,0.0,0.0,0.0,720.0,7.0
1788870450.1820889,1788870450.1819472,1.0421979427337646,1.5664374972693622,0.009356340957172703,0.021652967531641823,0.021652967531641823,0.48428547046977866,0.0,1.0749519872665405,1.1235309648513794,0.0,0.0,-1.5707918088883162,2.356198977679014,1.0221979427337646,9.705425720214844,3.9269907865673304,1.0,0.0,0.0,0.0,720.0,8.0
1788870450.2613592,1788870450.2609487,1.0443580150604248,1.5664374972693622,0.011350088171253162,0.03192008776309963,0.03192008776309963,0.4768341609053135,0.0,1.0778490114212036,1.1212030458450317,0.0,0.0,-1.5707918088883162,2.356198977679014,1.0243580150604248,9.673051338195801,3.9269907865673304,1.0,0.0,0.0,0.0,720.0,8.0
1788870450.3348591,1788870450.3346653,1.0458580255508423,1.5664374972693622,0.01159561308630348,0.03555019964224968,0.03555019964224968,0.4741996259280847,0.0,1.0793579626083374,1.1200970220565796,0.0,0.0,-1.5707918088883162,2.356198977679014,1.0258580255508423,9.635094146728516,3.9269907865673304,1.0,0.0,0.0,0.0,720.0,8.0
1788870450.4074008,1788870450.4072616,1.0466439723968506,1.5664374972693622,0.009327630657722318,0.0315589525659729,0.0315589525659729,0.47709625291239555,0.0,1.079511981010437,1.1201870250701904,0.0,0.0,-1.5707918088883162,2.356198977679014,1.0266439723968506,9.602246742248536,3.9269907865673304,1.0,0.0,0.0,0.0,720.0,8.0
1788870450.5130155,1788870450.512862,1.0469130277633667,1.5664374972693622,0.006040692820808649,0.022998837688403245,0.022998837688403245,0.483308712143634,0.0,1.0787550020217895,1.1211030292510986,0.0,0.0,-1.5707918088883162,2.356198977679014,1.0269130277633667,9.567742805480957,3.9269907865673304,1.0,0.0,0.0,0.0,720.0,8.0
1788870450.6097736,1788870450.609629,1.0469640493392944,1.5664374972693622,0.0023877046955570877,0.01224810982456885,0.01224810982456885,0.49111099745352144,0.0,1.0776959466934204,1.1227409648895263,0.0,0.0,-1.5707918088883162,2.356198977679014,1.0269640493392944,9.532775382995606,3.9269907865673304,1.0,0.0,0.0,0.0,720.0,8.0
1788870450.6845055,1788870450.6844099,1.0469989776611328,1.5664374972693622,-0.0018874350372106454,-0.0005534215359811898,-0.0005534215359811898,0.4995983571740396,0.0,1.0763770151138305,1.1255589532852173,0.0,0.0,-1.5707918088883162,2.356198977679014,1.0269989776611328,9.484188537597657,3.9269907865673304,1.0,0.0,0.0,0.0,720.0,8.0
1788870450.7594101,1788870450.759077,1.0472370386123657,1.5664374972693622,-0.005143827431492981,-0.011688199907338635,-0.011688199907338635,0.4915173491887153,0.0,1.0756480503082275,1.1278480100631714,0.0,0.0,-1.5707918088883162,2.356198977679014,1.0272370386123657,9.437873344421387,3.9269907865673304,1.0,0.0,0.0,0.0,720.0,8.0
1788870450.8335629,1788870450.8333962,1.0477149486541748,1.5664374972693622,-0.006906840579057502,-0.018977782869290395,-0.018977782869290395,0.4862269719436013,0.0,1.075744013786316,1.1289850282669067,0.0,0.0,-1.5707918088883162,2.356198977679014,1.0277149486541748,9.40582130432129,3.9269907865673304,1.0,0.0,0.0,0.0,720.0,8.0
1788870450.903593,1788870450.9034996,1.0485930442810059,1.5664374972693622,-0.006787513635786382,-0.020897365404948617,-0.020897365404948617,0.4848338448168822,0.0,1.0766730117797851,1.1293159532546997,0.0,0.0,-1.5707918088883162,2.356198977679014,1.0285930442810058,9.36762664794922,3.9269907865673304,1.0,0.0,0.0,0.0,720.0,8.0
1788870450.9785163,1788870450.978397,1.0498720407485962,1.5664374972693622,-0.005541408105881221,-0.01868196377865852,-0.01868196377865852,0.4864416611232043,0.0,1.078389983177185,1.1288679647445679,0.0,0.0,-1.5707918088883162,2.356198977679014,1.0298720407485962,9.331705551147461,3.9269907865673304,1.0,0.0,0.0,0.0,720.0,8.0
1788870451.0361738,1788870451.0360692,1.0509049892425537,1.5664374972693622,-0.004382159335753477,-0.015420626045685346,-0.015420626045685346,0.48880856016546903,0.0,1.079877953529358,1.1282150554656982,0.0,0.0,-1.5707918088883162,2.356198977679014,1.0309049892425537,9.309425811767579,3.9269907865673304,1.0,0.0,0.0,0.0,720.0,8.0
1788870451.1054082,1788870451.1052485,1.0525670051574707,1.5664374972693622,-0.0016336530666244613,-0.008285570682944398,-0.008285570682944398,0.493986789802294,0.0,1.0822909879684448,1.1270370292663574,0.0,0.0,-1.5707918088883162,2.356198977679014,1.0325670051574707,9.26893280029297,3.9269907865673304,1.0,0.0,0.0,0.0,720.0,8.0
1788870451.1781518,1788870451.1780214,1.054252028465271,1.5664374972693622,0.0001562564736064684,-0.0021356567040048302,-0.0021356567040048302,0.49845005815981314,0.0,1.084673981666565,1.1258970308303833,0.0,0.0,-1.5707918088883162,2.356198977679014,1.034252028465271,9.236393432617188,3.9269907865673304,1.0,0.0,0.0,0.0,720.0,8.0
1788870451.2520008,1788870451.2518988,1.0558849573135376,1.5664374972693622,0.0016518628725836649,0.00305947582338596,0.00305947582338596,0.49777960119769543,0.0,1.0868849563598633,1.1249320316314697,0.0,0.0,-1.5707918088883162,2.356198977679014,1.0358849573135376,9.203130226135254,3.9269907865673304,1.0,0.0,0.0,0.0,720.0,8.0
1788870451.3042953,1788870451.3042133,1.0568820238113403,1.5664374972693622,0.0022992704121132515,0.006068208470149472,0.006068208470149472,0.495596028994162,0.0,1.0881229448318481,1.1245339918136597,0.0,0.0,-1.5707918088883162,2.356198977679014,1.0368820238113403,9.179389457702637,3.9269907865673304,1.0,0.0,0.0,0.0,720.0,8.0
1788870451.3761852,1788870451.3760831,1.0582300424575806,1.5664374972693622,0.002813684819493215,0.008123116536709643,0.008123116536709643,0.4941046900612115,0.0,1.0895999479293823,1.1242899703979492,0.0,0.0,-1.5707918088883162,2.356198977679014,1.0382300424575805,9.141829948425293,3.9269907865673304,1.0,0.0,0.0,0.0,720.0,8.0
1788870451.4494362,1788870451.449368,1.0593639612197876,1.5664374972693622,0.0030770204486098725,0.009329460765899007,0.009329460765899007,0.49322919195752174,0.0,1.0906070280075073,1.1244590091705322,0.0,0.0,-1.5707918088883162,2.356198977679014,1.0393639612197876,9.10291717529297,3.9269907865673304,1.0,0.0,0.0,0.0,720.0,9.0
1788870451.5015287,1788870451.5014246,1.0600329637527466,1.5664374972693622,0.0028431231627267526,0.00916743411427763,0.00916743411427763,0.493346781964428,0.0,1.0911149787902832,1.1247279453277588,0.0,0.0,-1.5707918088883162,2.356198977679014,1.0400329637527466,9.076531867980957,3.9269907865673304,1.0,0.0,0.0,0.0,720.0,9.0
1788870451.5757763,1788870451.575689,1.0609380006790161,1.5664374972693622,0.001161396556225787,0.005351758520229052,0.005351758520229052,0.49611598885086505,0.0,1.0917039918899536,1.125298957824707,0.0,0.0,-1.5707918088883162,2.356198977679014,1.040938000679016,9.04472110748291,3.9269907865673304,1.0,0.0,0.0,0.0,720.0,8.0
1788870451.6261868,1788870451.6260812,1.0614910125732422,1.5664374972693622,0.0010508284917565888,0.003959383377603475,0.003959383377603475,0.49712649793069263,0.0,1.092015962600708,1.125758032798767,0.0,0.0,-1.5707918088883162,2.356198977679014,1.0414910125732422,9.01785514831543,3.9269907865673304,1.0,0.0,0.0,0.0,720.0,9.0
1788870451.6981869,1788870451.6981091,1.0622869729995728,1.5664374972693622,0.0003653650290193817,0.0020062326782844574,0.0020062326782844574,0.49854398697909075,0.0,1.09244797706604,1.1264860439300537,0.0,0.0,-1.5707918088883162,2.356198977679014,1.0422869729995727,8.977572898864747,3.9269907865673304,1.0,0.0,0.0,0.0,720.0,9.0
1788870451.7503285,1788870451.7502677,1.0628889799118042,1.5664374972693622,0.00017534518915860773,0.0009946430272006184,0.0009946430272006184,0.49927814295199346,0.0,1.0929039525985718,1.1268100547790527,0.0,0.0,-1.5707918088883162,2.356198977679014,1.0428889799118042,8.951297264099122,3.9269907865673304,1.0,0.0,0.0,0.0,720.0,9.0
1788870451.8244991,1788870451.824387,1.0638220310211182,1.5664374972693622,-0.0008712921252339037,-0.0016533014523637587,-0.0016533014523637587,0.49880012499637466,0.0,1.0936549711227417,1.1272320556640625,0.0,0.0,-1.5707918088883162,2.356198977679014,1.0438220310211181,8.920250396728516,3.9269907865673304,1.0,0.0,0.0,0.0,720.0,9.0
1788870451.8778753,1788870451.877771,1.0644840002059937,1.5664374972693622,-0.000917546446996204,-0.0025512944769806247,-0.0025512944769806247,0.49814841118935704,0.0,1.0942469644546509,1.1274260091781616,0.0,0.0,-1.5707918088883162,2.356198977679014,1.0444840002059936,8.894392471313477,3.9269907865673304,1.0,0.0,0.0,0.0,720.0,9.0
1788870451.9484692,1788870451.9483957,1.0654970407485962,1.5664374972693622,-0.0008177221864222999,-0.0025970860406801396,-0.0025970860406801396,0.4981151781981313,0.0,1.0952030229568481,1.1276500034332275,0.0,0.0,-1.5707918088883162,2.356198977679014,1.0454970407485962,8.855835418701172,3.9269907865673304,1.0,0.0,0.0,0.0,720.0,9.0
1788870451.9999592,1788870451.9998643,1.0661900043487549,1.5664374972693622,-0.0006105215293572099,-0.002146694037964192,-0.002146694037964192,0.49844204787160734,0.0,1.0959629821777344,1.1276809978485107,0.0,0.0,-1.5707918088883162,2.356198977679014,1.0461900043487549,8.830495338439942,3.9269907865673304,1.0,0.0,0.0,0.0,720.0,9.0
1788870452.0753822,1788870452.0753136,1.0672760009765625,1.5664374972693622,-0.0005003204588815117,-0.001764726039283844,-0.001764726039283844,0.49871925917699034,0.0,1.0971879768371582,1.12764404296875,0.0,0.0,-1.5707918088883162,2.356198977679014,1.0472760009765625,8.79269931793213,3.9269907865673304,1.0,0.0,0.0,0.0,720.0,9.0
1788870452.1497521,1788870452.1496036,1.0683790445327759,1.5664374972693622,-0.0006813417985973769,-0.002055623440643278,-0.002055623440643278,0.49850814188799764,0.0,1.098435025215149,1.1275869417190552,0.0,0.0,-1.5707918088883162,2.356198977679014,1.0483790445327759,8.763111572265625,3.9269907865673304,1.0,0.0,0.0,0.0,720.0,9.0
1788870452.2013035,1788870452.201212,1.069108009338379,1.5664374972693622,-0.00042485006502379543,-0.0015683511778462852,-0.0015683511778462852,0.49886177722005043,0.0,1.0992469596862793,1.1275670337677002,0.0,0.0,-1.5707918088883162,2.356198977679014,1.0491080093383789,8.737832527160645,3.9269907865673304,1.0,0.0,0.0,0.0,720.0,9.0
1788870452.2743883,1788870452.274294,1.0701910257339478,1.5664374972693622,-5.89986657171278e-05,-0.0006026623645602519,-0.0006026623645602519,0.499562620896614,0.0,1.1004370260238647,1.1275650072097778,0.0,0.0,-1.5707918088883162,2.356198977679014,1.0501910257339477,8.699805717468262,3.9269907865673304,1.0,0.0,0.0,0.0,720.0,9.0
1788870452.3260736,1788870452.3259923,1.0709270238876343,1.5664374972693622,0.00016648352284930786,0.000192124381814374,0.000192124381814374,0.49986056672060836,0.0,1.1012550401687622,1.1275399732589722,0.0,0.0,-1.5707918088883162,2.356198977679014,1.0509270238876343,8.674517135620118,3.9269907865673304,1.0,0.0,0.0,0.0,720.0,9.0
1788870452.398673,1788870452.3985689,1.0720210075378418,1.5664374972693622,0.00045633529404914304,0.0010798283732143927,0.0010798283732143927,0.4992163201263914,0.0,1.1024570274353027,1.1275260257720947,0.0,0.0,-1.5707918088883162,2.356198977679014,1.0520210075378418,8.636488418579102,3.9269907865673304,1.0,0.0,0.0,0.0,720.0,9.0
1788870452.4520166,1788870452.4519393,1.0727289915084839,1.5664374972693622,0.00014022979877931823,0.0006380632612299907,0.0006380632612299907,0.4995369288784045,0.0,1.1032119798660278,1.127560954093933,0.0,0.0,-1.5707918088883162,2.356198977679014,1.0527289915084839,8.610989074707032,3.9269907865673304,1.0,0.0,0.0,0.0,720.0,9.0
1788870452.524328,1788870452.5242813,1.073773980140686,1.5664374972693622,8.588672793489907e-05,0.0003838052489431711,0.0003838052489431711,0.49972145531971274,0.0,1.1043079900741577,1.1276490497589111,0.0,0.0,-1.5707918088883162,2.356198977679014,1.053773980140686,8.580845336914063,3.9269907865673304,1.0,0.0,0.0,0.0,720.0,9.0
1788870452.5778651,1788870452.5777483,1.0744459629058838,1.5664374972693622,0.00014951368259589142,0.0004500522236977481,0.0004500522236977481,0.49967337691939434,0.0,1.104987006187439,1.1277570533752441,0.0,0.0,-1.5707918088883162,2.356198977679014,1.0544459629058838,8.555093269348145,3.9269907865673304,1.0,0.0,0.0,0.0,720.0,9.0
1788870452.650984,1788870452.650891,1.075461983680725,1.5664374972693622,0.00028667751553668023,0.0007771733019114881,0.0007771733019114881,0.4994359704837159,0.0,1.1060290145874023,1.1278960514068603,0.0,0.0,-1.5707918088883162,2.356198977679014,1.055461983680725,8.5165629196167,3.9269907865673304,1.0,0.0,0.0,0.0,720.0,9.0
1788870452.707309,1788870452.7071493,1.0761409997940063,1.5664374972693622,-4.0349024320357275e-06,0.00022411380912568644,0.00022411380912568644,0.4998373505586941,0.0,1.1067290115356445,1.1279840278625488,0.0,0.0,-1.5707918088883162,2.356198977679014,1.0561409997940063,8.490892868041993,3.9269907865673304,1.0,0.0,0.0,0.0,720.0,9.0
1788870452.7815452,1788870452.7814636,1.077157974243164,1.5664374972693622,0.0009447908797239394,0.0021835657133193304,0.0021835657133193304,0.49841528844335115,0.0,1.107776026725769,1.1281189727783203,0.0,0.0,-1.5707918088883162,2.356198977679014,1.057157974243164,8.452381591796875,3.9269907865673304,1.0,0.0,0.0,0.0,720.0,10.0
1788870452.8540304,1788870452.8538666,1.078173041343689,1.5664374972693622,0.0011042367072200334,0.003128559938168674,0.003128559938168674,0.4977294637576316,0.0,1.1088210153579712,1.1282559442520141,0.0,0.0,-1.5707918088883162,2.356198977679014,1.058173041343689,8.413874130249024,3.9269907865673304,1.0,0.0,0.0,0.0,720.0,10.0
1788870452.9309072,1788870452.9307616,1.0792039632797241,1.5664374972693622,-0.00022720180989084575,0.000429635927295108,0.000429635927295108,0.49968819394122965,0.0,1.1098990249633789,1.1283609676361084,0.0,0.0,-1.5707918088883162,2.356198977679014,1.059203963279724,8.383647422790528,3.9269907865673304,1.0,0.0,0.0,0.0,720.0,9.0
1788870452.9875782,1788870452.9874601,1.0798460245132446,1.5664374972693622,0.0004102473310278553,0.0010478447996909283,0.0010478447996909283,0.49923953203994925,0.0,1.11052499294281,1.1285199928283691,0.0,0.0,-1.5707918088883162,2.356198977679014,1.0598460245132446,8.357737045288086,3.9269907865673304,1.0,0.0,0.0,0.0,720.0,10.0
1788870453.0554645,1788870453.0552988,1.0807620286941528,1.5664374972693622,0.00023753535454100006,0.0008464326340791187,0.0008464326340791187,0.49938570588053843,0.0,1.1113810348510742,1.128838996887207,0.0,0.0,-1.5707918088883162,2.356198977679014,1.0607620286941528,8.318662147521973,3.9269907865673304,1.0,0.0,0.0,0.0,720.0,10.0
1788870453.1326313,1788870453.132452,1.0817500352859497,1.5664374972693622,0.00020299379042827616,0.0007086358807830742,0.0007086358807830742,0.4994857111636792,0.0,1.1123939561843872,1.129006962776184,0.0,0.0,-1.5707918088883162,2.356198977679014,1.0617500352859497,8.280089836120606,3.9269907865673304,1.0,0.0,0.0,0.0,720.0,10.0
1788870453.204606,1788870453.2044897,1.0827219486236572,1.5664374972693622,0.0007092485550246456,0.0018013075274901282,0.0018013075274901282,0.49869271035056106,0.0,1.1133760023117065,1.1292060422897339,0.0,0.0,-1.5707918088883162,2.356198977679014,1.0627219486236572,8.249613265991211,3.9269907865673304,1.0,0.0,0.0,0.0,720.0,10.0
1788870453.2789586,1788870453.2788675,1.0836880207061768,1.5664374972693622,0.0008246957904866147,0.0023877108289370556,0.0023877108289370556,0.49826713117838795,0.0,1.11434898853302,1.129412989616394,0.0,0.0,-1.5707918088883162,2.356198977679014,1.0636880207061767,8.2108988571167,3.9269907865673304,1.0,0.0,0.0,0.0,720.0,10.0
1788870453.3533473,1788870453.353203,1.0846669673919678,1.5664374972693622,0.0006759058096841103,0.0022303422623735237,0.0022303422623735237,0.4983813406040834,0.0,1.115354995727539,1.1295879888534546,0.0,0.0,-1.5707918088883162,2.356198977679014,1.0646669673919678,8.172296028137207,3.9269907865673304,1.0,0.0,0.0,0.0,720.0,10.0
1788870453.4305825,1788870453.4298046,1.0856109857559204,1.5664374972693622,9.239578526399349e-05,0.0008760692377034027,0.0008760692377034027,0.49936419726828246,0.0,1.1162899541854858,1.129832010269165,0.0,0.0,-1.5707918088883162,2.356198977679014,1.0656109857559204,8.141727905273438,3.9269907865673304,1.0,0.0,0.0,0.0,720.0,10.0
1788870453.4836745,1788870453.4835787,1.0862129926681519,1.5664374972693622,9.576365923442186e-05,0.0004773313679961258,0.0004773313679961258,0.4996535792210876,0.0,1.1168579864501953,1.130046944618225,0.0,0.0,-1.5707918088883162,2.356198977679014,1.0662129926681518,8.115678291320801,3.9269907865673304,1.0,0.0,0.0,0.0,720.0,10.0
1788870453.5527215,1788870453.552601,1.087116003036499,1.5664374972693622,-0.00025292631836197437,-0.00042335554273198483,-0.00042335554273198483,0.4996927518979409,0.0,1.1177259492874145,1.1303560543060303,0.0,0.0,-1.5707918088883162,2.356198977679014,1.067116003036499,8.07669303894043,3.9269907865673304,1.0,0.0,0.0,0.0,720.0,10.0
1788870453.6076593,1788870453.6075077,1.0877389907836914,1.5664374972693622,-0.0004906899933199666,-0.0012261522478563206,-0.0012261522478563206,0.4991101263289049,0.0,1.1183520364761352,1.1305169868469238,0.0,0.0,-1.5707918088883162,2.356198977679014,1.0677389907836914,8.050857048034668,3.9269907865673304,1.0,0.0,0.0,0.0,720.0,10.0
1788870453.6789942,1788870453.6789145,1.0886889696121216,1.5664374972693622,-0.0006744417704586962,-0.001878595240184376,-0.001878595240184376,0.4986366191916156,0.0,1.1193250226974487,1.13072500705719,0.0,0.0,-1.5707918088883162,2.356198977679014,1.0686889696121216,8.020463447570801,3.9269907865673304,1.0,0.0,0.0,0.0,720.0,10.0
1788870453.7556963,1788870453.7555711,1.0896780490875244,1.5664374972693622,-0.0007440132196063993,-0.0022301681839736473,-0.0022301681839736473,0.49838146694058444,0.0,1.1203789520263672,1.1308549451828003,0.0,0.0,-1.5707918088883162,2.356198977679014,1.0696780490875244,7.982020835876465,3.9269907865673304,1.0,0.0,0.0,0.0,720.0,10.0
1788870453.8149078,1788870453.8147607,1.0903520584106445,1.5664374972693622,-0.0007357388454069862,-0.0023171054689037434,-0.0023171054689037434,0.4983183726543479,0.0,1.1211099433898926,1.129893045425415,0.0,0.0,-1.5707918088883162,2.356198977679014,1.0703520584106445,7.956459980010987,3.9269907865673304,1.0,0.0,0.0,0.0,720.0,10.0
1788870453.8765624,1788870453.876428,1.091398000717163,1.5664374972693622,0.0005815742266199379,0.0006075946269575379,0.0006075946269575379,0.4995590413326129,0.0,1.1222749757766723,1.128103952407837,0.0,0.0,-1.5707918088883162,2.356198977679014,1.071398000717163,7.918313961029053,3.9269907865673304,1.0,0.0,0.0,0.0,720.0,11.0
1788870453.951267,1788870453.951168,1.0924609899520874,1.5664374972693622,0.0007527794052507668,0.001868504255848979,0.001868504255848979,0.4986439426714618,0.0,1.1234619426727295,1.1262949514389038,0.0,0.0,-1.5707918088883162,2.356198977679014,1.0724609899520874,7.880194168090821,3.9269907865673304,1.0,0.0,0.0,0.0,720.0,11.0
1788870454.0083053,1788870454.0082057,1.0931730270385742,1.5664374972693622,-0.0005835322309627442,-0.0007465609206018531,-0.0007465609206018531,0.4994581872615953,0.0,1.1242559957504272,1.1250860500335693,0.0,0.0,-1.5707918088883162,2.356198977679014,1.0731730270385742,7.863049964904786,3.9269907865673304,1.0,0.0,0.0,0.0,720.0,10.0
1788870454.0753312,1788870454.0752268,1.0941619873046875,1.5664374972693622,-0.0005519141773224283,-0.0014602560333827953,-0.0014602560333827953,0.4989402267137405,0.0,1.1252759504318237,1.1234199810028076,0.0,0.0,-1.5707918088883162,2.356198977679014,1.0741619873046875,7.824356060028077,3.9269907865673304,1.0,0.0,0.0,0.0,720.0,10.0
1788870454.1283343,1788870454.1282508,1.0947790145874023,1.5664374972693622,0.0004190889704202012,0.0005006824837264119,0.0005006824837264119,0.4996366322692589,0.0,1.1258740234375,1.1223790454864502,0.0,0.0,-1.5707918088883162,2.356198977679014,1.0747790145874023,7.798334102630616,3.9269907865673304,1.0,0.0,0.0,0.0,720.0,11.0
1788870454.2034018,1788870454.202053,1.0957720279693604,1.5664374972693622,-0.0010575058428094425,-0.0022186083427752274,-0.0022186083427752274,0.49838985643572464,0.0,1.1269199657440185,1.1206919956207275,0.0,0.0,-1.5707918088883162,2.356198977679014,1.0757720279693603,7.7680930900573735,3.9269907865673304,1.0,0.0,0.0,0.0,720.0,10.0
1788870454.256575,1788870454.2564895,1.0964679718017578,1.5664374972693622,-0.0010134154966220978,-0.002935633215266067,-0.002935633215266067,0.49786947933193065,0.0,1.1276839780807495,1.1195089626312256,0.0,0.0,-1.5707918088883162,2.356198977679014,1.0764679718017578,7.742539863586426,3.9269907865673304,1.0,0.0,0.0,0.0,720.0,10.0
1788870454.3261352,1788870454.326044,1.0974630117416382,1.5664374972693622,-0.001096147802700163,-0.0033360610426281857,-0.0033360610426281857,0.497578870901072,0.0,1.1287200260162353,1.1178289461135864,0.0,0.0,-1.5707918088883162,2.356198977679014,1.0774630117416382,7.703862171173096,3.9269907865673304,1.0,0.0,0.0,0.0,720.0,10.0
1788870454.3839989,1788870454.3839,1.0981709957122803,1.5664374972693622,-0.0009914688496071066,-0.0032217085359083743,-0.0032217085359083743,0.4976618616431528,0.0,1.129507999420166,1.1166260051727295,0.0,0.0,-1.5707918088883162,2.356198977679014,1.0781709957122803,7.678384761810303,3.9269907865673304,1.0,0.0,0.0,0.0,720.0,10.0
1788870454.452388,1788870454.452269,1.099284052848816,1.5664374972693622,-0.000616037245023703,-0.002346435989625607,-0.002346435989625607,0.49829708618018004,0.0,1.1307799625396728,1.1147450017929077,0.0,0.0,-1.5707918088883162,2.356198977679014,1.079284052848816,7.640404205322266,3.9269907865673304,1.0,0.0,0.0,0.0,720.0,10.0
1788870454.5271568,1788870454.5269947,1.100417971611023,1.5664374972693622,-0.000647145463942946,-0.0021535366361198813,-0.0021535366361198813,0.49843708189128044,0.0,1.13208101272583,1.1128370571136474,0.0,0.0,-1.5707918088883162,2.356198977679014,1.080417971611023,7.610805015563965,3.9269907865673304,1.0,0.0,0.0,0.0,720.0,10.0
1788870454.5853162,1788870454.5851693,1.1011810302734375,1.5664374972693622,-0.00046815000620256333,-0.0016947170047297063,-0.0016947170047297063,0.49877006787280886,0.0,1.1329550552368164,1.1115590143203735,0.0,0.0,-1.5707918088883162,2.356198977679014,1.0811810302734375,7.58548210144043,3.9269907865673304,1.0,0.0,0.0,0.0,720.0,10.0
1788870454.6576886,1788870454.657526,1.0999619960784912,-1.527158577926457,-0.00023537151314272892,-0.0010356472908586247,-0.0010356472908586247,0.4992483843190865,0.0,1.134209017753601,1.1096889781951904,0.0,0.0,-1.5707918088883162,2.356198977679014,1.0799619960784912,7.547285060882569,3.9269907865673304,1.0,0.0,0.0,0.0,720.0,10.0
1788870454.7316017,1788870454.731474,1.098201036453247,-1.527158577926457,-0.00017420214800733814,-0.0007009069987940249,-0.0007009069987940249,0.49949132035992794,0.0,1.1354620265960693,1.1078200149536133,0.0,0.0,-1.5707918088883162,2.356198977679014,1.078201036453247,7.509065132141114,3.9269907865673304,1.0,0.0,0.0,0.0,720.0,10.0
1788870454.807052,1788870454.8068104,1.0964469909667969,-1.527158577926457,0.0011682136065070778,0.0024065263789376473,0.0024065263789376473,0.4982534758899994,0.0,1.1366870212554931,1.1059729862213135,0.0,0.0,-1.5707918088883162,2.356198977679014,1.0764469909667969,7.470733146667481,3.9269907865673304,1.0,0.0,0.0,0.0,720.0,11.0
1788870454.8797996,1788870454.8796167,1.094702959060669,-1.527158577926457,-0.00028837924504899267,7.598840477155067e-05,7.598840477155067e-05,0.4999448518070795,0.0,1.1378840017318725,1.104150037765503,0.0,0.0,-1.5707918088883162,2.356198977679014,1.074702959060669,7.440643768310547,3.9269907865673304,1.0,0.0,0.0,0.0,720.0,10.0
1788870454.957844,1788870454.9575534,1.0929739475250244,-1.527158577926457,-0.00032477666298608,-0.0007047032036573541,-0.0007047032036573541,0.4994885652838239,0.0,1.1390410470962524,1.1023599910736084,0.0,0.0,-1.5707918088883162,2.356198977679014,1.0729739475250244,7.402035217285157,3.9269907865673304,1.0,0.0,0.0,0.0,720.0,10.0
1788870455.0297616,1788870455.0296342,1.0913430452346802,-1.527158577926457,0.0005472368253873424,0.0010143995277704409,0.0010143995277704409,0.49926380477358145,0.0,1.1399739789962768,1.100756983757019,0.0,0.0,-1.5707918088883162,2.356198977679014,1.0713430452346802,7.362748126983643,3.9269907865673304,1.0,0.0,0.0,0.0,720.0,11.0
1788870455.106178,1788870455.1060567,1.0896450281143188,-1.527158577926457,-0.0011131202420865648,-0.0021890694839427727,-0.0021890694839427727,0.49841129411020196,0.0,1.1410749959945679,1.0990149784088135,0.0,0.0,-1.5707918088883162,2.356198977679014,1.0696450281143188,7.332383136749268,3.9269907865673304,1.0,0.0,0.0,0.0,720.0,10.0
1788870455.1789033,1788870455.1788054,1.0879260301589966,-1.527158577926457,0.0001887376204396826,-0.000233948575397943,-0.000233948575397943,0.4998302130277861,0.0,1.1422220277786255,1.0972349452972412,0.0,0.0,-1.5707918088883162,2.356198977679014,1.0679260301589966,7.29374216079712,3.9269907865673304,1.0,0.0,0.0,0.0,720.0,11.0
1788870455.2529833,1788870455.2528937,1.086253046989441,-1.527158577926457,4.2106356330646555e-05,2.413366556126538e-05,2.413366556126538e-05,0.49998248511666676,0.0,1.1432579565048218,1.0955459880828857,0.0,0.0,-1.5707918088883162,2.356198977679014,1.066253046989441,7.254758815765381,3.9269907865673304,1.0,0.0,0.0,0.0,720.0,11.0
1788870455.3073022,1788870455.3072078,1.0850800275802612,-1.527158577926457,-0.0014976618869567096,-0.00334752252711465,-0.00334752252711465,0.4975705527878083,0.0,1.1440900373458862,1.0943039464950561,0.0,0.0,-1.5707918088883162,2.356198977679014,1.0650800275802612,7.2376107978820805,3.9269907865673304,1.0,0.0,0.0,0.0,720.0,10.0
1788870455.3796668,1788870455.3795493,1.083359956741333,-1.527158577926457,-0.00046618984733523647,-0.0020485220161653244,-0.0020485220161653244,0.49851329571019326,0.0,1.145228009223938,1.0925290393829346,0.0,0.0,-1.5707918088883162,2.356198977679014,1.063359956741333,7.198871116638184,3.9269907865673304,1.0,0.0,0.0,0.0,720.0,11.0
1788870455.4338388,1788870455.4336839,1.0822219848632812,-1.527158577926457,-0.0004520916090135552,-0.0016272418090399609,-0.0016272418090399609,0.49881903764813756,0.0,1.145969967842102,1.091361026763916,0.0,0.0,-1.5707918088883162,2.356198977679014,1.0622219848632812,7.172998886108399,3.9269907865673304,1.0,0.0,0.0,0.0,720.0,11.0
1788870455.5038319,1788870455.5037522,1.080433964729309,-1.527158577926457,-0.0002443796430387073,-0.0010355829431186927,-0.0010355829431186927,0.499248431019127,0.0,1.1472719717025757,1.0894510555267334,0.0,0.0,-1.5707918088883162,2.356198977679014,1.060433964729309,7.134748916625977,3.9269907865673304,1.0,0.0,0.0,0.0,720.0,11.0
1788870455.576213,1788870455.5761352,1.0786449909210205,-1.527158577926457,-0.0006935459401319627,-0.0018642177888312042,-0.0018642177888312042,0.4986470535527963,0.0,1.148557047843933,1.0875539588928222,0.0,0.0,-1.5707918088883162,2.356198977679014,1.0586449909210205,7.104808788299561,3.9269907865673304,1.0,0.0,0.0,0.0,720.0,11.0
1788870455.628061,1788870455.6279225,1.0774589776992798,-1.527158577926457,0.0006455020247087489,0.0008866591986982361,0.0008866591986982361,0.49935651165869877,0.0,1.1493929433822632,1.0863050031661987,0.0,0.0,-1.5707918088883162,2.356198977679014,1.0574589776992798,7.079135875701905,3.9269907865673304,1.0,0.0,0.0,0.0,720.0,11.0
1788870455.7011886,1788870455.7010632,1.0756900310516357,-1.527158577926457,0.0006347708315984113,0.0016878844223899123,0.0016878844223899123,0.49877502658420897,0.0,1.1506199645996094,1.0844549942016601,0.0,0.0,-1.5707918088883162,2.356198977679014,1.0556900310516357,7.040526847839356,3.9269907865673304,1.0,0.0,0.0,0.0,720.0,11.0
1788870455.7538984,1788870455.7531881,1.074491024017334,-1.527158577926457,0.00011321502834181835,0.0007599669902026468,0.0007599669902026468,0.49944845787571235,0.0,1.1514810132980347,1.0831850576400757,0.0,0.0,-1.5707918088883162,2.356198977679014,1.054491024017334,7.023386936187745,3.9269907865673304,1.0,0.0,0.0,0.0,720.0,11.0
1788870455.8257792,1788870455.8256936,1.0727629661560059,-1.527158577926457,-4.742624019267294e-05,0.00012175531902920673,0.00012175531902920673,0.499911636705059,0.0,1.1525929975509643,1.0814280319213867,0.0,0.0,-1.5707918088883162,2.356198977679014,1.0527629661560058,6.984354000091553,3.9269907865673304,1.0,0.0,0.0,0.0,720.0,11.0
1788870455.8799682,1788870455.8798769,1.0716359615325928,-1.527158577926457,0.0008615077899825259,0.00196630404526962,0.00196630404526962,0.4985729649786049,0.0,1.1532820272445679,1.0802999544143677,0.0,0.0,-1.5707918088883162,2.356198977679014,1.0516359615325928,6.958196144104004,3.9269907865673304,1.0,0.0,0.0,0.0,720.0,12.0
1788870455.951685,1788870455.9515297,1.0699219703674316,-1.527158577926457,-0.0010281942460039742,-0.0017132638974680162,-0.0017132638974680162,0.49875660756104306,0.0,1.1543769645690918,1.078557949066162,0.0,0.0,-1.5707918088883162,2.356198977679014,1.0499219703674316,6.927657108306885,3.9269907865673304,1.0,0.0,0.0,0.0,720.0,11.0
1788870456.0082464,1788870456.0081007,1.06876802444458,-1.527158577926457,-0.0010839380098224458,-0.0029420003112426833,-0.0029420003112426833,0.4978648584448583,0.0,1.1551359701156616,1.0773730087280273,0.0,0.0,-1.5707918088883162,2.356198977679014,1.04876802444458,6.901693801879883,3.9269907865673304,1.0,0.0,0.0,0.0,720.0,11.0
1788870456.0771105,1788870456.0770206,1.067091941833496,-1.527158577926457,-0.0003470692970946979,-0.0016600353188649282,-0.0016600353188649282,0.49879523792748537,0.0,1.156144003868103,1.0757030057907104,0.0,0.0,-1.5707918088883162,2.356198977679014,1.047091941833496,6.862352828979493,3.9269907865673304,1.0,0.0,0.0,0.0,720.0,12.0
1788870456.1314905,1788870456.1313565,1.0659159421920776,-1.527158577926457,-0.00032646997233597705,-0.0012293033336920672,-0.0012293033336920672,0.4991078394446085,0.0,1.1569659519195556,1.0744679975509643,0.0,0.0,-1.5707918088883162,2.356198977679014,1.0459159421920776,6.836595039367676,3.9269907865673304,1.0,0.0,0.0,0.0,720.0,12.0
1788870456.201992,1788870456.2017567,1.0640950202941895,-1.527158577926457,-0.0009229082775928854,-0.0024361055419156834,-0.0024361055419156834,0.49823200896499625,0.0,1.158318977355957,1.0725149917602539,0.0,0.0,-1.5707918088883162,2.356198977679014,1.0440950202941894,6.806765060424805,3.9269907865673304,1.0,0.0,0.0,0.0,720.0,12.0
1788870456.2784986,1788870456.2783253,1.062298059463501,-1.527158577926457,-0.0005475397863094163,-0.001957320783907798,-0.001957320783907798,0.49857948453421513,0.0,1.1595920133590698,1.0706250476837158,0.0,0.0,-1.5707918088883162,2.356198977679014,1.042298059463501,6.768115024566651,3.9269907865673304,1.0,0.0,0.0,0.0,720.0,12.0
1788870456.3348963,1788870456.3345354,1.0611079931259155,-1.527158577926457,-0.0005641977480451407,-0.0018509991907934545,-0.0018509991907934545,0.49865664688215905,0.0,1.1604180145263672,1.0693830060958862,0.0,0.0,-1.5707918088883162,2.356198977679014,1.0411079931259155,6.742269020080567,3.9269907865673304,1.0,0.0,0.0,0.0,720.0,12.0
1788870456.4038074,1788870456.4036164,1.059283971786499,-1.527158577926457,-0.0012851170454532702,-0.0034339619390533617,-0.0034339619390533617,0.49750781983032794,0.0,1.1617539930343628,1.0674420404434204,0.0,0.0,-1.5707918088883162,2.356198977679014,1.039283971786499,6.712308864593506,3.9269907865673304,1.0,0.0,0.0,0.0,720.0,12.0
1788870456.4613287,1788870456.461244,1.0580639839172363,-1.527158577926457,-0.0011976079459457408,-0.0037128303806344683,-0.0037128303806344683,0.49730543249686576,0.0,1.1626419830322265,1.066150050163269,0.0,0.0,-1.5707918088883162,2.356198977679014,1.0380639839172363,6.686583976745606,3.9269907865673304,1.0,0.0,0.0,0.0,720.0,12.0
1788870456.5302787,1788870456.5301838,1.0562289953231812,-1.527158577926457,-0.00200494609086453,-0.005604928357726888,-0.005604928357726888,0.49593225214679865,0.0,1.1639760541915893,1.0642070579528808,0.0,0.0,-1.5707918088883162,2.356198977679014,1.0362289953231811,6.656589965820313,3.9269907865673304,1.0,0.0,0.0,0.0,720.0,12.0
1788870456.605359,1788870456.6052027,1.054337978363037,-1.527158577926457,-0.0017901702658866174,-0.0056914599029040894,-0.0056914599029040894,0.49586945232409557,0.0,1.1654350566864013,1.0621629762649536,0.0,0.0,-1.5707918088883162,2.356198977679014,1.034337978363037,6.618277053833008,3.9269907865673304,1.0,0.0,0.0,0.0,720.0,12.0
1788870456.6630855,1788870456.6629527,1.0530660152435303,-1.527158577926457,-0.0016964348560849782,-0.005507452048501578,-0.005507452048501578,0.49600299507557183,0.0,1.1664190101623535,1.0607909965515137,0.0,0.0,-1.5707918088883162,2.356198977679014,1.0330660152435303,6.592728118896485,3.9269907865673304,1.0,0.0,0.0,0.0,720.0,12.0
1788870456.728437,1788870456.728343,1.051090955734253,-1.522795254830271,-0.0004442999694400257,-0.002647467546096131,-0.002647467546096131,0.49807861408037335,0.0,1.1680350112915039,1.058616976737976,0.0,0.0,-1.5707918088883162,2.356198977679014,1.031090955734253,6.554779033660889,3.9269907865673304,1.0,0.0,0.0,0.0,720.0,13.0
1788870456.8033204,1788870456.803087,1.049075961112976,-1.522795254830271,-5.0224104571116095e-05,-0.0009067422580681394,-0.0009067422580681394,0.4993419364819215,0.0,1.1697079944610596,1.056395034790039,0.0,0.0,-1.5707918088883162,2.356198977679014,1.029075961112976,6.516896228790284,3.9269907865673304,1.0,0.0,0.0,0.0,720.0,13.0
1788870456.8768446,1788870456.8767076,1.047037959098816,-1.522795254830271,-0.0006234827043874303,-0.0016686239352482854,-0.0016686239352482854,0.49878900478343324,0.0,1.1714080381393432,1.0541490125656128,0.0,0.0,-1.5707918088883162,2.356198977679014,1.027037959098816,6.487614135742188,3.9269907865673304,1.0,0.0,0.0,0.0,720.0,13.0
1788870456.9319909,1788870456.9318926,1.0457279682159424,-1.522795254830271,-0.0005627387427766851,-0.0017611219643942607,-0.0017611219643942607,0.49872187481575664,0.0,1.1724070119857788,1.0527570056915283,0.0,0.0,-1.5707918088883162,2.356198977679014,1.0257279682159424,6.461879234313965,3.9269907865673304,1.0,0.0,0.0,0.0,720.0,13.0
1788870457.0038602,1788870457.0037215,1.0438079833984375,-1.522795254830271,-0.0015686975822928788,-0.004042219173654327,-0.004042219173654327,0.4970663802788605,0.0,1.1737960386276245,1.050754051208496,0.0,0.0,-1.5707918088883162,2.356198977679014,1.0238079833984375,6.431629161834717,3.9269907865673304,1.0,0.0,0.0,0.0,720.0,13.0
1788870457.0576158,1788870457.057437,1.0425209999084473,-1.522795254830271,-0.001531971155022809,-0.0046442811393473905,-0.0046442811393473905,0.4966294369118564,0.0,1.1747389841079712,1.0494060325622558,0.0,0.0,-1.5707918088883162,2.356198977679014,1.0225209999084472,6.4056911277771,3.9269907865673304,1.0,0.0,0.0,0.0,720.0,13.0
1788870457.129849,1788870457.129733,1.0405819416046143,-1.522795254830271,-0.0024754366996348875,-0.006938262548986366,-0.006938262548986366,0.494964591732974,0.0,1.1761649656295776,1.0473739910125732,0.0,0.0,-1.5707918088883162,2.356198977679014,1.0205819416046142,6.375541191101075,3.9269907865673304,1.0,0.0,0.0,0.0,720.0,13.0
1788870457.1881332,1788870457.187995,1.0392359495162964,-1.522795254830271,-0.002308484797930002,-0.007252484712059114,-0.007252484712059114,0.4947365466184445,0.0,1.1772429752349853,1.04591796875,0.0,0.0,-1.5707918088883162,2.356198977679014,1.0192359495162964,6.3499460029602055,3.9269907865673304,1.0,0.0,0.0,0.0,720.0,13.0
1788870457.2524276,1788870457.252222,1.037179946899414,-1.522795254830271,-0.002034543358679314,-0.006733122537059398,-0.006733122537059398,0.4951134710388033,0.0,1.178922038078308,1.0436839866638183,0.0,0.0,-1.5707918088883162,2.356198977679014,1.017179946899414,6.31167314529419,3.9269907865673304,1.0,0.0,0.0,0.0,720.0,13.0
1788870457.3266819,1788870457.3265665,1.0350359678268433,-1.522795254830271,-0.0007904382799742508,-0.0037905185082601415,-0.0037905185082601415,0.4972490507388486,0.0,1.1805690336227417,1.0413019466400146,0.0,0.0,-1.5707918088883162,2.356198977679014,1.0150359678268432,6.273886184692383,3.9269907865673304,1.0,0.0,0.0,0.0,720.0,14.0
1788870457.3798556,1788870457.3797593,1.0335780382156372,-1.518431931734085,-0.00045900112734360436,-0.0021653180777277165,-0.0021653180777277165,0.4984285315707858,0.0,1.1812360095977783,1.0396760511398315,0.0,0.0,-1.5707918088883162,2.356198977679014,1.0135780382156372,6.248768787384034,3.9269907865673304,1.0,0.0,0.0,0.0,720.0,14.0
1788870457.4515324,1788870457.4513488,1.0313719511032104,-1.518431931734085,0.0003521026939779053,0.00013911461119219277,0.00013911461119219277,0.4998990382882868,0.0,1.1822349834442138,1.0372350025177002,0.0,0.0,-1.5707918088883162,2.356198977679014,1.0113719511032104,6.219743232727051,3.9269907865673304,1.0,0.0,0.0,0.0,720.0,14.0
1788870457.505413,1788870457.5053308,1.0299500226974487,-1.518431931734085,0.00044766479143462,0.0010445035161712067,0.0010445035161712067,0.499241956959234,0.0,1.1827690410614013,1.0357119846343994,0.0,0.0,-1.5707918088883162,2.356198977679014,1.0099500226974487,6.194056968688965,3.9269907865673304,1.0,0.0,0.0,0.0,720.0,14.0
1788870457.5757825,1788870457.5757043,1.0278569459915161,-1.518431931734085,-0.0006628042970940911,-0.0011713305706394018,-0.0011713305706394018,0.4991499128784512,0.0,1.1834729719161987,1.0335069704055786,0.0,0.0,-1.5707918088883162,2.356198977679014,1.007856945991516,6.164022903442383,3.9269907865673304,1.0,0.0,0.0,0.0,720.0,14.0
1788870457.6283185,1788870457.6281054,1.0265040397644043,-1.518431931734085,-0.0008101594140127217,-0.002166156258580317,-0.002166156258580317,0.49842792326535423,0.0,1.1838379907608032,1.0321190166473388,0.0,0.0,-1.5707918088883162,2.356198977679014,1.0065040397644043,6.137742977142334,3.9269907865673304,1.0,0.0,0.0,0.0,720.0,14.0
1788870457.6999888,1788870457.6998522,1.0245130062103271,-1.518431931734085,-0.002227555629373514,-0.005639571487370766,-0.005639571487370766,0.49590711007410065,0.0,1.1843089866638183,1.0301019954681396,0.0,0.0,-1.5707918088883162,2.356198977679014,1.0045130062103271,6.106942157745362,3.9269907865673304,1.0,0.0,0.0,0.0,720.0,14.0
1788870457.7532685,1788870457.753117,1.023149013519287,-1.518431931734085,-0.002333718542310059,-0.006919400980985761,-0.006919400980985761,0.4949782804186887,0.0,1.1847109603881836,1.0286860275268555,0.0,0.0,-1.5707918088883162,2.356198977679014,1.003149013519287,6.080772857666016,3.9269907865673304,1.0,0.0,0.0,0.0,720.0,14.0
1788870457.825446,1788870457.8253682,1.021064043045044,-1.518431931734085,-0.001610632640448391,-0.005683637408900124,-0.005683637408900124,0.4958751294587814,0.0,1.1853929567337036,1.0264979410171509,0.0,0.0,-1.5707918088883162,2.356198977679014,1.001064043045044,6.041728954315186,3.9269907865673304,1.0,0.0,0.0,0.0,720.0,15.0
1788870457.878223,1788870457.8781264,1.019592046737671,-1.518431931734085,-0.003479604273490067,-0.009499404795287787,-0.009499404795287787,0.49310585595452755,0.0,1.1860290575027466,1.0248930263519287,0.0,0.0,-1.5707918088883162,2.356198977679014,0.9995920467376709,6.025146942138672,3.9269907865673304,1.0,0.0,0.0,0.0,720.0,14.0
1788870457.9513521,1788870457.95122,1.0173280239105225,-1.518431931734085,-0.001986427684928175,-0.007299419452825449,-0.007299419452825449,0.4947024839723574,0.0,1.1870889472961426,1.0223979759216308,0.0,0.0,-1.5707918088883162,2.356198977679014,0.9973280239105224,5.987116794586182,3.9269907865673304,1.0,0.0,0.0,0.0,720.0,15.0
1788870458.005785,1788870458.0057058,1.015820026397705,-1.518431931734085,-0.001859273786887076,-0.006354599118474684,-0.006354599118474684,0.49538818245794425,0.0,1.1877709436416626,1.0207520532608032,0.0,0.0,-1.5707918088883162,2.356198977679014,0.9958200263977051,5.9616169738769536,3.9269907865673304,1.0,0.0,0.0,0.0,720.0,15.0
1788870458.0744174,1788870458.074253,1.0134459733963013,-1.518431931734085,-0.002700343524050217,-0.007955149229414891,-0.007955149229414891,0.4942265914683391,0.0,1.1890369462966919,1.0180890369415283,0.0,0.0,-1.5707918088883162,2.356198977679014,0.9934459733963013,5.9330029296875,3.9269907865673304,1.0,0.0,0.0,0.0,720.0,15.0
1788870458.1297426,1788870458.1296415,1.0118650197982788,-1.5140686086378992,-0.002492258886930654,-0.007969204675549133,-0.007969204675549133,0.49421639080078555,0.0,1.1898369598388672,1.0163450050354004,0.0,0.0,-1.5707918088883162,2.356198977679014,0.9918650197982788,5.907701950073243,3.9269907865673304,1.0,0.0,0.0,0.0,720.0,15.0
1788870458.1991704,1788870458.1990852,1.0095059871673584,-1.5140686086378992,-0.003573077049689861,-0.01039445399397003,-0.01039445399397003,0.4924562786140019,0.0,1.1909780311584472,1.0137719917297363,0.0,0.0,-1.5707918088883162,2.356198977679014,0.9895059871673584,5.878509979248047,3.9269907865673304,1.0,0.0,0.0,0.0,720.0,15.0
1788870458.2519763,1788870458.2518067,1.0078890323638916,-1.5140686086378992,-0.0033375390303195087,-0.010594423626106709,-0.010594423626106709,0.49231115168464373,0.0,1.1918279933929443,1.0119859981536865,0.0,0.0,-1.5707918088883162,2.356198977679014,0.9878890323638916,5.853250007629395,3.9269907865673304,1.0,0.0,0.0,0.0,720.0,15.0
1788870458.3236904,1788870458.3235486,1.0054320096969604,-1.5140686086378992,-0.00226302740187562,-0.008247508468033403,-0.008247508468033403,0.4940144132584937,0.0,1.1931420373916626,1.0092749404907226,0.0,0.0,-1.5707918088883162,2.356198977679014,0.9854320096969604,5.815370063781739,3.9269907865673304,1.0,0.0,0.0,0.0,720.0,16.0
1788870458.3775518,1788870458.3774128,1.0037280321121216,-1.5140686086378992,-0.0019509249991447632,-0.00684432453849429,-0.00684432453849429,0.4950327667596871,0.0,1.1941590118408203,1.0073549556732178,0.0,0.0,-1.5707918088883162,2.356198977679014,0.9837280321121216,5.7904929924011235,3.9269907865673304,1.0,0.0,0.0,0.0,720.0,16.0
1788870458.4513564,1788870458.4512398,1.001127004623413,-1.5140686086378992,-0.0027755823400733974,-0.008270601803312697,-0.008270601803312697,0.493997653389498,0.0,1.1957399654388428,1.0044280099868774,0.0,0.0,-1.5707918088883162,2.356198977679014,0.9811270046234131,5.762257080078125,3.9269907865673304,1.0,0.0,0.0,0.0,720.0,16.0
1788870458.5034747,1788870458.5034,0.9994043111801147,-1.5097052855417132,-0.003969996945050635,-0.011373973697907231,-0.011373973697907231,0.4917453972398687,0.0,1.1967210578918457,1.0025299596786499,0.0,0.0,-1.5707918088883162,2.356198977679014,0.9794043111801147,5.746218185424805,3.9269907865673304,1.0,0.0,0.0,0.0,720.0,16.0
1788870458.5760741,1788870458.575955,0.9968416094779968,-1.5097052855417132,-0.0035416240675880807,-0.011345430020769471,-0.011345430020769471,0.49176611266636283,0.0,1.1981169986724853,0.999737958908081,0.0,0.0,-1.5707918088883162,2.356198977679014,0.9768416094779968,5.708010177612305,3.9269907865673304,1.0,0.0,0.0,0.0,720.0,16.0
1788870458.632665,1788870458.6325178,0.9950934052467346,-1.5097052855417132,-0.0026250935875946724,-0.009283838642442907,-0.009283838642442907,0.49326230197836457,0.0,1.1991239595413208,0.9978159475326538,0.0,0.0,-1.5707918088883162,2.356198977679014,0.9750934052467346,5.682723026275635,3.9269907865673304,1.0,0.0,0.0,0.0,720.0,17.0
1788870458.7017179,1788870458.701609,0.9923567771911621,-1.5097052855417132,-0.0020524241613209477,-0.007382581714091795,-0.007382581714091795,0.49464212939007857,0.0,1.2008789587020874,0.9947459506988525,0.0,0.0,-1.5707918088883162,2.356198977679014,0.9723567771911621,5.645452003479004,3.9269907865673304,1.0,0.0,0.0,0.0,720.0,17.0
1788870458.756255,1788870458.7561615,0.9904940724372864,-1.5097052855417132,-0.0031732672546833643,-0.009322893164718274,-0.009322893164718274,0.4932339583602121,0.0,1.2021050262451172,0.9926529932022095,0.0,0.0,-1.5707918088883162,2.356198977679014,0.9704940724372864,5.629887084960938,3.9269907865673304,1.0,0.0,0.0,0.0,720.0,17.0
1788870458.8258574,1788870458.825724,0.9877088069915771,-1.5053419624455273,-0.0027426161622450505,-0.008940328152844396,-0.008940328152844396,0.49351160294484175,0.0,1.2038529920578003,0.9895770359039306,0.0,0.0,-1.5707918088883162,2.356198977679014,0.9677088069915771,5.592237930297852,3.9269907865673304,1.0,0.0,0.0,0.0,720.0,17.0
1788870458.8997028,1788870458.8995674,0.984962522983551,-1.5053419624455273,-0.004002252897303115,-0.011647144935812297,-0.011647144935812297,0.49154714462259613,0.0,1.2054630327224731,0.9865979957580566,0.0,0.0,-1.5707918088883162,2.356198977679014,0.964962522983551,5.563284854888916,3.9269907865673304,1.0,0.0,0.0,0.0,720.0,17.0
1788870458.952848,1788870458.9527197,0.9830784201622009,-1.5053419624455273,-0.0013597798693936092,-0.006540050388185375,-0.006540050388185375,0.4952535921552513,0.0,1.202970962524414,0.9845260190963745,0.0,0.0,-1.5707918088883162,2.356198977679014,0.9630784201622009,5.538073997497559,3.9269907865673304,1.0,0.0,0.0,0.0,720.0,18.0
1788870459.025924,1788870459.0257027,0.9802327752113342,-1.5053419624455273,-0.002577150077389859,-0.007734831289808897,-0.007734831289808897,0.4943864860769149,0.0,1.1978879976272583,0.9814079809188843,0.0,0.0,-1.5707918088883162,2.356198977679014,0.9602327752113342,5.5094871330261235,3.9269907865673304,1.0,0.0,0.0,0.0,720.0,18.0
1788870459.0794253,1788870459.0793104,0.9782658219337463,-1.5053419624455273,-0.002132106623452156,-0.0070963682234755,-0.0070963682234755,0.4948498473550025,0.0,1.1945990133285522,0.9792191791534424,0.0,0.0,-1.5707918088883162,2.356198977679014,0.9582658219337463,5.4845590400695805,3.9269907865673304,1.0,0.0,0.0,0.0,720.0,18.0
1788870459.152203,1788870459.1520708,0.9754005074501038,-1.5009786393493414,-0.0035297741217671054,-0.010035604499800966,-0.010035604499800966,0.4927167117839489,0.0,1.189496021270752,0.976133029460907,0.0,0.0,-1.5707918088883162,2.356198977679014,0.9554005074501037,5.455519180297852,3.9269907865673304,1.0,0.0,0.0,0.0,720.0,18.0
1788870459.2267451,1788870459.2265894,0.972491979598999,-1.5009786393493414,-0.004978774111464587,-0.014163135359620964,-0.014163135359620964,0.4897211775464936,0.0,1.1844479846954346,0.9729878115653992,0.0,0.0,-1.5707918088883162,2.356198977679014,0.952491979598999,5.426689128875733,3.9269907865673304,1.0,0.0,0.0,0.0,720.0,18.0
1788870459.280252,1788870459.2801025,0.9705430269241333,-1.5009786393493414,-0.004894081521283016,-0.015211683215560247,-0.015211683215560247,0.488960199346996,0.0,1.1810879516601562,0.9708875226974487,0.0,0.0,-1.5707918088883162,2.356198977679014,0.9505430269241333,5.40100477218628,3.9269907865673304,1.0,0.0,0.0,0.0,720.0,18.0
1788870459.351807,1788870459.3517,0.9675285220146179,-1.5009786393493414,-0.0040498755352070615,-0.013635226163531891,-0.013635226163531891,0.49010430492333434,0.0,1.1761870193481445,0.9675913262367248,0.0,0.0,-1.5707918088883162,2.356198977679014,0.9475285220146179,5.363038997650147,3.9269907865673304,1.0,0.0,0.0,0.0,720.0,19.0
1788870459.424805,1788870459.424482,0.9644367098808289,-1.4966153162531555,-0.005214538429811884,-0.01577113393183819,-0.01577113393183819,0.48855418087452535,0.0,1.1717070150375366,0.9641300845146179,0.0,0.0,-1.5707918088883162,2.356198977679014,0.9444367098808288,5.336936931610108,3.9269907865673304,1.0,0.0,0.0,0.0,720.0,19.0
1788870459.4803212,1788870459.480241,0.9623485207557678,-1.4966153162531555,-0.005197583829392348,-0.016373927957390316,-0.016373927957390316,0.48811670621885345,0.0,1.1688350248336792,0.9617916750907898,0.0,0.0,-1.5707918088883162,2.356198977679014,0.9423485207557678,5.313681106567383,3.9269907865673304,1.0,0.0,0.0,0.0,720.0,19.0
1788870459.5510075,1788870459.5508642,0.9591161012649536,-1.4966153162531555,-0.006231710556147236,-0.018871210032986904,-0.018871210032986904,0.48630431662999424,0.0,1.1643819618225097,0.9566849875450134,0.0,0.0,-1.5707918088883162,2.356198977679014,0.9391161012649536,5.287078838348389,3.9269907865673304,1.0,0.0,0.0,0.0,720.0,19.0
1788870459.603515,1788870459.6033947,0.9569190144538879,-1.4966153162531555,-0.005316819969003322,-0.017571039740463514,-0.017571039740463514,0.4872479085153244,0.0,1.1615290451049805,0.9531627106666565,0.0,0.0,-1.5707918088883162,2.356198977679014,0.9369190144538879,5.263360958099366,3.9269907865673304,1.0,0.0,0.0,0.0,720.0,20.0
1788870459.675506,1788870459.6753035,0.9536103010177612,-1.4922519931569695,-0.0064472462675445085,-0.019713143561438756,-0.019713143561438756,0.48569328771324155,0.0,1.157412986755371,0.9479107069969177,0.0,0.0,-1.5707918088883162,2.356198977679014,0.9336103010177612,5.238384227752686,3.9269907865673304,1.0,0.0,0.0,0.0,720.0,20.0
1788870459.7281868,1788870459.7281005,0.9513254165649414,-1.4922519931569695,-0.005910064654409513,-0.019152487894308935,-0.019152487894308935,0.4861001806725795,0.0,1.154793004989624,0.9443076062202453,0.0,0.0,-1.5707918088883162,2.356198977679014,0.9313254165649414,5.215668182373047,3.9269907865673304,1.0,0.0,0.0,0.0,720.0,20.0
1788870459.8005095,1788870459.7998674,0.9478648900985718,-1.4878886700607836,-0.006876329437532347,-0.02114872430836514,-0.02114872430836514,0.48465142238888703,0.0,1.1508910465240478,0.9388825106620788,0.0,0.0,-1.5707918088883162,2.356198977679014,0.9278648900985718,5.191266040802002,3.9269907865673304,1.0,0.0,0.0,0.0,720.0,20.0
1788870459.8523974,1788870459.8522615,0.9452536106109619,-1.4442554390989244,-0.006086024779603436,-0.019977312798821242,-0.019977312798821242,0.48550156825142843,0.0,1.148383002281189,0.935179214477539,0.0,0.0,-1.5707918088883162,2.356198977679014,0.9252536106109619,5.168671112060547,3.9269907865673304,1.0,0.0,0.0,0.0,720.0,20.0
1788870459.9255025,1788870459.9254222,0.9399858713150024,-1.4398921160027385,-0.0046934379896728315,-0.016506494936513516,-0.016506494936513516,0.4880204964173508,0.0,1.1446709442138672,0.9295794177055359,0.0,0.0,-1.5707918088883162,2.356198977679014,0.9199858713150024,5.134655933380127,3.9269907865673304,1.0,0.0,0.0,0.0,720.0,21.0
1788870459.978027,1788870459.9779563,0.9364109039306641,-1.4398921160027385,-0.006177021341492953,-0.018788476285898272,-0.018788476285898272,0.48636436022031826,0.0,1.1422869968414306,0.9257684755325317,0.0,0.0,-1.5707918088883162,2.356198977679014,0.916410903930664,5.1222238349914555,3.9269907865673304,1.0,0.0,0.0,0.0,720.0,21.0
1788870460.0492842,1788870460.0491822,0.931004524230957,-1.4355287929065526,-0.005141792179933064,-0.017154157368819544,-0.017154157368819544,0.487550458746846,0.0,1.1387389707565307,0.9200283098220825,0.0,0.0,-1.5707918088883162,2.356198977679014,0.911004524230957,5.08830307006836,3.9269907865673304,1.0,0.0,0.0,0.0,720.0,21.0
1788870460.1024954,1788870460.1024334,0.9274163842201233,-1.4355287929065526,-0.003999630753468574,-0.01410542009841547,-0.01410542009841547,0.4897630640996985,0.0,1.1363160419464111,0.9162543225288391,0.0,0.0,-1.5707918088883162,2.356198977679014,0.9074163842201233,5.0651511955261235,3.9269907865673304,1.0,0.0,0.0,0.0,720.0,22.0
1788870460.175176,1788870460.1750455,0.921947717666626,-1.4355287929065526,-0.00492953362409571,-0.01527378134749903,-0.01527378134749903,0.48891513194795716,0.0,1.132811050415039,0.9104773807525635,0.0,0.0,-1.5707918088883162,2.356198977679014,0.901947717666626,5.040926914215088,3.9269907865673304,1.0,0.0,0.0,0.0,720.0,22.0
1788870460.2264721,1788870460.226324,0.9182794094085693,-1.4311654698103666,-0.0023451774114412486,-0.009835331805878107,-0.009835331805878107,0.4928620586588356,0.0,1.1304780054092407,0.9066241192817688,0.0,0.0,-1.5707918088883162,2.356198977679014,0.8982794094085693,5.017800788879395,3.9269907865673304,1.0,0.0,0.0,0.0,720.0,22.0
1788870460.2991626,1788870460.2990403,0.9128078818321228,-1.4311654698103666,-0.0030672425465425473,-0.009821222846018739,-0.009821222846018739,0.49287229816369915,0.0,1.1268950510025024,0.9009157824516296,0.0,0.0,-1.5707918088883162,2.356198977679014,0.8928078818321228,4.992592792510987,3.9269907865673304,1.0,0.0,0.0,0.0,720.0,23.0
1788870460.354403,1788870460.354322,0.909128725528717,-1.4311654698103666,-0.002413198396348578,-0.008351931261626436,-0.008351931261626436,0.493938628954511,0.0,1.1245529460906982,0.897071521282196,0.0,0.0,-1.5707918088883162,2.356198977679014,0.889128725528717,4.969049911499024,3.9269907865673304,1.0,0.0,0.0,0.0,720.0,23.0
1788870460.4261532,1788870460.4260738,0.9035279750823975,-1.4268021467141807,-0.005763935283760361,-0.01541679441411114,-0.01541679441411114,0.48881134095232576,0.0,1.1207530307769775,0.8912815856933594,0.0,0.0,-1.5707918088883162,2.356198977679014,0.8835279750823974,4.952149848937989,3.9269907865673304,1.0,0.0,0.0,0.0,720.0,23.0
1788870460.4792418,1788870460.4791906,0.8997092843055725,-1.4268021467141807,-0.0054434566077687044,-0.016818381125635242,-0.016818381125635242,0.48779414662387055,0.0,1.11816499710083,0.887345712184906,0.0,0.0,-1.5707918088883162,2.356198977679014,0.8797092843055725,4.926371078491211,3.9269907865673304,1.0,0.0,0.0,0.0,720.0,23.0
1788870460.549732,1788870460.5496478,0.8939810991287231,-1.4268021467141807,-0.006770697701251348,-0.020211877188493592,-0.020211877188493592,0.48533133435518033,0.0,1.1142439651489258,0.8814595150947571,0.0,0.0,-1.5707918088883162,2.356198977679014,0.8739810991287231,4.897736053466797,3.9269907865673304,1.0,0.0,0.0,0.0,720.0,24.0
1788870460.602623,1788870460.602549,0.8901312947273254,-1.4268021467141807,-0.008274832978368242,-0.024599189028092938,-0.024599189028092938,0.48214726541123887,0.0,1.1119249868392944,0.8774524736404419,0.0,0.0,-1.5707918088883162,2.356198977679014,0.8701312947273254,4.883992176055909,3.9269907865673304,1.0,0.0,0.0,0.0,720.0,24.0
1788870460.674797,1788870460.674709,0.8843693137168884,-1.4224388236179948,-0.009437247223882573,-0.028519190489924847,-0.028519190489924847,0.47930234456422566,0.0,1.1080679702758789,0.8714417028427124,0.0,0.0,-1.5707918088883162,2.356198977679014,0.8643693137168884,4.859370212554932,3.9269907865673304,1.0,0.0,0.0,0.0,720.0,24.0
1788870460.7270648,1788870460.726963,0.8804234266281128,-1.4224388236179948,-0.008372606792704037,-0.0273103963626345,-0.0273103963626345,0.480179620668829,0.0,1.105641942024231,0.867309193611145,0.0,0.0,-1.5707918088883162,2.356198977679014,0.8604234266281128,4.8365092086792,3.9269907865673304,1.0,0.0,0.0,0.0,720.0,25.0
1788870460.799657,1788870460.799525,0.8743376135826111,-1.4180755005218089,-0.009020858309368522,-0.02839984152177584,-0.02839984152177584,0.47938896146242393,0.0,1.10225604057312,0.860894124507904,0.0,0.0,-1.5707918088883162,2.356198977679014,0.8543376135826111,4.813963871002198,3.9269907865673304,1.0,0.0,0.0,0.0,720.0,25.0
1788870460.8531234,1788870460.8530462,0.8701372742652893,-1.4180755005218089,-0.008048787090253884,-0.02654923553870145,-0.02654923553870145,0.48073202921179037,0.0,1.1001889514923096,0.8564569759368896,0.0,0.0,-1.5707918088883162,2.356198977679014,0.8501372742652893,4.7924580383300786,3.9269907865673304,1.0,0.0,0.0,0.0,720.0,25.0
1788870460.9242573,1788870460.9241,0.8637773990631104,-1.413712177425623,-0.00831394944469662,-0.026588017417730866,-0.026588017417730866,0.4807038834630677,0.0,1.0971499490737915,0.8497478175163269,0.0,0.0,-1.5707918088883162,2.356198977679014,0.8437773990631103,4.770892124176026,3.9269907865673304,1.0,0.0,0.0,0.0,720.0,26.0
1788870460.977924,1788870460.9778502,0.8594592809677124,-1.413712177425623,-0.007143986599111865,-0.02397893520732984,-0.02397893520732984,0.48259741142325185,0.0,1.0952149438858032,0.845203320980072,0.0,0.0,-1.5707918088883162,2.356198977679014,0.8394592809677124,4.749365787506104,3.9269907865673304,1.0,0.0,0.0,0.0,720.0,26.0
1788870461.049905,1788870461.0497918,0.8529403805732727,-1.409348854329437,-0.007791435665588765,-0.024646496453117783,-0.024646496453117783,0.48211293229147295,0.0,1.092341046333313,0.8383604097366333,0.0,0.0,-1.5707918088883162,2.356198977679014,0.8329403805732727,4.7230539131164555,3.9269907865673304,1.0,0.0,0.0,0.0,720.0,26.0
1788870461.1054473,1788870461.1053712,0.8485420942306519,-1.409348854329437,-0.006797174657570029,-0.022619620168892202,-0.022619620168892202,0.48358392730294303,0.0,1.0904730367660522,0.833756308555603,0.0,0.0,-1.5707918088883162,2.356198977679014,0.8285420942306518,4.700389842987061,3.9269907865673304,1.0,0.0,0.0,0.0,720.0,27.0
1788870461.1749806,1788870461.1748857,0.8419337272644043,-1.404985531233251,-0.009652640155934809,-0.02840779999996164,-0.02840779999996164,0.4793831856379194,0.0,1.087645034790039,0.8268670845031738,0.0,0.0,-1.5707918088883162,2.356198977679014,0.8219337272644043,4.666416149139405,3.9269907865673304,1.0,0.0,0.0,0.0,720.0,27.0
1788870461.227428,1788870461.227294,0.8374739289283752,-1.404985531233251,-0.008406439900468117,-0.02735276537703707,-0.02735276537703707,0.4801488715751068,0.0,1.0858260202407837,0.8222260880470276,0.0,0.0,-1.5707918088883162,2.356198977679014,0.8174739289283752,4.6438069152832036,3.9269907865673304,1.0,0.0,0.0,0.0,720.0,28.0
1788870461.3011563,1788870461.3010194,0.8307650089263916,-1.4006222081370652,-0.009163250347685814,-0.028731510391927347,-0.028731510391927347,0.4791482544901979,0.0,1.0830919551849365,0.8152655172348022,0.0,0.0,-1.5707918088883162,2.356198977679014,0.8107650089263916,4.61009786605835,3.9269907865673304,1.0,0.0,0.0,0.0,720.0,28.0
1788870461.3553426,1788870461.3549469,0.826146125793457,-1.4006222081370652,-0.010334363078616245,-0.031768426413678594,-0.031768426413678594,0.47694422834759764,0.0,1.0814829874038696,0.8104545283317566,0.0,0.0,-1.5707918088883162,2.356198977679014,0.806146125793457,4.587801914215088,3.9269907865673304,1.0,0.0,0.0,0.0,720.0,28.0
1788870461.4252849,1788870461.4252155,0.8191415071487427,-1.3962588850408792,-0.008353162363938531,-0.028241611619325886,-0.028241611619325886,0.4795037959981974,0.0,1.0791389751434326,0.8031732845306396,0.0,0.0,-1.5707918088883162,2.356198977679014,0.7991415071487427,4.553980808258057,3.9269907865673304,1.0,0.0,0.0,0.0,720.0,29.0
1788870461.4813452,1788870461.4812713,0.8143913745880127,-1.3962588850408792,-0.007137949293506399,-0.0244614899032521,-0.0244614899032521,0.4822471998410317,0.0,1.0776910591125488,0.7982368278503418,0.0,0.0,-1.5707918088883162,2.356198977679014,0.7943913745880127,4.531926136016846,3.9269907865673304,1.0,0.0,0.0,0.0,720.0,29.0
1788870461.5502625,1788870461.5501752,0.8070902824401855,-1.3918955619446933,-0.007333274739332971,-0.023764982387081485,-0.023764982387081485,0.4827526865792762,0.0,1.0757540273666382,0.7906458783149719,0.0,0.0,-1.5707918088883162,2.356198977679014,0.7870902824401855,4.498804073333741,3.9269907865673304,1.0,0.0,0.0,0.0,720.0,30.0
1788870461.601511,1788870461.6014166,0.802219808101654,-1.3918955619446933,-0.008412023982226825,-0.025972428436312534,-0.025972428436312534,0.481150643991981,0.0,1.0744329500198364,0.7855995106697082,0.0,0.0,-1.5707918088883162,2.356198977679014,0.782219808101654,4.477074127197266,3.9269907865673304,1.0,0.0,0.0,0.0,720.0,30.0
1788870461.6747506,1788870461.6746504,0.7949193120002747,-1.3875322388485074,-0.008939813445050265,-0.027816910647806354,-0.027816910647806354,0.4798120205382613,0.0,1.0723670530319214,0.7780815172195434,0.0,0.0,-1.5707918088883162,2.356198977679014,0.7749193120002746,4.444256763458252,3.9269907865673304,1.0,0.0,0.0,0.0,720.0,31.0
1788870461.7266426,1788870461.7263124,0.790040910243988,-1.3875322388485074,-0.010220059710114608,-0.031238006944998627,-0.031238006944998627,0.4773291775418268,0.0,1.0709889936447143,0.7730629849433899,0.0,0.0,-1.5707918088883162,2.356198977679014,0.770040910243988,4.422788124084473,3.9269907865673304,1.0,0.0,0.0,0.0,720.0,31.0
1788870461.799134,1788870461.7989988,0.7825772762298584,-1.3831689157523215,-0.01077343084401026,-0.03350388717408257,-0.03350388717408257,0.4756847266498255,0.0,1.0691269445419311,0.765391092300415,0.0,0.0,-1.5707918088883162,2.356198977679014,0.7625772762298584,4.390337924957276,3.9269907865673304,1.0,0.0,0.0,0.0,720.0,32.0
1788870461.8519096,1788870461.851787,0.7775176167488098,-1.3788055926561356,-0.012237424885056032,-0.037462997894750286,-0.037462997894750286,0.4728114224598833,0.0,1.0680080461502075,0.7601812887191772,0.0,0.0,-1.5707918088883162,2.356198977679014,0.7575176167488098,4.3692259597778325,3.9269907865673304,1.0,0.0,0.0,0.0,720.0,32.0
1788870461.9242709,1788870461.9241755,0.7697312235832214,-1.3788055926561356,-0.012586658076536465,-0.03943301345986677,-0.03943301345986677,0.4713816938220982,0.0,1.0666119861602783,0.7521648812294006,0.0,0.0,-1.5707918088883162,2.356198977679014,0.7497312235832214,4.337221126556397,3.9269907865673304,1.0,0.0,0.0,0.0,720.0,33.0
1788870461.980753,1788870461.9806466,0.76442950963974,-1.3744422695599496,-0.010979362280326584,-0.03642367554589158,-0.03642367554589158,0.4735657052951895,0.0,1.0658349800109863,0.7467062878608703,0.0,0.0,-1.5707918088883162,2.356198977679014,0.74442950963974,4.315041999816895,3.9269907865673304,1.0,0.0,0.0,0.0,720.0,34.0
1788870462.0560095,1788870462.0559075,0.7562627196311951,-1.3700789464637637,-0.01375197935567886,-0.04173153642048812,-0.04173153642048812,0.4697135526360094,0.0,1.0649980115890503,0.7382902908325195,0.0,0.0,-1.5707918088883162,2.356198977679014,0.736262719631195,4.285057048797608,3.9269907865673304,1.0,0.0,0.0,0.0,720.0,34.0
1788870462.1271539,1788870462.127049,0.7478924989700317,-1.3657156233675778,-0.01369270400330762,-0.04319111789355551,-0.04319111789355551,0.4686542689084204,0.0,1.0644279527664184,0.7296762871742248,0.0,0.0,-1.5707918088883162,2.356198977679014,0.7278924989700317,4.25384901046753,3.9269907865673304,1.0,0.0,0.0,0.0,720.0,35.0
1788870462.1822035,1788870462.1820917,0.7422763705253601,-1.3657156233675778,-0.014479079591296799,-0.045390473652571484,-0.045390473652571484,0.46705809780753027,0.0,1.0640569734573364,0.7239174056053161,0.0,0.0,-1.5707918088883162,2.356198977679014,0.7222763705253601,4.233745079040528,3.9269907865673304,1.0,0.0,0.0,0.0,720.0,36.0
1788870462.2530386,1788870462.2529013,0.7336248159408569,-1.3613523002713919,-0.01447534134678122,-0.04604190671256138,-0.04604190671256138,0.46658532362342753,0.0,1.0638559865951538,0.7150422739982605,0.0,0.0,-1.5707918088883162,2.356198977679014,0.7136248159408569,4.203021030426026,3.9269907865673304,1.0,0.0,0.0,0.0,720.0,37.0
1788870462.3070378,1788870462.3068612,0.7277296185493469,-1.356988977175206,-0.015312048097323065,-0.04811155975177208,-0.04811155975177208,0.46508328360261003,0.0,1.0639020013809204,0.7090040254592895,0.0,0.0,-1.5707918088883162,2.356198977679014,0.7077296185493469,4.18346212387085,3.9269907865673304,1.0,0.0,0.0,0.0,720.0,37.0
1788870462.3779879,1788870462.3779116,0.7186905145645142,-1.35262565407902,-0.01515300296098583,-0.048376194558139886,-0.048376194558139886,0.4648912262565066,0.0,1.0642540264129638,0.6997545170783996,0.0,0.0,-1.5707918088883162,2.356198977679014,0.6986905145645141,4.153359870910645,3.9269907865673304,1.0,0.0,0.0,0.0,720.0,38.0
1788870462.4543753,1788870462.4542387,0.7094575762748718,-1.348262330982834,-0.014732551244469287,-0.047513773155053174,-0.047513773155053174,0.4655171241426276,0.0,1.064859013557434,0.6967376279830932,0.0,0.0,-1.5707918088883162,2.356198977679014,0.6894575762748718,4.126090030670166,3.9269907865673304,1.0,0.0,0.0,0.0,720.0,39.0
1788870462.5295448,1788870462.5293117,0.7005090713500977,-1.3788055926561356,-0.014481969599820125,-0.04669374385011303,-0.04669374385011303,0.4661122561821181,0.0,1.0657919454574585,0.6949286866188049,0.0,0.0,-1.5707918088883162,2.356198977679014,0.6805090713500976,4.09677885055542,3.9269907865673304,1.0,0.0,0.0,0.0,720.0,40.0
1788870462.6051495,1788870462.6049502,0.6930561065673828,-1.4224388236179948,-0.014228923400744095,-0.04588091157270068,-0.04588091157270068,0.46670216501599265,0.0,1.0669450569152832,0.6929502296447754,0.0,0.0,-1.5707918088883162,2.356198977679014,0.6730561065673828,4.067703227996827,3.9269907865673304,1.0,0.0,0.0,0.0,720.0,41.0
1788870462.6808383,1788870462.6806822,0.6872286796569824,-1.466072054579854,-0.016612303026040432,-0.050975832250140775,-0.050975832250140775,0.4630045526068497,0.0,1.0682819890975952,0.6908383774757385,0.0,0.0,-1.5707918088883162,2.356198977679014,0.6672286796569824,4.03881404876709,3.9269907865673304,1.0,0.0,0.0,0.0,720.0,42.0
1788870462.7538023,1788870462.7536652,0.6827375292778015,-1.5140686086378992,-0.01900981550042306,-0.05787473639598988,-0.05787473639598988,0.4579977084979447,0.0,1.0697810459136963,0.6886114287376404,0.0,0.0,-1.5707918088883162,2.356198977679014,0.6627375292778015,4.006387214660645,3.9269907865673304,1.0,0.0,0.0,0.0,720.0,43.0
1788870462.8263137,1788870462.826227,0.6800717711448669,-1.5577018395997584,-0.03586208066853938,-0.09769348161632518,-0.09769348161632518,0.4290994594839504,0.0,1.071452956199646,0.6862581777572632,0.0,0.0,-1.5707918088883162,2.356198977679014,0.6600717711448669,3.973180990219116,3.9269907865673304,1.0,0.0,0.0,0.0,720.0,38.0
1788870462.8824627,1788870462.882382,0.6789531707763672,-1.5664284857921302,-0.04803693831016011,-0.13691078629965622,-0.13691078629965622,0.4006377028382938,0.0,1.0728189754486084,0.6845071125030517,0.0,0.0,-1.5707918088883162,2.356198977679014,0.6589531707763672,3.95160005569458,3.9269907865673304,1.0,0.0,0.0,0.0,720.0,34.0
1788870462.9523878,1788870462.9516578,0.6770921945571899,-1.5620651626959443,-0.0443757098228186,-0.14047482589301052,-0.14047482589301052,0.3980511194817723,0.0,1.07538996219635,0.6814809846878052,0.0,0.0,-1.5707918088883162,2.356198977679014,0.6570921945571899,3.9207410621643066,3.9269907865673304,1.0,0.0,0.0,0.0,720.0,36.0
1788870463.0047688,1788870463.0046935,0.6751806735992432,-1.5577018395997584,-0.04118960543229648,-0.13440716393624727,-0.13440716393624727,0.4024546938583385,0.0,1.0784749794006347,0.6783919143676758,0.0,0.0,-1.5707918088883162,2.356198977679014,0.6551806735992431,3.9003929901123047,3.9269907865673304,1.0,0.0,0.0,0.0,720.0,37.0
1788870463.0756395,1788870463.0752065,0.6712669730186462,-1.5446118703112006,-0.03595283867135754,-0.12085650780471507,-0.12085650780471507,0.4122890126703748,0.0,1.0851729917526245,0.6722668814659118,0.0,0.0,-1.5707918088883162,2.356198977679014,0.6512669730186462,3.8709521102905273,3.9269907865673304,1.0,0.0,0.0,0.0,720.0,37.0
1788870463.1275814,1788870463.1273863,0.6682810187339783,-1.5358852241188288,-0.029417685801414944,-0.102152568536584,-0.102152568536584,0.42586330014533624,0.0,1.0903429794311523,0.6677686977386474,0.0,0.0,-1.5707918088883162,2.356198977679014,0.6482810187339783,3.851309995651245,3.9269907865673304,1.0,0.0,0.0,0.0,720.0,38.0
1788870463.1994996,1788870463.199399,0.6636180877685547,-1.522795254830271,-0.02365964905967346,-0.08364338445464375,-0.08364338445464375,0.43929624504819587,0.0,1.0983290481567383,0.6610259819030762,0.0,0.0,-1.5707918088883162,2.356198977679014,0.6436180877685547,3.8231270122528076,3.9269907865673304,1.0,0.0,0.0,0.0,720.0,38.0
1788870463.2929873,1788870463.2928536,0.6589592099189758,-1.5140686086378992,-0.018262354621029906,-0.06600068968750011,-0.06600068968750011,0.4521003397989877,0.0,1.1060780096054077,0.6546137738227844,0.0,0.0,-1.5707918088883162,2.356198977679014,0.6389592099189758,3.7947668838500976,3.9269907865673304,1.0,0.0,0.0,0.0,720.0,38.0
1788870463.3515654,1788870463.3514998,0.6541963815689087,-1.5053419624455273,-0.010524116038609865,-0.04337422683273614,-0.04337422683273614,0.46852137854003106,0.0,1.1137709426879883,0.6483219075202942,0.0,0.0,-1.5707918088883162,2.356198977679014,0.6341963815689087,3.7678830432891846,3.9269907865673304,1.0,0.0,0.0,0.0,720.0,39.0
1788870463.4053335,1788870463.4052284,0.651174008846283,-1.5009786393493414,-0.007493249032667715,-0.029797145882996524,-0.029797145882996524,0.478374875027619,0.0,1.1183179426193237,0.6445073890686035,0.0,0.0,-1.5707918088883162,2.356198977679014,0.6311740088462829,3.749243001937866,3.9269907865673304,1.0,0.0,0.0,0.0,720.0,40.0
1788870463.4748998,1788870463.4746938,0.6467177271842957,-1.4922519931569695,-0.006008137153731092,-0.022397370989256607,-0.022397370989256607,0.4837452234990116,0.0,1.122853021621704,0.6390819954872131,0.0,0.0,-1.5707918088883162,2.356198977679014,0.6267177271842956,3.7201490211486816,3.9269907865673304,1.0,0.0,0.0,0.0,720.0,41.0
1788870463.5276318,1788870463.5275042,0.643930971622467,-1.4878886700607836,-0.00892760315692241,-0.026717042368283178,-0.026717042368283178,0.4806102442705355,0.0,1.1240980434417724,0.635853271484375,0.0,0.0,-1.5707918088883162,2.356198977679014,0.623930971622467,3.6994149494171142,3.9269907865673304,1.0,0.0,0.0,0.0,720.0,41.0
1788870463.6006036,1788870463.6005282,0.6399434804916382,-1.4878886700607836,-0.010875208930998616,-0.03237558071592186,-0.03237558071592186,0.4765035892436014,0.0,1.1253280448913574,0.6313776779174805,0.0,0.0,-1.5707918088883162,2.356198977679014,0.6199434804916382,3.667333106994629,3.9269907865673304,1.0,0.0,0.0,0.0,720.0,43.0
1788870463.6514673,1788870463.651413,0.6373851895332336,-1.4835253469645977,-0.014153142150437874,-0.0414157126317574,-0.0414157126317574,0.46994276012210123,0.0,1.125859956741333,0.6285810875892639,0.0,0.0,-1.5707918088883162,2.356198977679014,0.6173851895332336,3.6470429706573486,3.9269907865673304,1.0,0.0,0.0,0.0,720.0,44.0
1788870463.7238352,1788870463.723752,0.6334095001220703,-1.4835253469645977,-0.021320574261701752,-0.06018280013573915,-0.06018280013573915,0.45632264314060184,0.0,1.1269229459762573,0.6242012190818786,0.0,0.0,-1.5707918088883162,2.356198977679014,0.6134095001220703,3.6148800659179687,3.9269907865673304,1.0,0.0,0.0,0.0,720.0,44.0
1788870463.7771013,1788870463.777009,0.6305767893791199,-1.4791620238684118,-0.02428245640023125,-0.07244754237723974,-0.07244754237723974,0.44742156970330194,0.0,1.127953987121582,0.621057014465332,0.0,0.0,-1.5707918088883162,2.356198977679014,0.6105767893791199,3.5934629249572754,3.9269907865673304,1.0,0.0,0.0,0.0,720.0,45.0
1788870463.8488545,1788870463.8487809,0.6259769201278687,-1.4747987007722259,-0.028475874435467306,-0.08552022144861869,-0.08552022144861869,0.4379341402779314,0.0,1.130156021118164,0.6158922123908996,0.0,0.0,-1.5707918088883162,2.356198977679014,0.6059769201278686,3.561536054611206,3.9269907865673304,1.0,0.0,0.0,0.0,720.0,46.0
1788870463.9006987,1788870463.900606,0.6225721836090088,-1.47043537767604,-0.028360321624688257,-0.0891831868738873,-0.0891831868738873,0.4352757620090199,0.0,1.1324430513381958,0.6119875121116638,0.0,0.0,-1.5707918088883162,2.356198977679014,0.6025721836090088,3.541146020889282,3.9269907865673304,1.0,0.0,0.0,0.0,720.0,47.0
1788870463.9774902,1788870463.9772284,0.6170337200164795,-1.461708731483668,-0.026477163387459295,-0.08606380205007502,-0.08606380205007502,0.4375396394594566,0.0,1.1368189859390259,0.6056036162376404,0.0,0.0,-1.5707918088883162,2.356198977679014,0.5970337200164795,3.510661106109619,3.9269907865673304,1.0,0.0,0.0,0.0,720.0,48.0
1788870464.0498407,1788870464.0497525,0.6110900044441223,-1.4573454083874822,-0.026698199537335345,-0.08562310757865368,-0.08562310757865368,0.43785947119960195,0.0,1.1422040271759033,0.598757426738739,0.0,0.0,-1.5707918088883162,2.356198977679014,0.5910900044441223,3.4812729167938232,3.9269907865673304,1.0,0.0,0.0,0.0,720.0,49.0
1788870464.100934,1788870464.1008666,0.6069753170013428,-1.4486187621951103,-0.028454486194885952,-0.08942498135014065,-0.08942498135014065,0.4351002809147184,0.0,1.1461150455474853,0.5940552163124084,0.0,0.0,-1.5707918088883162,2.356198977679014,0.5869753170013428,3.4620261001586914,3.9269907865673304,1.0,0.0,0.0,0.0,720.0,49.0
1788870464.1747203,1788870464.1745987,0.6006559133529663,-1.4398921160027385,-0.028431457353589956,-0.09051395887708369,-0.09051395887708369,0.43430996108996983,0.0,1.1521429824829101,0.5869241762161255,0.0,0.0,-1.5707918088883162,2.356198977679014,0.5806559133529663,3.432842950820923,3.9269907865673304,1.0,0.0,0.0,0.0,720.0,51.0
1788870464.2264192,1788870464.2263427,0.5963076949119568,-1.4355287929065526,-0.027622792764149945,-0.089029243454821,-0.089029243454821,0.4353874856515814,0.0,1.1563540506362915,0.5820706295967102,0.0,0.0,-1.5707918088883162,2.356198977679014,0.5763076949119568,3.412770013809204,3.9269907865673304,1.0,0.0,0.0,0.0,720.0,52.0
1788870464.300537,1788870464.3004131,0.5894976258277893,-1.4268021467141807,-0.02715360588105514,-0.08753285021000981,-0.08753285021000981,0.4364734853326896,0.0,1.1631860542297363,0.574519317150116,0.0,0.0,-1.5707918088883162,2.356198977679014,0.5694976258277893,3.383559923171997,3.9269907865673304,1.0,0.0,0.0,0.0,720.0,53.0
1788870464.3518975,1788870464.3517401,0.5847787261009216,-1.4224388236179948,-0.028508292722570196,-0.09011843076156018,-0.09011843076156018,0.4345970135802275,0.0,1.1680350112915039,0.5693331170082092,0.0,0.0,-1.5707918088883162,2.356198977679014,0.5647787261009216,3.3642720985412597,3.9269907865673304,1.0,0.0,0.0,0.0,720.0,54.0
1788870464.4244213,1788870464.424272,0.577512800693512,-1.413712177425623,-0.030670856399155372,-0.0957382475625761,-0.0957382475625761,0.43051846051608306,0.0,1.175572018623352,0.5614188718795776,0.0,0.0,-1.5707918088883162,2.356198977679014,0.557512800693512,3.334775905609131,3.9269907865673304,1.0,0.0,0.0,0.0,720.0,55.0
1788870464.4777746,1788870464.4777026,0.5725545883178711,-1.409348854329437,-0.029660103803448978,-0.09516010678849854,-0.09516010678849854,0.43093804320162443,0.0,1.1807449865341186,0.5560660171508789,0.0,0.0,-1.5707918088883162,2.356198977679014,0.5525545883178711,3.315839033126831,3.9269907865673304,1.0,0.0,0.0,0.0,720.0,56.0
1788870464.549305,1788870464.549226,0.5648459792137146,-1.4006222081370652,-0.03166126963163502,-0.09946927601141202,-0.09946927601141202,0.4278106858587919,0.0,1.1889979648590088,0.5477971243858337,0.0,0.0,-1.5707918088883162,2.356198977679014,0.5448459792137146,3.286478977203369,3.9269907865673304,1.0,0.0,0.0,0.0,720.0,57.0
1788870464.60163,1788870464.6015537,0.5594640970230103,-1.3962588850408792,-0.032437954402593235,-0.10250180066523246,-0.10250180066523246,0.4256098467288229,0.0,1.1950039672851562,0.5420480179786682,0.0,0.0,-1.5707918088883162,2.356198977679014,0.5394640970230102,3.2663988876342773,3.9269907865673304,1.0,0.0,0.0,0.0,720.0,58.0
1788870464.6756086,1788870464.6754727,0.5511505007743835,-1.3831689157523215,-0.03423638660834958,-0.1074400462022728,-0.1074400462022728,0.42202594049491277,0.0,1.2043900299072265,0.5332395839691162,0.0,0.0,-1.5707918088883162,2.356198977679014,0.5311505007743835,3.2371229934692383,3.9269907865673304,1.0,0.0,0.0,0.0,720.0,59.0
1788870464.7269516,1788870464.7267737,0.5453863143920898,-1.3788055926561356,-0.03520358644440627,-0.11108804749615189,-0.11108804749615189,0.419378422367193,0.0,1.2110949563980102,0.5271693277359009,0.0,0.0,-1.5707918088883162,2.356198977679014,0.5253863143920898,3.217070083618164,3.9269907865673304,1.0,0.0,0.0,0.0,720.0,61.0
1788870464.7980282,1788870464.7979434,0.5364227294921875,-1.3700789464637637,-0.03895377320474037,-0.120582866227464,-0.120582866227464,0.4124876066340024,0.0,1.2217900562286377,0.5248586940765381,0.0,0.0,-1.5707918088883162,2.356198977679014,0.5164227294921875,3.186911087036133,3.9269907865673304,1.0,0.0,0.0,0.0,720.0,62.0
1788870464.8514485,1788870464.8513772,0.530195415019989,-1.3613523002713919,-0.039309708178746336,-0.12422860618863099,-0.12422860618863099,0.40984172965683774,0.0,1.2294640350341797,0.531174521446228,0.0,0.0,-1.5707918088883162,2.356198977679014,0.510195415019989,3.1669990825653076,3.9269907865673304,1.0,0.0,0.0,0.0,720.0,63.0
1788870464.924222,1788870464.9241407,0.5210505127906799,-1.3962588850408792,-0.040224754464246434,-0.1273720318565013,-0.1273720318565013,0.4075604046877951,0.0,1.2417429494857788,0.5399368214607239,0.0,0.0,-1.5707918088883162,2.356198977679014,0.5010505127906799,3.1371850776672363,3.9269907865673304,1.0,0.0,0.0,0.0,720.0,65.0
1788870464.978624,1788870464.9784229,0.515750527381897,-1.4268021467141807,-0.043086473429658774,-0.13472531003938604,-0.13472531003938604,0.4022238009645403,0.0,1.250421028137207,0.5448887157440185,0.0,0.0,-1.404985531233251,2.356198977679014,0.5014260220527649,3.1180770206451416,3.7611845089122653,1.0,0.0,0.0,0.0,720.0,66.0
1788870465.051303,1788870465.051188,0.5091577768325806,-1.4747987007722259,-0.04373184134976287,-0.13837691763528465,-0.13837691763528465,0.3995736655817262,0.0,1.263964991569519,0.5514197158813476,0.0,0.0,-1.4268021467141807,2.356198977679014,0.5013106870651245,3.0891039180755615,3.783001124393195,1.0,0.0,0.0,0.0,720.0,67.0
1788870465.1062226,1788870465.1061351,0.5053622126579285,-1.5053419624455273,-0.043644701986241784,-0.139277207739767,-0.139277207739767,0.39892028468084134,0.0,1.2734969663619995,0.5553601193428039,0.0,0.0,-1.4442554390989244,2.356198977679014,0.5003418135643005,3.0798969078063965,3.8004544167779386,1.0,0.0,0.0,0.0,720.0,68.0
1788870465.1761813,1788870465.1761065,0.500857412815094,-1.5533385165035725,-0.04620799061061111,-0.14528906128969898,-0.14528906128969898,0.3945572129677509,0.0,1.288866024017334,0.5604551243782043,0.0,0.0,-1.466072054579854,2.356198977679014,0.5000957059860229,3.0739629077911377,3.822271032258868,1.0,0.0,0.0,0.0,720.0,70.0
1788870465.251797,1788870465.2516866,0.5013607740402222,-1.5707918088883162,-0.045792551373594316,-0.14616203346376097,-0.14616203346376097,0.3939236579140008,0.0,1.3053660202026367,0.5647690105438232,0.0,0.0,-1.4835253469645977,2.356198977679014,0.5009202766418457,3.066874008178711,3.839724324643612,1.0,0.0,0.0,0.0,720.0,72.0
1788870465.304797,1788870465.3047166,0.5050799250602722,-1.5707918088883162,-0.0602239199977533,-0.17875019083409568,-0.17875019083409568,0.37027297074683657,0.0,1.316364984512329,0.5673491764068603,0.0,0.0,-1.5009786393493414,2.356198977679014,0.5000486183166504,3.0891320514678955,3.8571776170283556,1.0,0.0,0.0,0.0,720.0,67.0
1788870465.3769403,1788870465.376837,0.5101525783538818,-1.5707918088883162,-0.07462977660308878,-0.22079575684114758,-0.22079575684114758,0.3397586180297248,0.0,1.3287190008163452,0.5705337929725647,0.0,0.0,-1.518431931734085,2.356198977679014,0.5007635760307312,3.1187228965759277,3.8746309094130993,1.0,0.0,0.0,0.0,720.0,62.0
1788870465.4304197,1788870465.430341,0.5132759213447571,-1.5707918088883162,-0.0815280472641736,-0.24886155292409315,-0.24886155292409315,0.3193900112468384,0.0,1.3374650287628174,0.5723321843147278,0.0,0.0,-1.5358852241188288,2.356198977679014,0.5000058221817016,3.138018112182617,3.892084201797843,1.0,0.0,0.0,0.0,720.0,59.0
1788870465.5002053,1788870465.50014,0.5165063738822937,-1.5707918088883162,-0.0783987568427215,-0.2502716812049241,-0.2502716812049241,0.3183666179185043,0.0,1.3525299835205078,0.5730125117301941,0.0,0.0,-1.5489751934073865,2.356198977679014,0.5004560756683349,3.1408879566192627,3.9051741710864007,1.0,0.0,0.0,0.0,720.0,61.0
1788870465.5542784,1788870465.554143,0.5172621011734009,-1.5707918088883162,-0.07511713347336631,-0.24334388334181778,-0.24334388334181778,0.3233944314937151,0.0,1.364376049041748,0.5715420055389404,0.0,0.0,-1.5533385165035725,2.356198977679014,0.5002859044075012,3.145102005004883,3.9095374941825867,1.0,0.0,0.0,0.0,720.0,62.0
1788870465.6251278,1788870465.6249487,0.5169765949249268,-1.5707918088883162,-0.06857504565610277,-0.22661126727221556,-0.22661126727221556,0.3355380413226854,0.0,1.3829150009155273,0.5675797271728515,0.0,0.0,-1.5489751934073865,2.356198977679014,0.5005566883087158,3.152884941101074,3.9051741710864007,1.0,0.0,0.0,0.0,720.0,62.0
1788870465.678747,1788870465.678659,0.5164682865142822,-1.5707918088883162,-0.06277238880637251,-0.2085935311079391,-0.2085935311079391,0.3486143204335048,0.0,1.3943799543380737,0.5646322178840637,0.0,0.0,-1.5446118703112006,2.356198977679014,0.5006155180931091,3.1546609210968017,3.900810847990215,1.0,0.0,0.0,0.0,720.0,64.0
1788870465.7495484,1788870465.7494025,0.515656590461731,-1.5707918088883162,-0.059441235838492326,-0.19572642761060455,-0.19572642761060455,0.3579525544460853,0.0,1.4121579933166504,0.5603152918815613,0.0,0.0,-1.5402485472150147,2.356198977679014,0.5002230215072632,3.1726710605621338,3.896447524894029,1.0,0.0,0.0,0.0,720.0,64.0
1788870465.8007655,1788870465.800696,0.5153197050094604,-1.5707918088883162,-0.05628499100983896,-0.18479630814522063,-0.18479630814522063,0.36588503228574515,0.0,1.4239009428024292,0.5578685212135315,0.0,0.0,-1.5358852241188288,2.356198977679014,0.5003664898872375,3.181997995376587,3.892084201797843,1.0,0.0,0.0,0.0,720.0,64.0
1788870465.8747158,1788870465.8746207,0.5150951743125916,-1.5707918088883162,-0.05618917251953507,-0.18130263888732479,-0.18130263888732479,0.36842054473417984,0.0,1.4420980024337768,0.5720740962028503,0.0,0.0,-1.5315219010226429,2.356198977679014,0.5004716920852661,3.1998050022125244,3.887720878701657,1.0,0.0,0.0,0.0,720.0,65.0
1788870465.9277172,1788870465.9274676,0.515103280544281,-1.5707918088883162,-0.05632432205977516,-0.18055727308009378,-0.18055727308009378,0.3689614901252184,0.0,1.454439024925232,0.5951893138885498,0.0,0.0,-1.5315219010226429,2.356198977679014,0.5002583074569702,3.2174839782714844,3.887720878701657,1.0,0.0,0.0,0.0,720.0,66.0
1788870466.0012805,1788870466.0012143,0.5152056217193604,-1.5707918088883162,-0.056253205173032554,-0.18017436151162106,-0.18017436151162106,0.3692393862215126,0.0,1.4738780069351196,0.6300930786132812,0.0,0.0,-1.5315219010226429,2.356198977679014,0.5000337767601013,3.245338897705078,3.887720878701657,1.0,0.0,0.0,0.0,720.0,67.0
1788870466.055602,1788870466.0552971,0.5152130126953125,-1.5707918088883162,-0.05664694221678777,-0.18094145901909092,-0.18094145901909092,0.3686826691610876,0.0,1.4874870586395263,0.6525236773490906,0.0,0.0,-1.527158577926457,2.356198977679014,0.5003920006752014,3.2653119373321533,3.883357555605471,1.0,0.0,0.0,0.0,720.0,68.0
1788870466.1254032,1788870466.1252778,0.5149831175804138,-1.5707918088883162,-0.05758775335199448,-0.18327900521419493,-0.18327900521419493,0.3669862070638005,0.0,1.508777003288269,0.6834527063369751,0.0,0.0,-1.522795254830271,2.356198977679014,0.5003428268432617,3.298284034729004,3.878994232509285,1.0,0.0,0.0,0.0,720.0,69.0
1788870466.1785526,1788870466.1784728,0.5146641731262207,-1.5707918088883162,-0.060475070674122465,-0.1904478598742928,-0.1904478598742928,0.3617834477612084,0.0,1.5235600280761719,0.6784941959381103,0.0,0.0,-1.518431931734085,2.356198977679014,0.500287811756134,3.3337490367889404,3.8746309094130993,1.0,0.0,0.0,0.0,720.0,70.0
1788870466.2511353,1788870466.2510586,0.5139027833938599,-1.5707918088883162,-0.06490103232999662,-0.20251267038148027,-0.20251267038148027,0.3530274737491167,0.0,1.5467669773101806,0.6684912252426147,0.0,0.0,-1.5097052855417132,2.356198977679014,0.5001056003570556,3.3867699909210205,3.8659042632207274,1.0,0.0,0.0,0.0,720.0,71.0
1788870466.3045669,1788870466.3044589,0.5131769180297852,-1.5707918088883162,-0.06918328540681588,-0.21572436042571166,-0.21572436042571166,0.3434391578270236,0.0,1.563035945892334,0.6646733093261719,0.0,0.0,-1.5009786393493414,2.356198977679014,0.5000433731079101,3.430472116470337,3.8571776170283556,1.0,0.0,0.0,0.0,720.0,71.0
1788870466.3752415,1788870466.3751104,0.5117061138153076,-1.5707918088883162,-0.07720800708042787,-0.23766324398787192,-0.23766324398787192,0.32751712621201046,0.0,1.5880479621887207,0.6551418709754944,0.0,0.0,-1.522795254830271,2.356198977679014,0.5025393176078796,3.4968449878692627,3.878994232509285,1.0,0.0,0.0,0.0,720.0,72.0
1788870466.4302926,1788870466.4302082,0.5103632807731628,-1.5707918088883162,-0.07943730313519722,-0.24923853221920336,-0.24923853221920336,0.3191164204673467,0.0,1.6057380247116089,0.6499361205101013,0.0,0.0,-1.5402485472150147,2.356198977679014,0.5024131941795349,3.537420015335083,3.896447524894029,1.0,0.0,0.0,0.0,720.0,73.0
1788870466.5025773,1788870466.5024126,0.5188605189323425,-1.5707918088883162,-0.0864759851357831,-0.26847776636991516,-0.26847776636991516,0.3051536454916582,0.0,1.634703974723816,0.6389831709861755,0.0,0.0,-1.5664284857921302,2.356198977679014,0.5015284824371338,3.6238961029052734,3.9226274634711444,1.0,0.0,0.0,0.0,720.0,74.0
1788870466.557711,1788870466.5574827,0.5276315212249756,-1.5707918088883162,-0.08878749877289711,-0.2794273271622641,-0.2794273271622641,0.2972070582092048,0.0,1.6485830354690552,0.6322970199584961,0.0,0.0,-1.5707918088883162,2.356198977679014,0.5076315212249756,3.6788420486450195,3.9269907865673304,1.0,0.0,0.0,0.0,720.0,75.0
1788870466.626242,1788870466.6261628,0.5388504266738892,-1.5707918088883162,-0.09762969594534258,-0.30251871706624667,-0.30251871706624667,0.28044860105963765,0.0,1.6627470064163208,0.623926203250885,0.0,0.0,-1.5707918088883162,2.356198977679014,0.5188504266738891,3.7716839122772217,3.9269907865673304,1.0,0.0,0.0,0.0,720.0,76.0
1788870466.7013075,1788870466.701218,0.547433614730835,-1.5707918088883162,-0.10383145802360393,-0.3233380810927468,-0.3233380810927468,0.2653390549747063,0.0,1.6783170509338379,0.6181396055221557,0.0,0.0,-1.5707918088883162,2.356198977679014,0.5274336147308349,3.8789579677581787,3.9269907865673304,1.0,0.0,0.0,0.0,720.0,76.0
1788870466.7567108,1788870466.7563143,0.552168607711792,-1.5707918088883162,-0.10914481636064682,-0.34148581297567293,-0.34148581297567293,0.2521684321414138,0.0,1.6895609903335571,0.6101878094673157,0.0,0.0,-1.5707918088883162,2.356198977679014,0.532168607711792,3.9593200492858887,3.9269907865673304,1.0,0.0,0.0,0.0,720.0,77.0
1788870466.8258343,1788870466.825681,0.5573601722717285,-1.5707918088883162,-0.11360184182776975,-0.3569138695869061,-0.3569138695869061,0.24097159961225303,0.0,1.7076020050048828,0.6027957010269165,0.0,0.0,-1.5707918088883162,2.356198977679014,0.5373601722717285,4.070699195861817,3.9269907865673304,1.0,0.0,0.0,0.0,720.0,78.0
1788870466.8782961,1788870466.8780015,0.5595695972442627,-1.5707918088883162,-0.1207314653282312,-0.3775126432113098,-0.3775126432113098,0.23399999999999999,0.0,1.7208239841461181,0.6002421188354492,0.0,0.0,-1.5707918088883162,2.356198977679014,0.5395695972442627,4.1471848297119145,3.9269907865673304,1.0,0.0,0.0,0.0,720.0,78.0
1788870466.9520712,1788870466.951913,0.56158047914505,-1.5707918088883162,-0.1286727170583479,-0.4014806791740922,-0.4014806791740922,0.23399999999999999,0.0,1.7415200281143188,0.5910032200813293,0.0,0.0,-1.5707918088883162,2.356198977679014,0.54158047914505,4.286529998779297,3.9269907865673304,1.0,0.0,0.0,0.0,720.0,79.0
1788870467.006123,1788870467.0057206,0.5620893836021423,-1.5707918088883162,-0.2705014546792283,-0.5236,-0.5236,0.23399999999999999,0.0,1.7562279510498047,0.9224493908882141,0.0,0.0,-1.5707918088883162,2.356198977679014,0.5420893836021423,5.267149906158448,3.9269907865673304,1.0,0.0,0.0,0.0,720.0,52.0
1788870467.0782337,1788870467.0780966,0.5618832111358643,-1.5707918088883162,-0.37425285870792907,-0.5236,-0.5236,0.23399999999999999,0.0,1.7789660501480102,2.3745329189300537,0.0,0.0,-1.5707918088883162,2.356198977679014,0.5418832111358642,5.766636829376221,3.9269907865673304,1.0,0.0,0.0,0.0,720.0,36.0
1788870467.1370697,1788870467.1369362,0.5608869194984436,-1.5707918088883162,-0.40224844180045505,-0.5236,-0.5236,0.23399999999999999,0.0,1.795209984779358,2.364108066558838,0.0,0.0,-1.5707918088883162,2.356198977679014,0.5408869194984436,5.844183902740479,3.9269907865673304,1.0,0.0,0.0,0.0,720.0,31.0
1788870467.2063725,1788870467.2062597,0.5560724139213562,-1.5707918088883162,-0.41200559543798576,-0.5236,-0.5236,0.23399999999999999,0.0,1.8253589677810669,2.350058059692383,0.0,0.0,-1.5707918088883162,2.356198977679014,0.5360724139213562,5.862631778717041,3.9269907865673304,1.0,0.0,0.0,0.0,720.0,28.0
1788870467.2833927,1788870467.283265,0.549354076385498,-1.5707918088883162,-0.39630893486832464,-0.5236,-0.5236,0.23399999999999999,0.0,1.8604789781570434,2.3380870628356933,0.0,0.0,-1.5707918088883162,2.356198977679014,0.529354076385498,5.8553428459167485,3.9269907865673304,1.0,0.0,0.0,0.0,720.0,29.0
1788870467.3582711,1788870467.3581684,0.5427445769309998,-1.5707918088883162,-0.3865187827901199,-0.5236,-0.5236,0.23399999999999999,0.0,1.8925230312347412,1.6582469749450683,0.0,0.0,-1.5707918088883162,2.356198977679014,0.5227445769309997,5.855700950622559,3.9269907865673304,1.0,0.0,0.0,0.0,720.0,29.0
1788870467.4336584,1788870467.4334128,0.5362225770950317,-1.5707918088883162,-0.3778721086333211,-0.5236,-0.5236,0.23399999999999999,0.0,1.9037560033798218,1.63618097782135,0.0,0.0,-1.5707918088883162,2.356198977679014,0.5162225770950317,5.8562679100036625,3.9269907865673304,1.0,0.0,0.0,0.0,720.0,29.0
1788870467.513729,1788870467.5136132,0.5297734141349792,-1.5707918088883162,-0.3696709932757852,-0.5236,-0.5236,0.23399999999999999,0.0,1.9168170499801636,1.7431620168685913,0.0,0.0,-1.5707918088883162,2.356198977679014,0.5097734141349792,5.8570542144775395,3.9269907865673304,1.0,0.0,0.0,0.0,720.0,28.0
1788870467.5786602,1788870467.5784125,0.5233849883079529,-1.5707918088883162,-0.36148581584952555,-0.5236,-0.5236,0.23399999999999999,0.0,1.9317430067062378,1.7057319688796997,0.0,0.0,-1.5707918088883162,2.356198977679014,0.5033849883079529,5.857070903778077,3.9269907865673304,1.0,0.0,0.0,0.0,720.0,28.0
1788870467.6534126,1788870467.6533082,0.5170465707778931,-1.5707918088883162,-0.34607242342545586,-0.5236,-0.5236,0.23399999999999999,0.0,1.948582034111023,1.6733000087738037,0.0,0.0,-1.5577018395997584,2.356198977679014,0.5010428237915039,5.8482417869567875,3.9139008172787726,1.0,0.0,0.0,0.0,720.0,29.0
1788870467.728647,1788870467.7285168,0.5107390880584717,-1.5707918088883162,-0.3384313579516442,-0.5236,-0.5236,0.23399999999999999,0.0,1.9673930215835571,1.644154052734375,0.0,0.0,-1.5358852241188288,2.356198977679014,0.5009649205207825,5.84570692062378,3.892084201797843,1.0,0.0,0.0,0.0,720.0,29.0
1788870467.804556,1788870467.804394,0.5044566988945007,-1.5707918088883162,-0.3319363011677785,-0.5236,-0.5236,0.23399999999999999,0.0,1.9848999786376953,1.6996409702301025,0.0,0.0,-1.5140686086378992,2.356198977679014,0.5003850269317627,5.843385200500489,3.8702675863169134,1.0,0.0,0.0,0.0,720.0,28.0
1788870467.862284,1788870467.8621228,0.5002803802490234,-1.5707918088883162,-0.3181830420145358,-0.5236,-0.5236,0.23399999999999999,0.0,1.9854759979248047,1.6249730396270752,0.0,0.0,-1.5053419624455273,2.356198977679014,0.5013639736175537,5.832890014648438,3.8615409401245415,1.0,0.0,0.0,0.0,720.0,30.0
1788870467.9298732,1788870467.9297483,0.4940182864665985,-1.5707918088883162,-0.31225342136256956,-0.5236,-0.5236,0.23399999999999999,0.0,1.9867119598388672,1.3662760066986084,0.0,0.0,-1.5009786393493414,2.356198977679014,0.5033737230300903,5.830636005401612,3.8571776170283556,1.0,0.0,0.0,0.0,720.0,29.0
1788870468.0039854,1788870468.0038774,0.4877570867538452,-1.5707918088883162,-0.30451376525607743,-0.5236,-0.5236,0.23399999999999999,0.0,1.9883889961242676,1.1974869775772095,0.0,0.0,-1.4966153162531555,2.356198977679014,0.504407684803009,5.828619937896729,3.8528142939321697,1.0,0.0,0.0,0.0,720.0,29.0
1788870468.079857,1788870468.0797088,0.4814881980419159,-1.5707918088883162,-0.2917432061886961,-0.5236,-0.5236,0.23399999999999999,0.0,1.9905071067810058,1.077965955734253,0.0,0.0,-1.4922519931569695,2.356198977679014,0.5046211290359497,5.819492797851563,3.8484509708359838,1.0,0.0,0.0,0.0,720.0,30.0
1788870468.1537712,1788870468.153669,0.47519999742507935,-1.5707918088883162,-0.2859703470961323,-0.5236,-0.5236,0.23399999999999999,0.0,1.993066053390503,0.9883620548248291,0.0,0.0,-1.4878886700607836,2.356198977679014,0.5041385102272034,5.817751865386963,3.844087647739798,1.0,0.0,0.0,0.0,720.0,29.0
1788870468.2290556,1788870468.2289302,0.4688901901245117,-1.5707918088883162,-0.27349745388823926,-0.5236,-0.5236,0.23399999999999999,0.0,1.9963509845733642,0.9182966160774231,0.0,0.0,-1.4835253469645977,2.356198977679014,0.5030650901794433,5.808577995300293,3.839724324643612,1.0,0.0,0.0,0.0,720.0,30.0
1788870468.310245,1788870468.3100526,0.462546706199646,-1.5707918088883162,-0.26178058778379065,-0.5236,-0.5236,0.23399999999999999,0.0,2.0013990211486816,0.861670594215393,0.0,0.0,-1.4791620238684118,2.356198977679014,0.5014729905128479,5.799340229034424,3.835361001547426,1.0,0.0,0.0,0.0,720.0,30.0
1788870468.3844314,1788870468.383732,0.4561609923839569,-1.5707918088883162,-0.25558737241200785,-0.5236,-0.5236,0.23399999999999999,0.0,2.0082790660858154,0.8146912264823913,0.0,0.0,-1.47043537767604,2.356198977679014,0.5040787267684936,5.797977905273438,3.826634355355054,1.0,0.0,0.0,0.0,720.0,30.0
1788870468.4566362,1788870468.4564738,0.449728399515152,-1.5707918088883162,-0.24383745142537294,-0.5236,-0.5236,0.23399999999999999,0.0,2.0170049476623535,0.7748698997497558,0.0,0.0,-1.466072054579854,2.356198977679014,0.5013630199432373,5.7887558746337895,3.822271032258868,1.0,0.0,0.0,0.0,720.0,30.0
1788870468.5339181,1788870468.5336075,0.4432361125946045,-1.5707918088883162,-0.2316350959387374,-0.5236,-0.5236,0.23399999999999999,0.0,2.027606945037842,0.7404917883872986,0.0,0.0,-1.4573454083874822,2.356198977679014,0.5025164890289306,5.779503803253174,3.8135443860664964,1.0,0.0,0.0,0.0,720.0,31.0
1788870468.606047,1788870468.6059132,0.4366863965988159,-1.5707918088883162,-0.2199173503533395,-0.5236,-0.5236,0.23399999999999999,0.0,2.040106039047241,0.7103789854049682,0.0,0.0,-1.4486187621951103,2.356198977679014,0.5029716897010803,5.770232181549073,3.8048177398741245,1.0,0.0,0.0,0.0,720.0,31.0
1788870468.6814792,1788870468.6813366,0.4300616979598999,-1.5707918088883162,-0.21351929885045914,-0.5236,-0.5236,0.23399999999999999,0.0,2.054547052383423,0.6836268711090088,0.0,0.0,-1.4398921160027385,2.356198977679014,0.5027689743041992,5.769444923400879,3.7960910936817527,1.0,0.0,0.0,0.0,720.0,31.0
1788870468.759874,1788870468.7596397,0.4277629852294922,-1.5707918088883162,-0.20191605535043378,-0.5236,-0.5236,0.23399999999999999,0.0,2.0584239768981933,0.6595890927314758,0.0,0.0,-1.4311654698103666,2.356198977679014,0.501963894367218,5.760276775360108,3.787364447489381,1.0,0.0,0.0,0.0,720.0,31.0
1788870468.832057,1788870468.8319192,0.425368994474411,-1.5707918088883162,-0.18979569288709386,-0.5236,-0.5236,0.23399999999999999,0.0,2.047492961883545,0.6377780842781067,0.0,0.0,-1.4224388236179948,2.356198977679014,0.5006078886985779,5.751125793457032,3.778637801297009,1.0,0.0,0.0,0.0,720.0,32.0
1788870468.9042416,1788870468.9041166,0.4236705005168915,-1.5707918088883162,-0.18246967076829076,-0.5236,-0.5236,0.23399999999999999,0.0,2.0403959560394287,0.6242763805389404,0.0,0.0,-1.413712177425623,2.356198977679014,0.5017671990394592,5.747995834350586,3.769911155104637,1.0,0.0,0.0,0.0,720.0,32.0
1788870468.96147,1788870468.9612675,0.4209783971309662,-1.5707918088883162,-0.17082463665027764,-0.5236,-0.5236,0.23399999999999999,0.0,2.0300431060791015,0.6053511905670166,0.0,0.0,-1.4006222081370652,2.356198977679014,0.5029001045227051,5.738926868438721,3.7568211858160794,1.0,0.0,0.0,0.0,720.0,32.0
1788870469.0359914,1788870469.0358634,0.4181239902973175,-1.5707918088883162,-0.15920558159088122,-0.5236,-0.5236,0.23399999999999999,0.0,2.020044069290161,0.5877926754951477,0.0,0.0,-1.3918955619446933,2.356198977679014,0.5000027823448181,5.729907970428467,3.7480945396237075,1.0,0.0,0.0,0.0,720.0,32.0
1788870469.1058517,1788870469.105691,0.4151158928871155,-1.5707918088883162,-0.14723619659854725,-0.4873180553818946,-0.4873180553818946,0.23399999999999999,0.0,2.010406951904297,0.5713934111595154,0.0,0.0,-1.3744422695599496,2.356198977679014,0.5031198072433472,5.7209458160400395,3.730641247238964,1.0,0.0,0.0,0.0,720.0,33.0
1788870469.178681,1788870469.1785867,0.4119636118412018,-1.5707918088883162,-0.1356847139195997,-0.4501291757944717,-0.4501291757944717,0.23399999999999999,0.0,2.0011379528045654,0.5559841799736023,0.0,0.0,-1.3613523002713919,2.356198977679014,0.5022749710083008,5.712055187225342,3.717551277950406,1.0,0.0,0.0,0.0,720.0,33.0
1788870469.2550251,1788870469.2548928,0.40866848826408386,-1.5707918088883162,-0.12424768052134494,-0.41335355710615423,-0.41335355710615423,0.23399999999999999,0.0,1.9922449398040771,0.5414190101623535,0.0,0.0,-1.348262330982834,2.356198977679014,0.5008281874656677,5.703244190216065,3.7044613086618483,1.0,0.0,0.0,0.0,720.0,33.0
1788870469.3303313,1788870469.330183,0.4064919948577881,-1.5707918088883162,-0.11044585054580357,-0.37140477235444624,-0.37140477235444624,0.23399999999999999,0.0,1.9832670497894287,0.5298769879341125,0.0,0.0,-1.3351723616942763,2.356198977679014,0.500875871181488,5.69065902709961,3.6913713393732905,1.0,0.0,0.0,0.0,720.0,34.0
1788870469.4092934,1788870469.4091814,0.4054222106933594,-1.5707918088883162,-0.10245547494870076,-0.3409216955914236,-0.3409216955914236,0.2525778374241005,0.0,1.9741669702529907,0.5210593748092651,0.0,0.0,-1.3220823924057186,2.356198977679014,0.5024893093109131,5.683626155853272,3.6782813700847328,1.0,0.0,0.0,0.0,720.0,34.0
1788870469.484086,1788870469.4839685,0.40538039803504944,-1.5707918088883162,-0.09352669822783695,-0.3117763127077819,-0.3117763127077819,0.2737299487605861,0.0,1.9648970174789429,0.514628689289093,0.0,0.0,-1.3133557462133467,2.356198977679014,0.502730827331543,5.672587852478028,3.669554723892361,1.0,0.0,0.0,0.0,720.0,35.0
1788870469.5542035,1788870469.5541155,0.4064562916755676,-1.5707918088883162,-0.08886361525195142,-0.29258739197670575,-0.29258739197670575,0.28765620903142053,0.0,1.9554029512405395,0.5105901765823364,0.0,0.0,-1.3089924231171608,2.356198977679014,0.5020019817352295,5.666707973480225,3.665191400796175,1.0,0.0,0.0,0.0,720.0,35.0
1788870469.6291213,1788870469.6290388,0.40837711095809937,-1.5707918088883162,-0.08429512417902577,-0.2765972957540294,-0.2765972957540294,0.2992609389103682,0.0,1.9450059938430786,0.5078881788253784,0.0,0.0,-1.3046291000209749,2.356198977679014,0.5023631262779236,5.659314136505127,3.660828077699989,1.0,0.0,0.0,0.0,720.0,35.0
1788870469.7017999,1788870469.7017171,0.411242812871933,-1.5707918088883162,-0.07955690907790951,-0.26118666506072613,-0.26118666506072613,0.31044512466945007,0.0,1.9334130096435547,0.5065443921089172,0.0,0.0,-1.3046291000209749,2.356198977679014,0.501236777305603,5.6503200340271,3.660828077699989,1.0,0.0,0.0,0.0,720.0,36.0
1788870469.755185,1788870469.7550402,0.4134711027145386,-1.5707918088883162,-0.07636231267910012,-0.24940757991940213,-0.24940757991940213,0.31899373497064015,0.0,1.925490002632141,0.5062613296508789,0.0,0.0,-1.3046291000209749,2.356198977679014,0.5010824012756347,5.642874221801758,3.660828077699989,1.0,0.0,0.0,0.0,720.0,36.0
1788870469.8269575,1788870469.8267791,0.4172225892543793,-1.5707918088883162,-0.07618907518827712,-0.24548580239756143,-0.24548580239756143,0.3218399447840463,0.0,1.9129819679260254,0.5064244079589844,0.0,0.0,-1.3046291000209749,2.356198977679014,0.5014272737503052,5.641197185516358,3.660828077699989,1.0,0.0,0.0,0.0,720.0,36.0
1788870469.8820589,1788870469.881926,0.42003029584884644,-1.5707918088883162,-0.07272537928900595,-0.2365505903266418,-0.2365505903266418,0.3283246288691293,0.0,1.904365997314453,0.5070671248435974,0.0,0.0,-1.3046291000209749,2.356198977679014,0.5021788287162781,5.631795864105225,3.660828077699989,1.0,0.0,0.0,0.0,720.0,37.0
1788870469.952304,1788870469.9521613,0.4245176911354065,-1.5707918088883162,-0.07233182010859529,-0.23298845414124597,-0.23298845414124597,0.33090983083714004,0.0,1.8909189510345459,0.5083995270729065,0.0,0.0,-1.3089924231171608,2.356198977679014,0.5013481187820434,5.627643089294434,3.665191400796175,1.0,0.0,0.0,0.0,720.0,37.0
1788870470.0098982,1788870470.0089107,0.42752718925476074,-1.5707918088883162,-0.06890090995381894,-0.22423457453892823,-0.22423457453892823,0.33726291381819573,0.0,1.8817839431762695,0.5093244123458862,0.0,0.0,-1.3133557462133467,2.356198977679014,0.5001842784881592,5.617481212615967,3.669554723892361,1.0,0.0,0.0,0.0,720.0,38.0
1788870470.0790684,1788870470.0789185,0.4319916069507599,-1.5707918088883162,-0.07237268514904605,-0.22938518709554165,-0.22938518709554165,0.3335248833149239,0.0,1.8682479667663574,0.5108250188827514,0.0,0.0,-1.3133557462133467,2.356198977679014,0.5019663977622986,5.622660140991211,3.669554723892361,1.0,0.0,0.0,0.0,720.0,38.0
1788870470.135075,1788870470.1349585,0.43486809730529785,-1.5707918088883162,-0.0685519976236235,-0.22237203080557918,-0.22237203080557918,0.3386146453282657,0.0,1.8593749809265137,0.5117860245704651,0.0,0.0,-1.3177190693095326,2.356198977679014,0.5010059881210327,5.609858016967774,3.673918046988547,1.0,0.0,0.0,0.0,720.0,39.0
1788870470.2020948,1788870470.201975,0.43913549184799194,-1.5707918088883162,-0.07248316070150133,-0.22907388921303676,-0.22907388921303676,0.33375080614791064,0.0,1.8462070035934448,0.5133291888236999,0.0,0.0,-1.3220823924057186,2.356198977679014,0.5008477973937988,5.604074935913086,3.6782813700847328,1.0,0.0,0.0,0.0,720.0,39.0
1788870470.2566328,1788870470.256522,0.44168809056282043,-1.5707918088883162,-0.0684370153732763,-0.22202108120004996,-0.22202108120004996,0.33886934519476897,0.0,1.8376500415802002,0.5139890122413635,0.0,0.0,-1.3220823924057186,2.356198977679014,0.5017636227607727,5.591039161682129,3.6782813700847328,1.0,0.0,0.0,0.0,720.0,40.0
1788870470.3276896,1788870470.3275714,0.44540560245513916,-1.5707918088883162,-0.06632896254362049,-0.21518320045772488,-0.21518320045772488,0.34383190188324014,0.0,1.8250289964675903,0.5149739789962768,0.0,0.0,-1.3264457155019045,2.356198977679014,0.5012231278419494,5.578196983337403,3.6826446931809187,1.0,0.0,0.0,0.0,720.0,41.0
1788870470.4030135,1788870470.4028656,0.44857171177864075,-1.5707918088883162,-0.06428202246085694,-0.20854669044963703,-0.20854669044963703,0.3486483147997287,0.0,1.812824945449829,0.5152606177330017,0.0,0.0,-1.3308090385980904,2.356198977679014,0.5001426744461059,5.566219787597657,3.6870080162771046,1.0,0.0,0.0,0.0,720.0,41.0
1788870470.4586854,1788870470.4585953,0.45063310861587524,-1.5707918088883162,-0.06392380346817289,-0.20575332690359838,-0.20575332690359838,0.35067558398898513,0.0,1.8048159885406494,0.5154850888252258,0.0,0.0,-1.3308090385980904,2.356198977679014,0.5006835269927978,5.5604281234741215,3.6870080162771046,1.0,0.0,0.0,0.0,720.0,42.0
1788870470.5299134,1788870470.5296779,0.45378369092941284,-1.5707918088883162,-0.06547826004068064,-0.20839730056220415,-0.20839730056220415,0.34875673374018795,0.0,1.7924619722366333,0.5158660817146301,0.0,0.0,-1.3308090385980904,2.356198977679014,0.5015371251106262,5.5555710601806645,3.6870080162771046,1.0,0.0,0.0,0.0,720.0,42.0
1788870470.6051292,1788870470.6048677,0.4569562077522278,-1.5707918088883162,-0.08688288745144741,-0.25713685805990344,-0.25713685805990344,0.31338425121702956,0.0,1.7799459505081177,0.5163423824310303,0.0,0.0,-1.3351723616942763,2.356198977679014,0.5008287835121155,5.594399909973145,3.6913713393732905,1.0,0.0,0.0,0.0,720.0,36.0
1788870470.6814337,1788870470.6813166,0.4598694145679474,-1.5707918088883162,-0.10787741776146599,-0.3187864732036549,-0.3187864732036549,0.26864236092935667,0.0,1.7677440452575683,0.516591112613678,0.0,0.0,-1.3395356847904623,2.356198977679014,0.5000076103210449,5.640157203674317,3.6957346624694765,1.0,0.0,0.0,0.0,720.0,30.0
1788870470.754443,1788870470.754367,0.46233171224594116,-1.5707918088883162,-0.12372807602458255,-0.3727868322561614,-0.3727868322561614,0.23399999999999999,0.0,1.7559770154953003,0.5163146066665649,0.0,0.0,-1.3395356847904623,2.356198977679014,0.5002913880348205,5.682915191650391,3.6957346624694765,1.0,0.0,0.0,0.0,720.0,24.0
1788870470.8297503,1788870470.8296456,0.46287089586257935,-1.5707918088883162,-0.11949088190013041,-0.3794956251331405,-0.3794956251331405,0.23399999999999999,0.0,1.7465530443191528,0.5136238741874695,0.0,0.0,-1.3308090385980904,2.356198977679014,0.5011827754974365,5.679407100677491,3.6870080162771046,1.0,0.0,0.0,0.0,720.0,23.0
1788870470.9069471,1788870470.906855,0.46136799454689026,-1.5707918088883162,-0.1160165243990867,-0.3737257021938964,-0.3737257021938964,0.23399999999999999,0.0,1.7396590518951416,0.5083113121986389,0.0,0.0,-1.3177190693095326,2.356198977679014,0.5007908749580383,5.684277038574219,3.673918046988547,1.0,0.0,0.0,0.0,720.0,21.0
1788870470.9825234,1788870470.9824047,0.45854198932647705,-1.5707918088883162,-0.09492607808666739,-0.32475212557230393,-0.32475212557230393,0.2643128194853409,0.0,1.7351029920578003,0.5016320753097534,0.0,0.0,-1.300265776924789,2.356198977679014,0.5001724767684936,5.6463560867309575,3.656464754603803,1.0,0.0,0.0,0.0,720.0,24.0
1788870471.0577404,1788870471.0575833,0.45537111163139343,-1.5707918088883162,-0.08561240125977705,-0.28919741649359176,-0.28919741649359176,0.2901164662575155,0.0,1.7314840364456177,0.4947370100021362,0.0,0.0,-1.2784491614438593,2.356198977679014,0.5004349160194397,5.643558959960938,3.6346481391228735,1.0,0.0,0.0,0.0,720.0,23.0
1788870471.1303184,1788870471.1301773,0.4521861970424652,-1.5707918088883162,-0.07610823778784873,-0.2572416775928587,-0.2572416775928587,0.31330817898150054,0.0,1.7282680082321167,0.4879976916313171,0.0,0.0,-1.2566325459629297,2.356198977679014,0.5005175876617431,5.640194873809815,3.612831523641944,1.0,0.0,0.0,0.0,720.0,22.0
1788870471.208669,1788870471.2085578,0.44948920607566833,-1.5707918088883162,-0.05922878553405471,-0.2098449828741402,-0.2098449828741402,0.34770608576743073,0.0,1.7242179918289184,0.48186747312545775,0.0,0.0,-1.2348159304820001,2.356198977679014,0.5008889245986938,5.611217002868653,3.5910149081610143,1.0,0.0,0.0,0.0,720.0,24.0
1788870471.285554,1788870471.2854125,0.44721519947052,-1.5707918088883162,-0.053109622291801405,-0.18191904879587723,-0.18191904879587723,0.3679731884216323,0.0,1.7194299507141113,0.4763270127773285,0.0,0.0,-1.2173626380972564,2.356198977679014,0.5000828909873962,5.614459018707276,3.5735616157762706,1.0,0.0,0.0,0.0,720.0,22.0
1788870471.3589902,1788870471.358841,0.44554388523101807,-1.5707918088883162,-0.039545536646573405,-0.1431577167270876,-0.1431577167270876,0.3961040252935575,0.0,1.7142779636383056,0.47183401465415953,0.0,0.0,-1.1999093457125127,2.356198977679014,0.5002096104621887,5.588301162719727,3.556108323391527,1.0,0.0,0.0,0.0,720.0,23.0
1788870471.4299881,1788870471.4298608,0.4447062909603119,-1.5707918088883162,-0.02655186947414405,-0.10242350264020894,-0.10242350264020894,0.42566667111673145,0.0,1.7078779745101929,0.4684912073612213,0.0,0.0,-1.182456053327769,2.356198977679014,0.5014173793792724,5.567677001953125,3.5386550310067832,1.0,0.0,0.0,0.0,720.0,24.0
1788870471.504302,1788870471.5041647,0.4443286061286926,-1.5707918088883162,-0.0238825754294885,-0.08422401975411693,-0.08422401975411693,0.43887485197371195,0.0,1.700744013786316,0.46584499955177305,0.0,0.0,-1.1737294071353972,2.356198977679014,0.5003219056129455,5.566037158966065,3.5299283848144114,1.0,0.0,0.0,0.0,720.0,22.0
1788870471.5781643,1788870471.5779307,0.4448232054710388,-1.5707918088883162,-0.016531916660082045,-0.06229869924481886,-0.06229869924481886,0.4547870402730497,0.0,1.692609052658081,0.46453131318092344,0.0,0.0,-1.1650027609430254,2.356198977679014,0.5007406282424927,5.543729763031006,3.5212017386220396,1.0,0.0,0.0,0.0,720.0,23.0
1788870471.6323998,1788870471.632299,0.4458650052547455,-1.5707918088883162,-0.012866275471616227,-0.047510066829866006,-0.047510066829866006,0.4655198139890201,0.0,1.6864160108566284,0.4647295880317688,0.0,0.0,-1.1650027609430254,2.356198977679014,0.5003890800476074,5.5260982322692875,3.5212017386220396,1.0,0.0,0.0,0.0,720.0,24.0
1788870471.700648,1788870471.7005587,0.4478726089000702,-1.5707918088883162,-0.014274869280619851,-0.04622872723754827,-0.04622872723754827,0.46644973959077857,0.0,1.6766619491577148,0.46571279644966124,0.0,0.0,-1.1650027609430254,2.356198977679014,0.5007245945930481,5.513451080322266,3.5212017386220396,1.0,0.0,0.0,0.0,720.0,23.0
1788870471.7521956,1788870471.7520998,0.44966569542884827,-1.5707918088883162,-0.01374151581242071,-0.04464961359108687,-0.04464961359108687,0.4675957731768277,0.0,1.6696560192108154,0.4670578944683075,0.0,0.0,-1.1693660840392113,2.356198977679014,0.5004228162765503,5.500386219024659,3.5255650617182255,1.0,0.0,0.0,0.0,720.0,24.0
1788870471.8251393,1788870471.8250072,0.4528537094593048,-1.5707918088883162,-0.017861447833104952,-0.05340452722348115,-0.05340452722348115,0.4612419397537761,0.0,1.6583210039138794,0.4697628128528595,0.0,0.0,-1.1780927302315831,2.356198977679014,0.5001836228370666,5.488502006530762,3.5342917079105973,1.0,0.0,0.0,0.0,720.0,23.0
1788870471.900686,1788870471.9005883,0.4560829997062683,-1.5707918088883162,-0.018065555268688294,-0.05648820196890613,-0.05648820196890613,0.45900397870858606,0.0,1.646782021522522,0.47254000186920164,0.0,0.0,-1.186819376423955,2.356198977679014,0.5001392769813537,5.462269763946534,3.543018354102969,1.0,0.0,0.0,0.0,720.0,24.0
1788870471.953473,1788870471.9533956,0.4581823945045471,-1.5707918088883162,-0.02177065653842128,-0.06571273123673552,-0.06571273123673552,0.45230932415974123,0.0,1.6391479778289795,0.47434509873390196,0.0,0.0,-1.1911826995201409,2.356198977679014,0.5005438733100891,5.457560043334961,3.547381677199155,1.0,0.0,0.0,0.0,720.0,24.0
1788870472.0245013,1788870472.0243678,0.46085160970687866,-1.5707918088883162,-0.021720747966794934,-0.0683682948166413,-0.0683682948166413,0.45038206258532526,0.0,1.628360013961792,0.47644041061401365,0.0,0.0,-1.1955460226163268,2.356198977679014,0.5011384296417236,5.433999042510987,3.551745000295341,1.0,0.0,0.0,0.0,720.0,25.0
1788870472.0778701,1788870472.0777378,0.4623853862285614,-1.5707918088883162,-0.024503899260904256,-0.07539922278941792,-0.07539922278941792,0.44527940286482276,0.0,1.6215179967880249,0.477536689043045,0.0,0.0,-1.1999093457125127,2.356198977679014,0.5008194851875305,5.433073024749756,3.556108323391527,1.0,0.0,0.0,0.0,720.0,25.0
1788870472.1498559,1788870472.1497436,0.4642454981803894,-1.5707918088883162,-0.02455975563904357,-0.07763361946828298,-0.07763361946828298,0.44365780099704444,0.0,1.611654977798462,0.4785843002796173,0.0,0.0,-1.2042726688086987,2.356198977679014,0.5003263759613037,5.414287071228028,3.560471646487713,1.0,0.0,0.0,0.0,720.0,25.0
1788870472.202113,1788870472.2016292,0.4652731120586395,-1.5707918088883162,-0.023921104501522343,-0.07687335992389495,-0.07687335992389495,0.44420955544102353,0.0,1.60527596950531,0.47901598691940306,0.0,0.0,-1.2042726688086987,2.356198977679014,0.5005124020576477,5.402636032104493,3.560471646487713,1.0,0.0,0.0,0.0,720.0,26.0
1788870472.2755356,1788870472.2754574,0.46643221378326416,-1.5707918088883162,-0.024129727988474594,-0.07711259867135158,-0.07711259867135158,0.44403592915371737,0.0,1.5960529851913452,0.47916419386863707,0.0,0.0,-1.2042726688086987,2.356198977679014,0.5002376842498779,5.387470226287842,3.560471646487713,1.0,0.0,0.0,0.0,720.0,26.0
1788870472.329929,1788870472.3297951,0.4670087993144989,-1.5707918088883162,-0.02375676519845817,-0.07634893364595177,-0.07634893364595177,0.44459015510797995,0.0,1.590105037689209,0.47902668595314024,0.0,0.0,-1.1999093457125127,2.356198977679014,0.5009422707557678,5.379096012115479,3.556108323391527,1.0,0.0,0.0,0.0,720.0,26.0
1788870472.4022431,1788870472.4021056,0.46768811345100403,-1.5707918088883162,-0.022696390115233823,-0.0737445939519093,-0.0737445939519093,0.44648024121137214,0.0,1.5813760566711426,0.4786302852630615,0.0,0.0,-1.1999093457125127,2.356198977679014,0.5000685262680054,5.366600017547608,3.556108323391527,1.0,0.0,0.0,0.0,720.0,27.0
1788870472.4586184,1788870472.4585152,0.46800950169563293,-1.5707918088883162,-0.02223721564076579,-0.07193474122088815,-0.07193474122088815,0.4477937324982095,0.0,1.5757030057907104,0.4782284903526306,0.0,0.0,-1.1955460226163268,2.356198977679014,0.5004634070396423,5.358383159637452,3.551745000295341,1.0,0.0,0.0,0.0,720.0,27.0
1788870472.5281732,1788870472.5280905,0.4683121144771576,-1.5707918088883162,-0.02108893791013807,-0.06881964328497572,-0.06881964328497572,0.4500544987618587,0.0,1.5673830318450928,0.4774449872970581,0.0,0.0,-1.1911826995201409,2.356198977679014,0.5002810168266296,5.346093158721924,3.547381677199155,1.0,0.0,0.0,0.0,720.0,28.0
1788870472.6054933,1788870472.6052585,0.4684644937515259,-1.5707918088883162,-0.020346418336607063,-0.06622187005949254,-0.06622187005949254,0.4519398192845547,0.0,1.5592510509490967,0.47654531478881834,0.0,0.0,-1.182456053327769,2.356198977679014,0.5010800766944885,5.333019237518311,3.5386550310067832,1.0,0.0,0.0,0.0,720.0,28.0
1788870472.6645393,1788870472.6640809,0.46848538517951965,-1.5707918088883162,-0.023103626041586032,-0.07161868335100047,-0.07161868335100047,0.44802310986749394,0.0,1.5539190578460693,0.47588188529014586,0.0,0.0,-1.182456053327769,2.356198977679014,0.5000510025024414,5.340620021820069,3.5386550310067832,1.0,0.0,0.0,0.0,720.0,28.0
1788870472.73021,1788870472.7300632,0.46842440962791443,-1.5707918088883162,-0.02235997062156478,-0.07157193919760525,-0.07157193919760525,0.4480570341957792,0.0,1.5460459995269775,0.47483150243759153,0.0,0.0,-1.1737294071353972,2.356198977679014,0.5006676721572876,5.326261024475098,3.5299283848144114,1.0,0.0,0.0,0.0,720.0,28.0
1788870472.808339,1788870472.8081799,0.4682520925998688,-1.5707918088883162,-0.021313862588609643,-0.06921463395776717,-0.06921463395776717,0.44976783631789247,0.0,1.5383020448684692,0.47371340870857237,0.0,0.0,-1.182456053327769,2.356198977679014,0.5005193161964416,5.310798149108887,3.5386550310067832,1.0,0.0,0.0,0.0,720.0,29.0
1788870472.8841248,1788870472.8840196,0.4679188132286072,-1.5707918088883162,-0.023431010211066312,-0.07324985306011869,-0.07324985306011869,0.4468392968624043,0.0,1.5333560514450073,0.47268889427185057,0.0,0.0,-1.1955460226163268,2.356198977679014,0.5022663283348083,5.319509010314942,3.551745000295341,1.0,0.0,0.0,0.0,720.0,29.0
1788870472.953251,1788870472.9530725,0.4672189950942993,-1.5707918088883162,-0.02214325351308179,-0.07157584378733882,-0.07157584378733882,0.4480542004599145,0.0,1.526167016029358,0.4709451901912689,0.0,0.0,-1.2217259611934423,2.356198977679014,0.5015402245521545,5.306845169067383,3.5779249388724566,1.0,0.0,0.0,0.0,720.0,30.0
1788870473.0119245,1788870473.0118074,0.4663800895214081,-1.5707918088883162,-0.023906698951984783,-0.07502375878864757,-0.07502375878864757,0.44555189392726113,0.0,1.5192160415649414,0.48076031684875487,0.0,0.0,-1.2479058997705579,2.356198977679014,0.5013282108306885,5.311409931182862,3.604104877449572,1.0,0.0,0.0,0.0,720.0,30.0
1788870473.0788827,1788870473.0786898,0.4652121961116791,-1.5707918088883162,-0.03982562306396078,-0.11171652329986642,-0.11171652329986642,0.41892230929345065,0.0,1.512688021659851,0.4920267868041992,0.0,0.0,-1.2740858383476734,2.356198977679014,0.5010906267166138,5.38147876739502,3.6302848160266876,1.0,0.0,0.0,0.0,720.0,25.0
1788870473.153553,1788870473.1534653,0.4638577997684479,-1.5707918088883162,-0.03158666334677934,-0.10426908288674566,-0.10426908288674566,0.42432725076974154,0.0,1.5064439582824707,0.5029923129081726,0.0,0.0,-1.300265776924789,2.356198977679014,0.501234929561615,5.335175018310547,3.656464754603803,1.0,0.0,0.0,0.0,720.0,28.0
1788870473.2294943,1788870473.2293913,0.46219658851623535,-1.5707918088883162,-0.051398096969242454,-0.14641246207712677,-0.14641246207712677,0.3937419106392128,0.0,1.5006149816513061,0.5133474278450012,0.0,0.0,-1.3264457155019045,2.356198977679014,0.5014406251907348,5.421585063934327,3.6826446931809187,1.0,0.0,0.0,0.0,720.0,21.0
1788870473.307348,1788870473.3072405,0.46394410729408264,-1.5707918088883162,-0.05018098033902715,-0.15632913458255884,-0.15632913458255884,0.3865449367047892,0.0,1.4964259672164917,0.5205616760253906,0.0,0.0,-1.348262330982834,2.356198977679014,0.5009180116653442,5.423209171295166,3.7044613086618483,1.0,0.0,0.0,0.0,720.0,20.0
1788870473.3630471,1788870473.3629408,0.4689958095550537,-1.5707918088883162,-0.041946542454775054,-0.14085899547346378,-0.14085899547346378,0.39777231038977034,0.0,1.4939130353927612,0.5251511144638061,0.0,0.0,-1.3613523002713919,2.356198977679014,0.5011619138717651,5.38838098526001,3.717551277950406,1.0,0.0,0.0,0.0,720.0,22.0
1788870473.4326909,1788870473.4325573,0.4749146103858948,-1.5707918088883162,-0.040884586968183916,-0.1338391734507711,-0.1338391734507711,0.40286691002426844,0.0,1.4915560293197632,0.5296342778205871,0.0,0.0,-1.3788055926561356,2.356198977679014,0.5004787850379944,5.399705867767334,3.7350045703351498,1.0,0.0,0.0,0.0,720.0,20.0
1788870473.5079646,1788870473.5078418,0.47907570004463196,-1.5707918088883162,-0.027717387341726022,-0.10223869968069761,-0.10223869968069761,0.42580079091164036,0.0,1.4907749700546264,0.5318615841865539,0.0,0.0,-1.3875322388485074,2.356198977679014,0.5007834243774414,5.365264873504639,3.7437312165275216,1.0,0.0,0.0,0.0,720.0,22.0
1788870473.5855594,1788870473.5852768,0.4835555851459503,-1.5707918088883162,-0.022806364853580507,-0.08175786717622963,-0.08175786717622963,0.4406646494901313,0.0,1.4901029872894287,0.5346361207962036,0.0,0.0,-1.4006222081370652,2.356198977679014,0.5004985737800598,5.361972789764405,3.7568211858160794,1.0,0.0,0.0,0.0,720.0,21.0
1788870473.659382,1788870473.659173,0.4866063892841339,-1.5707918088883162,-0.018145548924628548,-0.06517338974403684,-0.06517338974403684,0.45270074846689456,0.0,1.4897949504852295,0.5366102266311645,0.0,0.0,-1.409348854329437,2.356198977679014,0.5005727815628052,5.3522701072692875,3.7655478320084512,1.0,0.0,0.0,0.0,720.0,21.0
1788870473.7418602,1788870473.741278,0.4924069046974182,-1.5707918088883162,-0.01242986992939515,-0.047394925565056194,-0.047394925565056194,0.4656033771682174,0.0,1.4884919929504394,0.5414156723022461,0.0,0.0,-1.4311654698103666,2.356198977679014,0.5002425718307495,5.335088233947754,3.787364447489381,1.0,0.0,0.0,0.0,720.0,22.0
1788870473.80847,1788870473.8082893,0.49917590618133545,-1.5707918088883162,-0.010244643083020848,-0.03716647817548356,-0.03716647817548356,0.47302662011710517,0.0,1.4866080093383789,0.5475823092460632,0.0,0.0,-1.4573454083874822,2.356198977679014,0.5005355286598205,5.327824096679688,3.8135443860664964,1.0,0.0,0.0,0.0,720.0,22.0
1788870473.8794649,1788870473.8788588,0.5065026879310608,-1.5707918088883162,-0.008728136554590829,-0.03070096933492853,-0.03070096933492853,0.4777189298180427,0.0,1.4843070316314697,0.5546315121650696,0.0,0.0,-1.4922519931569695,2.356198977679014,0.5002906131744385,5.313794116973877,3.8484509708359838,1.0,0.0,0.0,0.0,720.0,22.0
1788870473.9407566,1788870473.940647,0.5144696831703186,-1.5707918088883162,-0.01092679064361533,-0.0336863018421769,-0.0336863018421769,0.47555234014509695,0.0,1.4814950037002563,0.5626379060745239,0.0,0.0,-1.5358852241188288,2.356198977679014,0.5000996994972229,5.318725090026856,3.892084201797843,1.0,0.0,0.0,0.0,720.0,21.0
1788870474.0069027,1788870474.0067532,0.523079514503479,-1.5707918088883162,-0.008582208091579292,-0.029330036677790685,-0.029330036677790685,0.478713877124598,0.0,1.4781499910354614,0.5715864706039429,0.0,0.0,-1.5707918088883162,2.356198977679014,0.503079514503479,5.292572002410889,3.9269907865673304,1.0,0.0,0.0,0.0,720.0,23.0
1788870474.0797505,1788870474.079616,0.53191077709198,-1.5707918088883162,-0.010691546079323449,-0.03274807422102173,-0.03274807422102173,0.4762332540030782,0.0,1.4745590496063232,0.5809219884872436,0.0,0.0,-1.5707918088883162,2.356198977679014,0.51191077709198,5.287277202606202,3.9269907865673304,1.0,0.0,0.0,0.0,720.0,23.0
1788870474.135837,1788870474.1356506,0.5376608967781067,-1.5707918088883162,-0.01274860168273622,-0.03838129003563565,-0.03838129003563565,0.4721449766739084,0.0,1.472313027381897,0.5869458127021789,0.0,0.0,-1.5707918088883162,2.356198977679014,0.5176608967781067,5.293724994659424,3.9269907865673304,1.0,0.0,0.0,0.0,720.0,23.0
1788870474.2026594,1788870474.2025635,0.5463144183158875,-1.5707918088883162,-0.014848358914014276,-0.04477471097808267,-0.04477471097808267,0.46750498439329374,0.0,1.4688989925384521,0.5960699129104614,0.0,0.0,-1.5707918088883162,2.356198977679014,0.5263144183158874,5.2883968162536625,3.9269907865673304,1.0,0.0,0.0,0.0,720.0,23.0
1788870474.276744,1788870474.2766187,0.5547202825546265,-1.5707918088883162,-0.016074931387830643,-0.04944025960216544,-0.04944025960216544,0.46411898653777145,0.0,1.4657499599456787,0.6048353123664856,0.0,0.0,-1.5707918088883162,2.356198977679014,0.5347202825546264,5.285278778076172,3.9269907865673304,1.0,0.0,0.0,0.0,720.0,24.0
1788870474.331476,1788870474.3313959,0.5600891709327698,-1.5707918088883162,-0.01808890034474425,-0.05535121465287675,-0.05535121465287675,0.45982914139019637,0.0,1.4639110374450683,0.6103293704986572,0.0,0.0,-1.5707918088883162,2.356198977679014,0.5400891709327698,5.2948832321167,3.9269907865673304,1.0,0.0,0.0,0.0,720.0,24.0
1788870474.4031234,1788870474.403022,0.5677242875099182,-1.5707918088883162,-0.019689813080372397,-0.06071054569589719,-0.06071054569589719,0.45593963452169417,0.0,1.461626033782959,0.6179504799842834,0.0,0.0,-1.5707918088883162,2.356198977679014,0.5477242875099182,5.300311069488526,3.9269907865673304,1.0,0.0,0.0,0.0,720.0,24.0
1788870474.4612062,1788870474.4611,0.5724217891693115,-1.5707918088883162,-0.018966700350177824,-0.060698572493167485,-0.060698572493167485,0.45594832401183416,0.0,1.4604320335388183,0.6225290107727051,0.0,0.0,-1.5707918088883162,2.356198977679014,0.5524217891693115,5.2879929351806645,3.9269907865673304,1.0,0.0,0.0,0.0,720.0,24.0
1788870474.528501,1788870474.528381,0.5789251923561096,-1.5707918088883162,-0.020200129106338442,-0.06345786094614835,-0.06345786094614835,0.45394578464565244,0.0,1.4591300296783447,0.6286802101135254,0.0,0.0,-1.5707918088883162,2.356198977679014,0.5589251923561096,5.302342872619629,3.9269907865673304,1.0,0.0,0.0,0.0,720.0,24.0
1788870474.6040316,1788870474.6035252,0.5849431753158569,-1.5707918088883162,-0.018005574197713602,-0.05936984448672298,-0.05936984448672298,0.45691264151078165,0.0,1.4584040451049805,0.6341405916213989,0.0,0.0,-1.5707918088883162,2.356198977679014,0.5649431753158569,5.292610149383545,3.9269907865673304,1.0,0.0,0.0,0.0,720.0,25.0
1788870474.6785636,1788870474.6783257,0.5907437801361084,-1.5707918088883162,-0.019477859699870394,-0.06144135907372658,-0.06144135907372658,0.4554092504812527,0.0,1.4579540300369263,0.6393394875526428,0.0,0.0,-1.5707918088883162,2.356198977679014,0.5707437801361084,5.312870960235596,3.9269907865673304,1.0,0.0,0.0,0.0,720.0,25.0
1788870474.7604,1788870474.7598925,0.5962312817573547,-1.5707918088883162,-0.02042179564153193,-0.0641772299591495,-0.0641772299591495,0.453423706293971,0.0,1.457908968925476,0.6441182899475097,0.0,0.0,-1.5707918088883162,2.356198977679014,0.5762312817573547,5.336269836425782,3.9269907865673304,1.0,0.0,0.0,0.0,720.0,25.0
1788870474.830395,1788870474.8302977,0.6016799807548523,-1.5707918088883162,-0.01829621462220472,-0.06023668974148342,-0.06023668974148342,0.45628353303712055,0.0,1.4579139757156372,0.6489252853393555,0.0,0.0,-1.5707918088883162,2.356198977679014,0.5816799807548523,5.326734046936036,3.9269907865673304,1.0,0.0,0.0,0.0,720.0,26.0
1788870474.8893201,1788870474.889168,0.6051573753356934,-1.5707918088883162,-0.0199031725984443,-0.06265411354296027,-0.06265411354296027,0.4545291001789058,0.0,1.4581240224838257,0.6519220280647278,0.0,0.0,-1.5707918088883162,2.356198977679014,0.5851573753356933,5.3479270744323735,3.9269907865673304,1.0,0.0,0.0,0.0,720.0,26.0
1788870474.957316,1788870474.957189,0.6100834012031555,-1.5707918088883162,-0.017625170221151364,-0.05827661535826714,-0.05827661535826714,0.4577060469134043,0.0,1.458829026222229,0.6560241985321045,0.0,0.0,-1.5707918088883162,2.356198977679014,0.5900834012031555,5.338071804046631,3.9269907865673304,1.0,0.0,0.0,0.0,720.0,27.0
1788870475.0327616,1788870475.0326686,0.6149523854255676,-1.5707918088883162,-0.01876313321614234,-0.05951240301163899,-0.05951240301163899,0.4568091803964423,0.0,1.4596040058135986,0.6601292896270752,0.0,0.0,-1.5707918088883162,2.356198977679014,0.5949523854255676,5.352759819030762,3.9269907865673304,1.0,0.0,0.0,0.0,720.0,27.0
1788870475.1059024,1788870475.105735,0.6195260286331177,-1.5707918088883162,-0.019752645095378756,-0.062099645917140116,-0.062099645917140116,0.45493150219917255,0.0,1.460787992477417,0.6638428974151611,0.0,0.0,-1.5707918088883162,2.356198977679014,0.5995260286331177,5.370076160430909,3.9269907865673304,1.0,0.0,0.0,0.0,720.0,27.0
1788870475.1785803,1788870475.1784296,0.6240792274475098,-1.5707918088883162,-0.017618297656979722,-0.05809488052677661,-0.05809488052677661,0.45783794003022327,0.0,1.4619790124893188,0.6676211166381836,0.0,0.0,-1.5707918088883162,2.356198977679014,0.6040792274475097,5.357604007720948,3.9269907865673304,1.0,0.0,0.0,0.0,720.0,28.0
1788870475.2330594,1788870475.2329714,0.6269798874855042,-1.5707918088883162,-0.01936830098843177,-0.06081345837212015,-0.06081345837212015,0.4558649461776057,0.0,1.462964038848877,0.6699656057357788,0.0,0.0,-1.5707918088883162,2.356198977679014,0.6069798874855041,5.394640903472901,3.9269907865673304,1.0,0.0,0.0,0.0,720.0,28.0
1788870475.300578,1788870475.3005075,0.6310768127441406,-1.5707918088883162,-0.020557709791391935,-0.06429330744435398,-0.06429330744435398,0.4533394636576499,0.0,1.4648049879074097,0.673145215511322,0.0,0.0,-1.5707918088883162,2.356198977679014,0.6110768127441406,5.459649066925049,3.9269907865673304,1.0,0.0,0.0,0.0,720.0,28.0
1788870475.37539,1788870475.3753045,0.6351209878921509,-1.5707918088883162,-0.13178966563930736,-0.3144968432653547,-0.303410910644354,0.2717555377371375,0.0,1.4666950511932373,0.676337878704071,0.0,0.0,-0.6981271896511316,2.356198977679014,1.4285780000686645,8.246794204711914,3.054326167330146,2.0,0.0,0.0,0.0,717.0,0.0
1788870475.4277883,1788870475.427666,0.6376538872718811,-1.5707918088883162,-0.1260758354379827,-0.3767589243606877,-0.3767589243606877,0.23399999999999999,0.0,1.4681969690322876,0.6782473731040954,0.0,0.0,-0.6937638665549457,2.356198977679014,1.4286759901046753,8.023163299560547,3.04996284423396,2.0,0.0,0.0,0.0,716.0,0.0
1788870475.502221,1788870475.5021067,0.6411594748497009,-1.5707918088883162,-0.11443430952853846,-0.3693605306521325,-0.3693605306521325,0.23399999999999999,0.0,1.470893006324768,0.6807145285606384,0.0,0.0,-0.6894005434587598,2.356198977679014,1.429084997177124,7.9442381668090825,3.045599521137774,2.0,0.0,0.0,0.0,713.0,0.0
1788870475.555708,1788870475.5555527,0.6415534019470215,-1.5707918088883162,-0.10982221271731789,-0.3568099156824318,-0.3568099156824318,0.24104704362237567,0.0,1.474223952293396,0.6798633146286011,0.0,0.0,-0.6850372203625739,2.356198977679014,1.4301919746398926,7.991444091796875,3.041236198041588,2.0,0.0,0.0,0.0,712.0,0.0
1788870475.6271677,1788870475.62702,0.6415553092956543,-1.5707918088883162,-0.10980703119415039,-0.35301072457962646,-0.35301072457962646,0.24380428697429704,0.0,1.4742460060119629,0.6798664140701294,0.0,0.0,-0.6850372203625739,2.356198977679014,1.4302149820327759,7.990177612304688,3.041236198041588,2.0,0.0,0.0,0.0,712.0,0.0
1788870475.7012098,1788870475.7011192,0.6415029764175415,-1.5707918088883162,-0.10983554358601227,-0.3519348350065554,-0.3519348350065554,0.24458510828401248,0.0,1.474230031967163,0.6798096704483032,0.0,0.0,-0.6850372203625739,2.356198977679014,1.4301999616622925,7.992478828430176,3.041236198041588,2.0,0.0,0.0,0.0,712.0,0.0
1788870475.7573698,1788870475.7572775,0.6399378776550293,-1.5707918088883162,-0.11175427731013271,-0.3559100316766639,-0.3559100316766639,0.24170012979921257,0.0,1.4784619617462158,0.676625292301178,0.0,0.0,-0.6806738972663879,2.356198977679014,1.431751947402954,7.7862791824340825,3.036872874945402,2.0,0.0,0.0,0.0,713.0,1.0
1788870475.8258407,1788870475.8257551,0.6353628039360046,-1.5707918088883162,-0.0954878487550144,-0.3206657907142314,-0.3206657907142314,0.26727845593695965,0.0,1.4913710165023804,0.6676795291900635,0.0,0.0,-0.6632206048816442,2.356198977679014,1.4368530321121216,7.840232830047608,3.0194195825606585,2.0,0.0,0.0,0.0,712.0,1.0
1788870475.9009724,1788870475.9008527,0.6305844783782959,-1.5707918088883162,-0.06849590554850835,-0.24963056564292813,-0.24963056564292813,0.31883190423164115,0.0,1.5057190465927124,0.6585423755645752,0.0,0.0,-0.6414039894007146,2.356198977679014,1.4427039432525635,7.9575390625,2.997602967079729,2.0,0.0,0.0,0.0,710.0,0.0
1788870475.9531724,1788870475.9530919,0.6272875070571899,-1.5707918088883162,-0.05604024624758234,-0.2004193212874629,-0.2004193212874629,0.3545467110595189,0.0,1.5160289812088013,0.652368586063385,0.0,0.0,-0.6283140201121569,2.356198977679014,1.4471679735183716,7.900766830444336,2.984512997791171,2.0,0.0,0.0,0.0,710.0,0.0
1788870476.027406,1788870476.02731,0.622576117515564,-1.5707918088883162,-0.03953188567108545,-0.14867722028947025,-0.14867722028947025,0.392098274045075,0.0,1.532042007446289,0.6435720133781433,0.0,0.0,-0.6108607277274132,2.356198977679014,1.4544789600372314,7.98204086303711,2.9670597054064274,2.0,0.0,0.0,0.0,709.0,0.0
1788870476.0825348,1788870476.0823421,0.6199851036071777,-1.5707918088883162,-0.030849928526978935,-0.11370700598727389,-0.11370700598727389,0.41747772674720385,0.0,1.542322974205017,0.6386177945137024,0.0,0.0,-0.6021340815350413,2.356198977679014,1.4594600009918213,7.7094478416442875,2.9583330592140555,2.0,0.0,0.0,0.0,709.0,1.0
1788870476.151183,1788870476.1510875,0.6166300177574158,-1.5707918088883162,-0.012574150306967588,-0.06227819848378957,-0.06227819848378957,0.45480191859465235,0.0,1.557478051185608,0.6320975828170776,0.0,0.0,-0.5846807891502976,2.356198977679014,1.4671829748153686,7.816005210876465,2.940879766829312,2.0,0.0,0.0,0.0,707.0,0.0
1788870476.204019,1788870476.2039049,0.6150088906288147,-1.5707918088883162,-0.008151175954742518,-0.03694209368376011,-0.03694209368376011,0.4731894660049105,0.0,1.5665230560302734,0.6288037705421448,0.0,0.0,-0.5803174660541117,2.356198977679014,1.4721029806137085,7.664895038604737,2.936516443733126,2.0,0.0,0.0,0.0,706.0,1.0
1788870476.2754354,1788870476.2753546,0.6130943894386292,-1.5707918088883162,0.0018205692523943855,-0.007004552979764611,-0.007004552979764611,0.49491648179467046,0.0,1.5792720127105713,0.624773006439209,0.0,0.0,-0.5715908198617399,2.356198977679014,1.4794089603424072,7.6552719879150395,2.927789797540754,2.0,0.0,0.0,0.0,704.0,1.0
1788870476.3293867,1788870476.329306,0.6126641035079956,-1.5707918088883162,0.007919964598744694,0.015639354807258733,0.015639354807258733,0.4886498188946556,0.0,1.5853930521011352,0.6235571908950805,0.0,0.0,-0.567227496765554,2.356198977679014,1.483350019454956,7.960567932128907,2.923426474444568,2.0,0.0,0.0,0.0,702.0,0.0
1788870476.4008567,1788870476.400721,0.6126704216003418,-1.5707918088883162,0.015715763952734992,0.039895117696304,0.039895117696304,0.47104632405539437,0.0,1.592969994544983,0.6228080797195434,0.0,0.0,-0.562864173669368,2.356198977679014,1.4886519718170166,7.627048950195313,2.9190631513483822,2.0,0.0,0.0,0.0,699.0,0.0
1788870476.455107,1788870476.4549654,0.613305389881134,-1.5707918088883162,0.012749544403826155,0.04052751477346178,0.04052751477346178,0.47058736513767097,0.0,1.5962019968032837,0.6233724761009216,0.0,0.0,-0.567227496765554,2.356198977679014,1.4914320516586304,7.546713809967041,2.923426474444568,2.0,0.0,0.0,0.0,698.0,1.0
1788870476.5301447,1788870476.5300617,0.6149147748947144,-1.5707918088883162,0.01238182669740093,0.03989354623421662,0.03989354623421662,0.47104746453590085,0.0,1.599047999382019,0.631591420173645,0.0,0.0,-0.5715908198617399,2.356198977679014,1.4946340131759643,7.53080795288086,2.927789797540754,2.0,0.0,0.0,0.0,695.0,1.0
1788870476.6027768,1788870476.6026592,0.617448627948761,-1.5707918088883162,0.012588597646703217,0.0401665225988802,0.0401665225988802,0.4708493533468784,0.0,1.5990890073776245,0.6462791967391968,0.0,0.0,-0.5759541429579258,2.356198977679014,1.4964350271224975,7.7323031234741215,2.93215312063694,2.0,0.0,0.0,0.0,691.0,0.0
1788870476.6597488,1788870476.6596298,0.619290828704834,-1.5707918088883162,0.040773000892562486,0.10338147877900401,0.10338147877900401,0.42497142487390843,0.0,1.598885040283203,0.6563266921043396,0.0,0.0,-0.5803174660541117,2.356198977679014,1.3449460077285766,6.902197818756104,2.936516443733126,2.0,0.0,0.0,0.0,691.0,7.0
1788870476.726034,1788870476.7259145,0.6221730709075928,-1.5707918088883162,0.016202233456573602,0.06730744657642607,0.06730744657642607,0.4511519677252828,0.0,1.5985100078582763,0.6715789246559143,0.0,0.0,-0.5890441122464836,2.356198977679014,1.3090749788284302,7.297243099212647,2.9452430899254978,2.0,0.0,0.0,0.0,692.0,9.0
1788870476.7799191,1788870476.7798316,0.6241922974586487,-1.5707918088883162,0.003748040183266578,0.028587843983444956,0.028587843983444956,0.4792525196453226,0.0,1.5981600093841553,0.6819150257110596,0.0,0.0,-0.5934074353426695,2.356198977679014,1.4998650360107422,7.396639804840088,2.9496064130216837,2.0,0.0,0.0,0.0,692.0,10.0
1788870476.8515034,1788870476.8514159,0.6320974826812744,-1.5707918088883162,8.799344240861707e-06,0.00859606372613302,0.00859606372613302,0.49376145107729075,0.0,1.593420009613037,0.7002606201171875,0.0,0.0,-0.6021340815350413,2.356198977679014,1.4991529989242554,7.440974216461182,2.9583330592140555,2.0,0.0,0.0,0.0,692.0,13.0
1788870476.9039335,1788870476.9036698,0.6412466168403625,-1.5707918088883162,-0.006739097031514296,-0.012516758232752116,-0.012516758232752116,0.490916027256597,0.0,1.5911700534820556,0.71179692029953,0.0,0.0,-0.6108607277274132,2.356198977679014,1.4989690589904785,7.3450069236755375,2.9670597054064274,2.0,0.0,0.0,0.0,693.0,17.0
1788870476.9763005,1788870476.976234,0.6541653275489807,-1.5707918088883162,-0.006961259893565387,-0.0193482496314121,-0.0193482496314121,0.4859581076013434,0.0,1.5906300354003906,0.7274455237388611,0.0,0.0,-0.6152240508235991,2.356198977679014,1.4999970006942749,7.470390777587891,2.9714230285026133,2.0,0.0,0.0,0.0,692.0,20.0
1788870477.0317054,1788870477.0315933,0.6623929738998413,-1.5707918088883162,-0.009778147722570562,-0.02770752578798169,-0.02770752578798169,0.47989140603622416,0.0,1.5918420362472534,0.7370136189460754,0.0,0.0,-0.619587373919785,2.356198977679014,1.5014200019836426,7.289484004974366,2.9757863515987992,2.0,0.0,0.0,0.0,693.0,24.0
1788870477.1012237,1788870477.100937,0.6739951968193054,-1.5707918088883162,-0.005982393546479571,-0.021712819280508746,-0.021712819280508746,0.4842420333716705,0.0,1.595507960319519,0.7499986100196838,0.0,0.0,-0.619587373919785,2.356198977679014,1.5044280099868774,7.409734230041504,2.9757863515987992,2.0,0.0,0.0,0.0,693.0,27.0
1788870477.1546159,1788870477.1545064,0.6811404824256897,-1.5707918088883162,-0.003895448500514369,-0.015239650425304807,-0.015239650425304807,0.48893990228873985,0.0,1.5980100440979004,0.7577982950210571,0.0,0.0,-0.619587373919785,2.356198977679014,1.506708960533142,7.299303989410401,2.9757863515987992,2.0,0.0,0.0,0.0,693.0,29.0
1788870477.2252893,1788870477.2252197,0.6911420226097107,-1.5707918088883162,-0.001188162192629321,-0.007233378439081122,-0.007233378439081122,0.4947504128975347,0.0,1.6022820281982422,0.7684637117385864,0.0,0.0,-0.619587373919785,2.356198977679014,1.510452013015747,7.2710838127136235,2.9757863515987992,2.0,0.0,0.0,0.0,693.0,30.0
1788870477.2781541,1788870477.278006,0.6978933811187744,-1.5707918088883162,0.00028986686008101455,-0.0015207117651428643,-0.0015207117651428643,0.4988963512781622,0.0,1.6049090433120727,0.7757537770271301,0.0,0.0,-0.619587373919785,2.356198977679014,1.5128739881515503,7.240706901550293,2.9757863515987992,2.0,0.0,0.0,0.0,693.0,30.0
1788870477.3502564,1788870477.35018,0.7082493901252747,-1.5707918088883162,0.007214541873838446,0.01570436026785526,0.01570436026785526,0.48860264151683536,0.0,1.6084250020980835,0.7870973753929138,0.0,0.0,-0.619587373919785,2.356198977679014,1.5163379716873169,7.174982051849366,2.9757863515987992,2.0,0.0,0.0,0.0,693.0,29.0
1788870477.4032378,1788870477.4031053,0.7156252264976501,-1.5707918088883162,-0.003582088001250582,-0.003312569042444725,-0.003312569042444725,0.4975959200990661,0.0,1.610344033241272,0.7953501749038696,0.0,0.0,-0.623950697015971,2.356198977679014,1.5184910106658935,7.109280090332032,2.980149674694985,2.0,0.0,0.0,0.0,694.0,29.0
1788870477.4745998,1788870477.4744585,0.727206289768219,-1.5707918088883162,-0.033917480821358134,-0.07696892775257563,-0.07696892775257563,0.4441401975821644,0.0,1.612801055908203,0.8084708857536316,0.0,0.0,-0.623950697015971,2.356198977679014,1.5215639877319336,7.129726867675782,2.980149674694985,2.0,0.0,0.0,0.0,694.0,29.0
1788870477.53008,1788870477.5300086,0.7353392243385315,-1.5707918088883162,-0.07132372885312685,-0.18285583095677682,-0.18285583095677682,0.3672933235989778,0.0,1.6133800554275513,0.8180292057991028,0.0,0.0,-0.6283140201121569,2.356198977679014,1.5230819988250732,7.163660030364991,2.984512997791171,2.0,0.0,0.0,0.0,694.0,29.0
1788870477.6020207,1788870477.6019292,0.7468637824058533,-1.5707918088883162,-0.1300153750948067,-0.3460911894994001,-0.3460911894994001,0.24882610387744067,0.0,1.615619044303894,0.8311211276054382,0.0,0.0,-0.6283140201121569,2.356198977679014,1.5259829568862915,7.026888828277588,2.984512997791171,2.0,0.0,0.0,0.0,694.0,29.0
1788870477.6561952,1788870477.656064,0.7522550821304321,-1.5707918088883162,-0.15563270413047736,-0.4524446141020893,-0.4524446141020893,0.23399999999999999,0.0,1.6204069662094116,0.8360972213745117,0.0,0.0,-0.6283140201121569,2.356198977679014,1.5294279861450195,7.079713802337647,2.984512997791171,2.0,0.0,0.0,0.0,695.0,30.0
1788870477.7265496,1788870477.726456,0.7551109194755554,-1.5707918088883162,-0.18003965405837272,-0.5236,-0.5236,0.23399999999999999,0.0,1.633676986694336,0.8356640148162842,0.0,0.0,-0.6152240508235991,2.356198977679014,1.5374619770050049,6.970672111511231,2.9714230285026133,2.0,0.0,0.0,0.0,695.0,30.0
1788870477.78288,1788870477.7825325,0.7538244128227234,-1.5707918088883162,-0.17196289188293604,-0.5236,-0.5236,0.23399999999999999,0.0,1.6450840044021606,0.8310258793830871,0.0,0.0,-0.6064974046312273,2.356198977679014,1.5439309883117676,7.011877994537354,2.9626963823102415,2.0,0.0,0.0,0.0,695.0,30.0
1788870477.8549159,1788870477.8547797,0.752670407295227,-1.5707918088883162,-0.16773249871014337,-0.5236,-0.5236,0.23399999999999999,0.0,1.6497020530700683,0.8284187722206116,0.0,0.0,-0.6021340815350413,2.356198977679014,1.5464310455322265,7.012576084136963,2.9583330592140555,2.0,0.0,0.0,0.0,695.0,30.0
1788870477.9093199,1788870477.9092247,0.7525923252105713,-1.5707918088883162,-0.16770860716861538,-0.5236,-0.5236,0.23399999999999999,0.0,1.6496749925613403,0.8283303189277649,0.0,0.0,-0.6021340815350413,2.356198977679014,1.5464010047912597,7.013380031585694,2.9583330592140555,2.0,0.0,0.0,0.0,695.0,30.0
1788870477.977586,1788870477.9774997,0.7477803826332092,-1.5707918088883162,-0.16823559841032842,-0.5236,-0.5236,0.23399999999999999,0.0,1.6644079494476318,0.8187730121612549,0.0,0.0,-0.5890441122464836,2.356198977679014,1.5541269588470459,7.263549785614014,2.9452430899254978,2.0,0.0,0.0,0.0,696.0,30.0
1788870478.0518658,1788870478.0517712,0.7394478917121887,-1.5707918088883162,-0.1565972849031241,-0.512216675720896,-0.512216675720896,0.23399999999999999,0.0,1.6922260332107544,0.8025526213645935,0.0,0.0,-0.562864173669368,2.356198977679014,1.5687210369110107,7.026546936035157,2.9190631513483822,2.0,0.0,0.0,0.0,696.0,30.0
1788870478.1257546,1788870478.1256874,0.731194019317627,-1.5707918088883162,-0.13431615507454067,-0.4545331900832399,-0.4545331900832399,0.23399999999999999,0.0,1.7225769567489624,0.7866951036453247,0.0,0.0,-0.5366842350922525,2.356198977679014,1.5844460535049438,6.999995212554932,2.8928832127712667,2.0,0.0,0.0,0.0,696.0,31.0
1788870478.1768374,1788870478.1767445,0.7257813215255737,-1.5707918088883162,-0.1290157554148179,-0.4253552491541641,-0.4253552491541641,0.23399999999999999,0.0,1.7441010284423828,0.7764041829109192,0.0,0.0,-0.5192309427075088,2.356198977679014,1.5958109903335571,6.983614902496338,2.875429920386523,2.0,0.0,0.0,0.0,696.0,31.0
1788870478.2496486,1788870478.2495012,0.7179864048957825,-1.5707918088883162,-0.1168361245820623,-0.3893194938100688,-0.3893194938100688,0.23399999999999999,0.0,1.777834038734436,0.7616954851150513,0.0,0.0,-0.49305100413039327,2.356198977679014,1.613931040763855,6.943222980499268,2.8492499818094075,2.0,0.0,0.0,0.0,696.0,31.0
1788870478.3003716,1788870478.3002846,0.7136061191558838,-1.5707918088883162,-0.10425392250266215,-0.3503246345489839,-0.3503246345489839,0.24575370296292232,0.0,1.799303035736084,0.7533759880065918,0.0,0.0,-0.4799610348418355,2.356198977679014,1.6257300186157226,6.8508591461181645,2.8361600125208497,2.0,0.0,0.0,0.0,696.0,32.0
1788870478.3735435,1788870478.3734663,0.7076308131217957,-1.5707918088883162,-0.09419634551868451,-0.3160972043265485,-0.3160972043265485,0.2705940839494109,0.0,1.831462960243225,0.7420065212249756,0.0,0.0,-0.4581444193609059,2.356198977679014,1.6436439561843872,6.9592270660400395,2.81434339703992,2.0,0.0,0.0,0.0,696.0,32.0
1788870478.4279058,1788870478.4275248,0.7041214108467102,-1.5707918088883162,-0.09173402065693291,-0.3003133675694943,-0.3003133675694943,0.2820491220847826,0.0,1.85225604057312,0.7353141117095947,0.0,0.0,-0.4450544500723481,2.356198977679014,1.6554080057144165,6.938827018737793,2.8012534277513623,2.0,0.0,0.0,0.0,696.0,32.0
1788870478.5036402,1788870478.503527,0.6991870999336243,-1.5707918088883162,-0.07618315340838169,-0.2607442739056233,-0.2607442739056233,0.3107661877690281,0.0,1.8763559865951538,0.7258434104919433,0.0,0.0,-0.4276011576876044,2.356198977679014,1.6739669847488403,6.815385799407959,2.7838001353666186,2.0,0.0,0.0,0.0,696.0,34.0
1788870478.556687,1788870478.5565803,0.6960176229476929,-1.5707918088883162,-0.07342472801006363,-0.24269467291422953,-0.24269467291422953,0.32386559261381354,0.0,1.8897349643707275,0.719763081073761,0.0,0.0,-0.41451118839904666,2.356198977679014,1.6871460485458374,6.95625207901001,2.770710166078061,2.0,0.0,0.0,0.0,696.0,33.0
1788870478.6277773,1788870478.627649,0.691297173500061,-1.5707918088883162,-0.07594529057098358,-0.24292585275327205,-0.24292585275327205,0.32369781503773226,0.0,1.9107589530944824,0.7108188080787659,0.0,0.0,-0.39705789601430297,2.356198977679014,1.7079330492019653,6.773890953063965,2.753256873693317,2.0,0.0,0.0,0.0,697.0,34.0
1788870478.6819882,1788870478.681841,0.6884598731994629,-1.5707918088883162,-0.08402239268157233,-0.26108791543270365,-0.26108791543270365,0.31051679170277424,0.0,1.9244669485092163,0.7054610061645508,0.0,0.0,-0.3839679267257452,2.356198977679014,1.7218149709701538,6.832909088134766,2.7401669044047594,2.0,0.0,0.0,0.0,696.0,30.0
1788870478.7524307,1788870478.7523232,0.6840947270393372,-1.5707918088883162,-0.0762137798445077,-0.24904524148150836,-0.24904524148150836,0.3192567002235043,0.0,1.9465340185165405,0.6973299193382263,0.0,0.0,-0.3665146343410015,2.356198977679014,1.7443179893493652,6.780939083099366,2.7227136120200157,2.0,0.0,0.0,0.0,696.0,31.0
1788870478.806123,1788870478.806042,0.6810207962989807,-1.5707918088883162,-0.10953073082744072,-0.32006240949791975,-0.32006240949791975,0.2677163567432973,0.0,1.9623460578918457,0.6917363214492798,0.0,0.0,-0.35778798814862967,2.356198977679014,1.7603839445114136,7.019177894592286,2.713986965827644,2.0,0.0,0.0,0.0,697.0,22.0
1788870478.876413,1788870478.8762617,0.676155686378479,-1.5707918088883162,-0.10078196419968286,-0.3217703226566655,-0.3217703226566655,0.26647684757537643,0.0,1.9873521137237549,0.6831108140945434,0.0,0.0,-0.340334695763886,2.356198977679014,1.7853439855575561,6.893911819458008,2.6965336734429,2.0,0.0,0.0,0.0,697.0,22.0
1788870478.9289355,1788870478.9287949,0.6728209853172302,-1.5620651626959443,-0.10082981219750493,-0.3223898761194107,-0.3223898761194107,0.2660272098445835,0.0,2.004708032608032,0.6773602175712585,0.0,0.0,-0.3272447264753282,2.356198977679014,1.8026439952850342,6.7507381248474125,2.6834437041543424,2.0,0.0,0.0,0.0,697.0,21.0
1788870479.0017521,1788870479.0016506,0.6669679880142212,-1.5446118703112006,-0.08972046185014955,-0.29769079738015825,-0.29769079738015825,0.28395243887612653,0.0,2.0342070865631103,0.6677791881561279,0.0,0.0,-0.3097914340905845,2.356198977679014,1.8309989976882934,6.932250003814698,2.6659904117695987,2.0,0.0,0.0,0.0,697.0,19.0
1788870479.0556726,1788870479.055589,0.6627910733222961,-1.5315219010226429,-0.11483927319356353,-0.34654721116762977,-0.34654721116762977,0.24849514850324803,0.0,2.054932098388672,0.6612736988067627,0.0,0.0,-0.29670146480202675,2.356198977679014,1.8505589771270752,6.923656921386719,2.652900442481041,2.0,0.0,0.0,0.0,697.0,0.0
1788870479.1299024,1788870479.1297848,0.6562144160270691,-1.5097052855417132,-0.10370884493675053,-0.33627197600861014,-0.33627197600861014,0.2559523474345457,0.0,2.087546091079712,0.6514890003204346,0.0,0.0,-0.27488484932109714,2.356198977679014,1.8811809825897217,6.682933788299561,2.6310838270001113,2.0,0.0,0.0,0.0,697.0,0.0
1788870479.1855006,1788870479.185399,0.6518679261207581,-1.5009786393493414,-0.09578656594908995,-0.31544350052854453,-0.31544350052854453,0.271068506109918,0.0,2.1065079975128174,0.6453351783752441,0.0,0.0,-0.26179488003253937,2.356198977679014,1.894317011833191,6.637771110534668,2.6179938577115536,2.0,0.0,0.0,0.0,697.0,0.0
1788870479.2561631,1788870479.2558959,0.644913911819458,-1.4791620238684118,-0.08009361328463359,-0.2740427439161426,-0.2740427439161426,0.30111489173389194,0.0,2.123065929412842,0.6357797193527222,0.0,0.0,-0.24434158764779568,2.356198977679014,1.9137129592895508,6.6798410224914555,2.60054056532681,2.0,0.0,0.0,0.0,697.0,0.0
1788870479.3346252,1788870479.3344526,0.6378077864646912,-1.461708731483668,-0.07083740113467892,-0.24088860171652354,-0.24088860171652354,0.32517633947234725,0.0,2.1404959964752197,0.6264384794235229,0.0,0.0,-0.226888295263052,2.356198977679014,1.9337290334701538,6.972372989654541,2.583087272942066,2.0,0.0,0.0,0.0,698.0,0.0
1788870479.4062831,1788870479.4061291,0.6301891803741455,-1.4442554390989244,-0.05522924026734614,-0.1959800787138124,-0.1959800787138124,0.3577684684659115,0.0,2.155597906112671,0.6168439197540283,0.0,0.0,-0.20507167978212237,2.356198977679014,1.9554689931869507,6.595159988403321,2.5612706574611366,2.0,0.0,0.0,0.0,697.0,0.0
1788870479.478626,1788870479.4785192,0.6221976280212402,-1.4268021467141807,-0.042181357199509294,-0.15328026374104456,-0.15328026374104456,0.3887576389961861,0.0,2.1492450046539306,0.6072295117378235,0.0,0.0,-0.18761838739737868,2.356198977679014,1.978250961303711,6.5920090484619145,2.543817365076393,2.0,0.0,0.0,0.0,697.0,0.0
1788870479.55247,1788870479.5522518,0.6137704849243164,-1.409348854329437,-0.03170327018822984,-0.11699940434394823,-0.11699940434394823,0.4150882856174555,0.0,2.1420988845825195,0.5974798011779785,0.0,0.0,-0.170165095012635,2.356198977679014,2.0021359729766846,6.5590290832519536,2.526364072691649,2.0,0.0,0.0,0.0,697.0,0.0
1788870479.630779,1788870479.6306243,0.6052051186561584,-1.3918955619446933,-0.025879842611874943,-0.09307066875378434,-0.09307066875378434,0.43245444208090517,0.0,2.133855085372925,0.5879279780387878,0.0,0.0,-0.15707512572407722,2.356198977679014,2.0258290576934814,6.595517139434815,2.5132741034030914,2.0,0.0,0.0,0.0,698.0,0.0
1788870479.689039,1788870479.6888773,0.5995336174964905,-1.3831689157523215,-0.022090446697680028,-0.07740380122893858,-0.07740380122893858,0.443824590399166,0.0,2.127618055343628,0.5817733812332153,0.0,0.0,-0.14834847953170538,2.356198977679014,2.0409331130981445,6.5630268859863286,2.5045474572107196,2.0,0.0,0.0,0.0,698.0,0.0
1788870479.7554264,1788870479.7553287,0.5906767249107361,-1.3744422695599496,-0.019739926088987347,-0.06743857480801323,-0.06743857480801323,0.45105680208738536,0.0,2.116852979660034,0.5723554897308349,0.0,0.0,-0.1352585102431476,2.356198977679014,2.0636598873138428,6.460000019073487,2.491457487922162,2.0,0.0,0.0,0.0,698.0,0.0
1788870479.8304777,1788870479.8303516,0.5817670822143555,-1.3657156233675778,-0.016720595031968467,-0.05768570531401334,-0.05768570531401334,0.45813489683092995,0.0,2.1049849796295166,0.5630547213554382,0.0,0.0,-0.12653186405077577,2.356198977679014,2.0854069995880127,6.422667961120606,2.48273084172979,2.0,0.0,0.0,0.0,698.0,0.0
1788870479.904194,1788870479.904094,0.5726491808891296,-1.356988977175206,-0.017133568526231907,-0.05568490509296347,-0.05568490509296347,0.45958696727401427,0.0,2.092446069717407,0.5536427903175354,0.0,0.0,-0.12216854095458984,2.356198977679014,2.092446069717407,6.484611968994141,2.478367518633604,2.0,0.0,0.0,0.0,699.0,0.0
1788870479.981119,1788870479.9809465,0.5634179711341858,-1.348262330982834,-0.014705226881630127,-0.049645179742740526,-0.049645179742740526,0.46397026680244197,0.0,2.0796580123901367,0.5441800761222839,0.0,0.0,-0.113441894762218,2.356198977679014,2.0796580123901367,6.377393226623536,2.469640872441232,2.0,0.0,0.0,0.0,698.0,0.0
1788870480.060572,1788870480.0604389,0.5542402267456055,-1.3438990078866482,-0.01889960693205929,-0.057228673450634975,-0.057228673450634975,0.4584665853490426,0.0,2.066812973022461,0.5348347234725952,0.0,0.0,-0.10907857166603208,2.356198977679014,2.066812973022461,6.377624015808106,2.4652775493450463,2.0,0.0,0.0,0.0,699.0,0.0
1788870480.1293678,1788870480.1287365,0.5449538826942444,-1.3395356847904623,-0.01880320708246304,-0.0592877858999077,-0.0592877858999077,0.45697219510701886,0.0,2.05409405708313,0.5254062223434448,0.0,0.0,-0.10471524856984615,2.356198977679014,2.05409405708313,6.371292095184327,2.4609142262488604,2.0,0.0,0.0,0.0,699.0,0.0
1788870480.2032263,1788870480.2031431,0.5356475114822388,-1.3351723616942763,-0.021033154315294976,-0.06490060143623305,-0.06490060143623305,0.45289872317462077,0.0,2.0413911151885986,0.5159886884689331,0.0,0.0,-0.10035192547366023,2.356198977679014,2.0413911151885986,6.346782188415528,2.4565509031526744,2.0,0.0,0.0,0.0,699.0,0.0
1788870480.2779222,1788870480.2777529,0.5259957909584045,-1.3264457155019045,-0.024328570966986637,-0.07396617939691999,-0.07396617939691999,0.4463194267172849,0.0,2.029015998840332,0.5062311100959778,0.0,0.0,-1.5707918088883162,-0.18761838739737868,0.5059957909584045,9.926567535400391,1.3831734214909375,2.0,0.0,0.0,0.0,699.0,0.0
1788870480.3324451,1788870480.3323674,0.5194113850593567,-1.3264457155019045,-0.025128864292853825,-0.07847850983506857,-0.07847850983506857,0.4430446261701183,0.0,2.020921926498413,0.5069492268562317,0.0,0.0,-0.09162527928128839,2.356198977679014,2.020921926498413,6.513278942108155,2.4478242569603026,3.0,0.0,0.0,0.0,700.0,0.0
1788870480.402755,1788870480.402635,0.5103949904441833,-1.3831689157523215,-0.02702668593347898,-0.08408332944151349,-0.08408332944151349,0.43897695724259905,0.0,2.0090679931640625,0.5139363813400268,0.0,0.0,-0.08289863308891654,2.356198977679014,2.0090679931640625,6.191853981018067,2.4390976107679307,2.0,0.0,0.0,0.0,700.0,0.0
1788870480.4777677,1788870480.4776511,0.5029296875,-1.4398921160027385,-0.024122427170875715,-0.07925923569521565,-0.07925923569521565,0.4424780184030139,0.0,1.9976799297332763,0.5200047898292541,0.0,0.0,-0.07853530999273062,2.356198977679014,1.9976799297332763,6.112579803466797,2.434734287671745,2.0,0.0,0.0,0.0,700.0,1.0
1788870480.5318377,1788870480.531694,0.4989713132381439,-1.4791620238684118,-0.02587227436029333,-0.08173166527562176,-0.08173166527562176,0.44068366538438447,0.0,1.9903139877319336,0.5236617732048034,0.0,0.0,-0.06980866380035877,2.356198977679014,1.9903139877319336,6.115235786437989,2.426007641479373,2.0,0.0,0.0,0.0,700.0,0.0
1788870480.602351,1788870480.6022646,0.4945417046546936,-1.5358852241188288,-0.024424741785059358,-0.0792309211812195,-0.0792309211812195,0.44249856751553973,0.0,1.9799350309371948,0.528413872718811,0.0,0.0,-1.3962588850408792,-0.1527118026278913,0.5002245712280273,9.955871086120606,1.243547082412988,2.0,0.0,0.0,0.0,700.0,0.0
1788870480.6760788,1788870480.6759925,0.493861585855484,-1.5707918088883162,-0.02412176410234164,-0.07780202794361112,-0.07780202794361112,0.4435355794144915,0.0,1.9695720481872558,0.5331532168388367,0.0,0.0,-1.4180755005218089,-0.14398515643551946,0.5002205777168274,9.960860710144043,1.2740903440862894,2.0,0.0,0.0,0.0,701.0,0.0
1788870480.7279756,1788870480.727806,0.49736669659614563,-1.5707918088883162,-0.022319112469095143,-0.07333542031385647,-0.07333542031385647,0.44677719686924094,0.0,1.9627189445495605,0.5361022758483887,0.0,0.0,-1.4311654698103666,-0.13962183333933353,0.5006041932106018,9.910231094360352,1.291543636471033,2.0,0.0,0.0,0.0,700.0,0.0
1788870480.8019235,1788870480.8017995,0.5024871230125427,-1.5707918088883162,-0.020830380062397374,-0.06866067743392705,-0.06866067743392705,0.45016986740853265,0.0,1.9526099967956543,0.5403960752487182,0.0,0.0,-1.4573454083874822,-0.1308951871469617,0.5001008915901184,9.908657531738282,1.3264502212405205,2.0,0.0,0.0,0.0,701.0,0.0
1788870480.8533218,1788870480.853245,0.5057973861694336,-1.5707918088883162,-0.019155746643665404,-0.06350707571198862,-0.06350707571198862,0.45391006728312516,0.0,1.9459780263900757,0.5431517171859741,0.0,0.0,-1.47043537767604,-0.12653186405077577,0.5007775235176086,9.864689331054688,1.3439035136252642,2.0,0.0,0.0,0.0,700.0,0.0
1788870480.924291,1788870480.9242165,0.5107113122940063,-1.5707918088883162,-0.018318010286300312,-0.06008446575490929,-0.06008446575490929,0.45639400881041725,0.0,1.931274037361145,0.5472873258590698,0.0,0.0,-1.5009786393493414,-0.11780521785840392,0.5002934741973877,9.879070739746094,1.3831734214909375,2.0,0.0,0.0,0.0,701.0,0.0
1788870480.9763536,1788870480.976276,0.5139966011047363,-1.5707918088883162,-0.017450074399369988,-0.057113506381061566,-0.057113506381061566,0.4585501672559141,0.0,1.9214769411087036,0.550109486579895,0.0,0.0,-1.522795254830271,-0.113441894762218,0.5001932787895202,9.854007225036622,1.409353360068053,2.0,0.0,0.0,0.0,701.0,0.0
1788870481.0500133,1788870481.049769,0.518937885761261,-1.5707918088883162,-0.017941168438710964,-0.057322269217031034,-0.057322269217031034,0.45839865870421737,0.0,1.9068330335617065,0.5544320154190063,0.0,0.0,-1.5577018395997584,-0.10471524856984615,0.5004647779464722,9.899677734375,1.4529865910299122,2.0,0.0,0.0,0.0,701.0,0.0
1788870481.1009305,1788870481.1008546,0.5222120881080627,-1.5707918088883162,-0.018461604821552555,-0.05855067556538704,-0.05855067556538704,0.45750714913130813,0.0,1.8971099662780762,0.5573270726203918,0.0,0.0,-1.5707918088883162,-0.10035192547366023,0.5022120881080627,9.891845207214356,1.470439883414656,2.0,0.0,0.0,0.0,701.0,0.0
1788870481.1729913,1788870481.1729193,0.5270798802375793,-1.5707918088883162,-0.019394398353106485,-0.061008654980574645,-0.061008654980574645,0.45572328324557226,0.0,1.882588963508606,0.561663191318512,0.0,0.0,-1.5707918088883162,-0.09162527928128839,0.5070798802375793,9.958601455688477,1.4791665296070278,2.0,0.0,0.0,0.0,702.0,0.0
1788870481.225752,1788870481.2255456,0.5302327871322632,-1.5707918088883162,-0.01919607809422485,-0.06130181142523605,-0.06130181142523605,0.45551052646755213,0.0,1.8730050134658813,0.5644494104385376,0.0,0.0,-1.5707918088883162,-0.08726195618510246,0.5102327871322632,9.957270126342774,1.4835298527032137,2.0,0.0,0.0,0.0,702.0,0.0
1788870481.2996912,1788870481.299544,0.5347490906715393,-1.5707918088883162,-0.018174034303211087,-0.059100380266763654,-0.059100380266763654,0.4571082037788957,0.0,1.8587970542907715,0.5683581042289734,0.0,0.0,-1.5707918088883162,-0.08289863308891654,0.5147490906715393,9.880086402893067,1.4878931757993996,2.0,0.0,0.0,0.0,701.0,0.0
1788870481.3731678,1788870481.373033,0.5389643907546997,-1.5707918088883162,-0.018117967295591293,-0.058314360822153605,-0.058314360822153605,0.45767865333762725,0.0,1.844861011505127,0.5718747186660766,0.0,0.0,-1.5707918088883162,-0.0741719868965447,0.5189643907546997,9.933008651733399,1.4966198219917715,2.0,0.0,0.0,0.0,702.0,0.0
1788870481.4249704,1788870481.4248435,0.5416604280471802,-1.5707918088883162,-0.017588949745428576,-0.056893555676406096,-0.056893555676406096,0.4587097953456182,0.0,1.8356710481643677,0.5740881967544555,0.0,0.0,-1.5707918088883162,-0.06980866380035877,0.5216604280471802,9.921272735595704,1.5009831450879574,2.0,0.0,0.0,0.0,702.0,0.0
1788870481.500002,1788870481.499855,0.54561448097229,-1.5707918088883162,-0.017301870250612843,-0.0558242560642946,-0.0558242560642946,0.45948583402514903,0.0,1.8219959545135498,0.5773358154296875,0.0,0.0,-1.5707918088883162,-0.06108201760798693,0.52561448097229,9.976655464172364,1.5097097912803292,2.0,0.0,0.0,0.0,703.0,0.0
1788870481.5509567,1788870481.5508513,0.5481752157211304,-1.5707918088883162,-0.016902210844732868,-0.054608229111490006,-0.054608229111490006,0.4603683593155726,0.0,1.8129629898071289,0.5794278192520141,0.0,0.0,-1.5707918088883162,-0.056718694511801004,0.5281752157211304,9.962930183410645,1.5140731143765152,2.0,0.0,0.0,0.0,703.0,0.0
1788870481.6273265,1788870481.6272511,0.5519003868103027,-1.5707918088883162,-0.016479997028726167,-0.05329766207779362,-0.05329766207779362,0.4613194965821971,0.0,1.7995220232009888,0.5824500727653503,0.0,0.0,-1.5707918088883162,-0.05235537141561508,0.5319003868103027,9.897730331420899,1.518436437472701,2.0,0.0,0.0,0.0,702.0,0.0
1788870481.6800034,1788870481.6798873,0.5543093085289001,-1.5707918088883162,-0.017386140813854003,-0.05493425404637105,-0.05493425404637105,0.46013174840026544,0.0,1.7906520175933838,0.5843922901153564,0.0,0.0,-1.5707918088883162,-0.04362872522324324,0.5343093085289001,9.969508628845215,1.527163083665073,2.0,0.0,0.0,0.0,703.0,0.0
1788870481.7513285,1788870481.7511992,0.5578272938728333,-1.5707918088883162,-0.01623077559115807,-0.05283721353810539,-0.05283721353810539,0.4616536647355232,0.0,1.7774400520324707,0.58814368724823,0.0,0.0,-1.5707918088883162,-0.039265402127057314,0.5378272938728332,9.916541557312012,1.5315264067612588,2.0,0.0,0.0,0.0,703.0,0.0
1788870481.8069403,1788870481.8065813,0.5601059794425964,-1.5707918088883162,-0.015717044338400408,-0.05105734337944853,-0.05105734337944853,0.4629453963250756,0.0,1.768714051246643,0.5950295734405517,0.0,0.0,-1.5707918088883162,-0.03490207903087139,0.5401059794425964,9.907462577819825,1.5358897298574448,2.0,0.0,0.0,0.0,703.0,0.0
1788870481.8775113,1788870481.8767939,0.5633357763290405,-1.5707918088883162,-0.015147179008322024,-0.04924688399247589,-0.04924688399247589,0.46425932788934143,0.0,1.7557840156555176,0.6050339150428772,0.0,0.0,-1.5707918088883162,-0.026175432838499546,0.5433357763290405,9.928884010314942,1.5446163760498166,2.0,0.0,0.0,0.0,704.0,0.0
1788870481.9308667,1788870481.930748,0.5654320120811462,-1.5707918088883162,-0.014666960303965422,-0.04762805627862532,-0.04762805627862532,0.4654341837550084,0.0,1.7472380208969116,0.6116378116607666,0.0,0.0,-1.5707918088883162,-0.021812109742313623,0.5454320120811462,9.920049171447754,1.5489796991460025,2.0,0.0,0.0,0.0,704.0,0.0
1788870482.00273,1788870482.0025973,0.5684946775436401,-1.5707918088883162,-0.013850905837658346,-0.045314445959942294,-0.045314445959942294,0.4671132745134109,0.0,1.73450599193573,0.6214440274238586,0.0,0.0,-1.5707918088883162,-0.013085463549941778,0.5484946775436401,9.947144966125489,1.5577063453383744,2.0,0.0,0.0,0.0,705.0,1.0
1788870482.0795858,1788870482.0795186,0.5714775919914246,-1.5707918088883162,-0.01405333201202893,-0.045073797494927494,-0.045073797494927494,0.4672879238959656,0.0,1.7218769598007202,0.6311732935905456,0.0,0.0,-1.5707918088883162,-0.004358817357569933,0.5514775919914245,9.978513221740723,1.5664329915307462,2.0,0.0,0.0,0.0,705.0,0.0
1788870482.1357412,1788870482.135652,0.5734742283821106,-1.5707918088883162,-0.013581161202857999,-0.04394394034288017,-0.04394394034288017,0.46810791189783335,0.0,1.7132570552825928,0.6377969789505005,0.0,0.0,-1.5707918088883162,4.505738615989685e-06,0.5534742283821106,9.972981910705567,1.5707963146269321,2.0,0.0,0.0,0.0,705.0,0.0
1788870482.2025785,1788870482.202306,0.581994891166687,-1.5707918088883162,-0.012597926464606508,-0.04140253738358263,-0.04140253738358263,0.46995232199052445,0.0,1.7001290130615234,0.6478909063339233,0.0,0.0,-1.5707918088883162,0.004367828834801912,0.561994891166687,9.926419715881348,1.575159637723118,2.0,0.0,0.0,0.0,705.0,0.0
1788870482.256635,1788870482.2564182,0.5884395837783813,-1.5707918088883162,-0.012117968545666734,-0.03956501075736827,-0.03956501075736827,0.4712858974640949,0.0,1.6914360332489013,0.6545476126670837,0.0,0.0,-1.5707918088883162,0.008731151930987835,0.5684395837783813,9.921908836364747,1.579522960819304,2.0,0.0,0.0,0.0,705.0,0.0
1788870482.326369,1788870482.3262763,0.5979940891265869,-1.5707918088883162,-0.011769200795674225,-0.03823251300952074,-0.03823251300952074,0.4722529508334265,0.0,1.6784939575195312,0.6644019293785095,0.0,0.0,-1.5707918088883162,0.01745779812335968,0.5779940891265869,9.955646018981934,1.5882496070116758,2.0,0.0,0.0,0.0,706.0,0.0
1788870482.4030402,1788870482.4028785,0.6075019836425781,-1.5707918088883162,-0.01096508363318601,-0.036031541241192885,-0.036031541241192885,0.4738502947447416,0.0,1.6656329441070556,0.6742427158355713,0.0,0.0,-1.5707918088883162,0.021821121219545603,0.5875019836425781,9.916368942260743,1.5926129301078618,2.0,0.0,0.0,0.0,706.0,0.0
1788870482.4585075,1788870482.4584086,0.6138020157814026,-1.5707918088883162,-0.010679499195470609,-0.03473154057021203,-0.03473154057021203,0.474793763528112,0.0,1.6571140098571777,0.6807709741592407,0.0,0.0,-1.5707918088883162,0.026184444315731525,0.5938020157814026,9.918100814819336,1.5969762532040477,2.0,0.0,0.0,0.0,706.0,0.0
1788870482.5282092,1788870482.5280654,0.6231824159622192,-1.5707918088883162,-0.009728568213787958,-0.032211454969948636,-0.032211454969948636,0.47662270265740936,0.0,1.644402961730957,0.6904976177215576,0.0,0.0,-1.5707918088883162,0.03491109050810337,0.6031824159622192,9.962806205749512,1.6057028993964195,2.0,0.0,0.0,0.0,707.0,0.0
1788870482.602408,1788870482.6022441,0.6325255036354065,-1.5707918088883162,-0.009765072990179062,-0.03153719998898569,-0.03153719998898569,0.4771120397329745,0.0,1.6317579555511474,0.7002175855636597,0.0,0.0,-1.5707918088883162,0.03927441360428929,0.6125255036354065,9.932779769897461,1.6100662224926054,2.0,0.0,0.0,0.0,707.0,0.0
1788870482.6578119,1788870482.6577275,0.6387224793434143,-1.5707918088883162,-0.009839361956567694,-0.031501330779407345,-0.031501330779407345,0.4771380716268625,0.0,1.6233709859848022,0.7066759872436523,0.0,0.0,-1.5707918088883162,0.043637736700475216,0.6187224793434143,9.94119785308838,1.6144295455887914,2.0,0.0,0.0,0.0,707.0,0.0
1788870482.7266388,1788870482.7265222,0.6479930877685547,-1.5707918088883162,-0.009488390592182884,-0.030704394160311867,-0.030704394160311867,0.4777164442686812,0.0,1.6108460235595703,0.7163628149032593,0.0,0.0,-1.5707918088883162,0.04800105979666114,0.6279930877685547,9.917247276306153,1.6187928686849773,2.0,0.0,0.0,0.0,707.0,0.0
1788870482.7808397,1788870482.7807357,0.6541463136672974,-1.5707918088883162,-0.008750901924779831,-0.028813338559600384,-0.028813338559600384,0.47908886811946494,0.0,1.6025240230560303,0.7228030967712402,0.0,0.0,-1.5707918088883162,0.05236438289284706,0.6341463136672973,9.929691772460938,1.6231561917811632,2.0,0.0,0.0,0.0,708.0,0.0
1788870482.8515196,1788870482.8513937,0.6632720232009888,-1.5707918088883162,-0.008428579041006535,-0.02752401861973476,-0.02752401861973476,0.4800245854173048,0.0,1.590139012336731,0.7323297071456909,0.0,0.0,-1.5707918088883162,0.056727705989032984,0.6432720232009888,9.908133010864258,1.6275195148773491,2.0,0.0,0.0,0.0,708.0,0.0
1788870482.9055529,1788870482.9054677,0.6692994236946106,-1.5707918088883162,-0.0084959558522516,-0.027288146694964013,-0.027288146694964013,0.48019576825040805,0.0,1.5819409894943237,0.7386153149604797,0.0,0.0,-1.5707918088883162,0.061091029085218906,0.6492994236946106,9.921159248352051,1.631882837973535,2.0,0.0,0.0,0.0,708.0,0.0
1788870482.9772394,1788870482.9771457,0.678329586982727,-1.5707918088883162,-0.008219587224441284,-0.02659831939123768,-0.02659831939123768,0.4806964068589184,0.0,1.5696669626235962,0.7480633068084717,0.0,0.0,-1.5707918088883162,0.06545435218140483,0.658329586982727,9.903731803894043,1.636246161069721,2.0,0.0,0.0,0.0,708.0,0.0
1788870483.0331807,1788870483.033098,0.6843233108520508,-1.5707918088883162,-0.007394616852471799,-0.024543437566908133,-0.024543437566908133,0.48218772674670535,0.0,1.561536054611206,0.7543456959724426,0.0,0.0,-1.5707918088883162,0.06981767527759075,0.6643233108520508,9.920862655639649,1.640609484165907,2.0,0.0,0.0,0.0,709.0,0.0
1788870483.101047,1788870483.100881,0.6932554841041565,-1.5707918088883162,-0.00716905225521419,-0.02342170832175223,-0.02342170832175223,0.4830018159620591,0.0,1.5493730115890503,0.7637038040161133,0.0,0.0,-1.5707918088883162,0.07418099837377667,0.6732554841041565,9.906785469055176,1.6449728072620928,2.0,0.0,0.0,0.0,709.0,0.0
1788870483.154707,1788870483.154541,0.6991698145866394,-1.5707918088883162,-0.0066402453127721245,-0.021900661997135227,-0.021900661997135227,0.4841057074887101,0.0,1.5413149404525757,0.7698979783058166,0.0,0.0,-1.5707918088883162,0.0785443214699626,0.6791698145866394,9.925425033569336,1.6493361303582788,2.0,0.0,0.0,0.0,709.0,0.0
1788870483.2277749,1788870483.2276943,0.7080345749855042,-1.5707918088883162,-0.006737535738278363,-0.0216622786528841,-0.0216622786528841,0.4842787129715509,0.0,1.5292520332336426,0.7792187738418579,0.0,0.0,-1.5707918088883162,0.08290764456614852,0.6880345749855041,9.915890197753907,1.6536994534544647,2.0,0.0,0.0,0.0,709.0,0.0
1788870483.2816172,1788870483.2815309,0.7139387130737305,-1.5707918088883162,-0.005777499325183964,-0.01944028208427731,-0.01944028208427731,0.48589131552325177,0.0,1.5212349700927734,0.7854419159889221,0.0,0.0,-1.5707918088883162,0.08727096766233444,0.6939387130737305,9.938916664123536,1.6580627765506506,2.0,0.0,0.0,0.0,710.0,0.0
1788870483.3520198,1788870483.3519003,0.7227789163589478,-1.5707918088883162,-0.005531834719666158,-0.018223394397335387,-0.018223394397335387,0.48677446548703696,0.0,1.5092320251464844,0.794784824848175,0.0,0.0,-1.5707918088883162,0.09163429075852036,0.7027789163589477,9.934654693603516,1.6624260996468365,2.0,0.0,0.0,0.0,710.0,0.0
1788870483.4247358,1788870483.4246595,0.7315744161605835,-1.5707918088883162,-0.005277554299142263,-0.017288739949279288,-0.017288739949279288,0.487452786133067,0.0,1.497292022705078,0.8040864276885986,0.0,0.0,-1.5707918088883162,0.09599761385470629,0.7115744161605835,9.931906204223633,1.6667894227430224,2.0,0.0,0.0,0.0,710.0,0.0
1788870483.480111,1788870483.4800434,0.7374570965766907,-1.5707918088883162,-0.004655492439450754,-0.015614925049153475,-0.015614925049153475,0.48866754866562584,0.0,1.4895789432525635,0.8103412199020386,0.0,0.0,-1.5707918088883162,0.10036093695089221,0.7174570965766907,9.961145858764649,1.6711527458392084,2.0,0.0,0.0,0.0,711.0,0.0
1788870483.550993,1788870483.550861,0.7462652921676636,-1.5707918088883162,-0.004821319172644622,-0.015484232461469996,-0.015484232461469996,0.4887623981372066,0.0,1.4784829425811767,0.8197232294082641,0.0,0.0,-1.5707918088883162,0.10472426004707813,0.7262652921676636,9.96475456237793,1.6755160689353943,2.0,0.0,0.0,0.0,711.0,0.0
1788870483.6034386,1788870483.6033423,0.7521381974220276,-1.5707918088883162,-0.005202429975680651,-0.016298712883965658,-0.016298712883965658,0.48817129317053676,0.0,1.4714319515228271,0.8259941148757934,0.0,0.0,-1.5707918088883162,0.10472426004707813,0.7321381974220276,9.91172836303711,1.6755160689353943,2.0,0.0,0.0,0.0,711.0,0.0
1788870483.674157,1788870483.6740248,0.7609570026397705,-1.5707918088883162,-0.005340149557697713,-0.016851548874432576,-0.016851548874432576,0.4877700753012139,0.0,1.4610999631881714,0.8354431200027466,0.0,0.0,-1.5707918088883162,0.10908758314326406,0.7409570026397705,9.920250396728516,1.6798793920315802,2.0,0.0,0.0,0.0,711.0,0.0
1788870483.7268953,1788870483.726734,0.7668070793151855,-1.5707918088883162,-0.004565778852132199,-0.015282809291105901,-0.015282809291105901,0.48890857996443804,0.0,1.4542319583892822,0.8417082834243774,0.0,0.0,-1.5707918088883162,0.11345090623944998,0.7468070793151855,9.955019454956055,1.6842427151277661,2.0,0.0,0.0,0.0,712.0,0.0
1788870483.8010402,1788870483.8009543,0.7755085229873657,-1.5707918088883162,-0.004110107696034555,-0.013791484026449176,-0.013791484026449176,0.48999090158508274,0.0,1.4439849662780762,0.8510026741027832,0.0,0.0,-1.5707918088883162,0.1178142293356359,0.7555085229873657,9.963406066894532,1.688606038223952,2.0,0.0,0.0,0.0,712.0,0.0
1788870483.8547583,1788870483.8546827,0.7812533974647522,-1.5707918088883162,-0.00625938021403689,-0.018158456887377387,-0.018158456887377387,0.4868215935500317,0.0,1.437203984260559,0.8571188259124756,0.0,0.0,-1.5707918088883162,0.1178142293356359,0.7612533974647522,9.824449043273926,1.688606038223952,2.0,0.0,0.0,0.0,712.0,2.0
1788870483.9281735,1788870483.9278746,0.7898834943771362,-1.5707918088883162,-0.004349157622078156,-0.015189650139668285,-0.015189650139668285,0.4889761897382086,0.0,1.4270369815826416,0.8663397240638733,0.0,0.0,-1.5707918088883162,0.12217755243182182,0.7698834943771362,9.919757347106934,1.692969361320138,2.0,0.0,0.0,0.0,712.0,0.0
1788870483.9839625,1788870483.9837544,0.7958254218101501,-1.5707918088883162,-0.006618743310606646,-0.019382880057659372,-0.019382880057659372,0.48593297474807,0.0,1.4200570392608642,0.8727202224731445,0.0,0.0,-1.5707918088883162,0.12654087552800775,0.7758254218101501,9.783546905517579,1.697332684416324,2.0,0.0,0.0,0.0,713.0,3.0
1788870484.0577414,1788870484.0576015,0.8044493198394775,-1.5707918088883162,-0.0027556246451904617,-0.011987463222524447,-0.011987463222524447,0.4913001603809028,0.0,1.4098089742660522,0.8818446803092956,0.0,0.0,-1.5707918088883162,0.13090419862419367,0.7844493198394775,9.94714973449707,1.7016960075125098,2.0,0.0,0.0,0.0,713.0,0.0
1788870484.1261086,1788870484.125936,0.8129159808158875,-1.5707918088883162,-0.002014085939206185,-0.008107791470579188,-0.008107791470579188,0.4941158121489303,0.0,1.3997839498519897,0.8908614921569824,0.0,0.0,-1.5707918088883162,0.1352675217203796,0.7929159808158874,9.942681770324707,1.7060593306086957,2.0,0.0,0.0,0.0,713.0,0.0
1788870484.178133,1788870484.177997,0.8183878064155579,-1.5707918088883162,-0.00029350499113608617,-0.00308978862131859,-0.00308978862131859,0.49775760184090706,0.0,1.3932050275802612,0.8965905117988586,0.0,0.0,-1.5707918088883162,0.1396308448165655,0.7983878064155578,9.956011276245118,1.7104226537048817,2.0,0.0,0.0,0.0,714.0,0.0
1788870484.2494826,1788870484.2493997,0.8270875215530396,-1.5707918088883162,0.00020428919805084829,-0.00046932878276167707,-0.00046932878276167707,0.49965938705605534,0.0,1.382948021888733,0.9059095788002014,0.0,0.0,-1.5707918088883162,0.14399416791275144,0.8070875215530395,9.953128318786622,1.7147859768010676,2.0,0.0,0.0,0.0,714.0,0.0
1788870484.3020604,1788870484.3019292,0.833170473575592,-1.5707918088883162,0.0015870184283080578,0.003414122644581546,0.003414122644581546,0.49752221809598746,0.0,1.375885944366455,0.9125416088104248,0.0,0.0,-1.5707918088883162,0.14835749100893736,0.813170473575592,9.976360778808594,1.7191492998972535,2.0,0.0,0.0,0.0,715.0,0.0
1788870484.3758543,1788870484.375751,0.8425266146659851,-1.5707918088883162,-0.0010488634913701999,-0.0013252174272947838,-0.0013252174272947838,0.4990382302857677,0.0,1.3651569890975952,0.9228902864456177,0.0,0.0,-1.5707918088883162,0.14835749100893736,0.8225266146659851,9.925323944091797,1.7191492998972535,2.0,0.0,0.0,0.0,714.0,0.0
1788870484.4283524,1788870484.428223,0.8488640785217285,-1.5707918088883162,0.00012964179431494138,-0.00010716760892296646,-0.00010716760892296646,0.49992222366044553,0.0,1.3565740394592285,0.9299689936637878,0.0,0.0,-1.5707918088883162,0.15272081410512328,0.8288640785217285,9.956584434509278,1.7235126229934394,2.0,0.0,0.0,0.0,715.0,0.0
1788870484.5006018,1788870484.5005047,0.8585804104804993,-1.5707918088883162,0.0005789196758644729,0.0012646297912595294,0.0012646297912595294,0.4990822014501936,0.0,1.3422030019760132,0.9409450101852417,0.0,0.0,-1.5707918088883162,0.1570841372013092,0.8385804104804992,9.978735427856446,1.7278759460896254,2.0,0.0,0.0,0.0,716.0,0.0
1788870484.5553486,1788870484.5552871,0.8649085164070129,-1.5707918088883162,-0.0010443841590548155,-0.001960031578904928,-0.001960031578904928,0.49857751718872445,0.0,1.3326959419250488,0.9479937958717346,0.0,0.0,-1.5707918088883162,0.1570841372013092,0.8449085164070129,9.946666221618653,1.7278759460896254,2.0,0.0,0.0,0.0,716.0,0.0
1788870484.6264412,1788870484.6262956,0.8744453191757202,-1.5707918088883162,-0.0007083900622321314,-0.0021748032130714527,-0.0021748032130714527,0.49842164778272124,0.0,1.3184230136871338,0.9586595702171326,0.0,0.0,-1.5707918088883162,0.16144746029749513,0.8544453191757202,9.963835220336914,1.7322392691858113,2.0,0.0,0.0,0.0,716.0,0.0
1788870484.6778412,1788870484.6777117,0.8808590769767761,-1.5707918088883162,-0.002016689955141032,-0.005169826463437347,-0.005169826463437347,0.4962480251029293,0.0,1.3088719654083252,0.9658614206314087,0.0,0.0,-1.5707918088883162,0.16144746029749513,0.8608590769767761,9.934261779785157,1.7322392691858113,2.0,0.0,0.0,0.0,716.0,0.0
1788870484.7504435,1788870484.7503946,0.8903310894966125,-1.5707918088883162,-0.0011178204584163661,-0.0040548657658838645,-0.0040548657658838645,0.49705720207976345,0.0,1.2946259784698486,0.9764057803153992,0.0,0.0,-1.5707918088883162,0.16581078339368105,0.8703310894966125,9.949353675842286,1.7366025922819972,2.0,0.0,0.0,0.0,717.0,0.0
1788870484.8020878,1788870484.801826,0.8966199159622192,-1.5707918088883162,-0.0026178098621923314,-0.007080353821075982,-0.007080353821075982,0.4948614697249639,0.0,1.2851450252532959,0.9833930540084839,0.0,0.0,-1.5707918088883162,0.16581078339368105,0.8766199159622192,9.916126708984375,1.7366025922819972,2.0,0.0,0.0,0.0,717.0,0.0
1788870484.876275,1788870484.8761184,0.9058880805969238,-1.5707918088883162,-0.0017843366968570086,-0.006121020347282494,-0.006121020347282494,0.4955577010466628,0.0,1.2710130023956299,0.9935899782180786,0.0,0.0,-1.5707918088883162,0.17017410648986697,0.8858880805969238,9.925929527282715,1.7409659153781831,2.0,0.0,0.0,0.0,717.0,0.0
1788870484.9307635,1788870484.9306273,0.9120665788650513,-1.5707918088883162,0.0001239840080066044,-0.0015585819262499546,-0.0015585819262499546,0.4988688672040203,0.0,1.2616009521484375,1.000400047302246,0.0,0.0,-1.5707918088883162,0.1745374295860529,0.8920665788650513,9.954995613098145,1.745329238474369,2.0,0.0,0.0,0.0,718.0,0.0
1788870485.0011723,1788870485.001035,0.9211807250976562,-1.5707918088883162,0.0005713848088192731,0.0008123273938801853,0.0008123273938801853,0.49941045758274544,0.0,1.2475509452819824,1.006777982711792,0.0,0.0,-1.5707918088883162,0.17890075268223882,0.9011807250976562,9.961831550598145,1.749692561570555,2.0,0.0,0.0,0.0,718.0,0.0
1788870485.056026,1788870485.0559366,0.9272558093070984,-1.5707918088883162,-0.0004140794138945674,-0.0006838396689597755,-0.0006838396689597755,0.4995037068865456,0.0,1.2381939697265625,1.0109809446334839,0.0,0.0,-1.5707918088883162,0.17890075268223882,0.9072558093070984,9.923175315856934,1.749692561570555,2.0,0.0,0.0,0.0,718.0,0.0
1788870485.1252544,1788870485.1248314,0.936577320098877,-1.5707918088883162,0.00090682325958861,0.0018261322007905537,0.0018261322007905537,0.4986746939719244,0.0,1.2240630197525024,1.0176169681549072,0.0,0.0,-1.5707918088883162,0.18326407577842474,0.9165773200988769,9.937862854003907,1.754055884666741,2.0,0.0,0.0,0.0,719.0,0.0
1788870485.1770282,1788870485.1768994,0.9429172873497009,-1.5707918088883162,0.002416887476460569,0.0059616676075088405,0.0059616676075088405,0.49567335047583394,0.0,1.214576940536499,1.0222320365905762,0.0,0.0,-1.5707918088883162,0.18762739887461066,0.9229172873497009,9.97385929107666,1.7584192077629268,2.0,0.0,0.0,0.0,719.0,0.0
1788870485.2501345,1788870485.2499983,0.9523559808731079,-1.5707918088883162,0.0007652306688921078,0.003502616980570974,0.003502616980570974,0.4974579937879737,0.0,1.200386028289795,1.0290469932556152,0.0,0.0,-1.5707918088883162,0.18762739887461066,0.9323559808731079,9.925542335510254,1.7584192077629268,2.0,0.0,0.0,0.0,719.0,0.0
1788870485.3028588,1788870485.3027341,0.9587209224700928,-1.5707918088883162,-0.012567044484512324,-0.027099394551136316,-0.027099394551136316,0.4803327541454702,0.0,1.1908869552612305,1.0336999702453613,0.0,0.0,-1.5707918088883162,2.356198977679014,0.9387209224700928,9.26867244720459,3.9269907865673304,1.0,0.0,0.0,0.0,720.0,11.0
1788870485.3741949,1788870485.3740745,0.9685006141662598,-1.5707918088883162,-0.014439366685251257,-0.04047399974030372,-0.04047399974030372,0.4706262033970294,0.0,1.176679949760437,1.0410309839248657,0.0,0.0,-1.5707918088883162,2.356198977679014,0.9485006141662597,9.231804351806641,3.9269907865673304,1.0,0.0,0.0,0.0,720.0,11.0
1788870485.4301493,1788870485.4300199,0.9749699831008911,-1.5707918088883162,-0.014305141648349796,-0.04418571721439466,-0.04418571721439466,0.4679324435800803,0.0,1.1676620054244995,1.0458379793167114,0.0,0.0,-1.5707918088883162,2.356198977679014,0.9549699831008911,9.273320655822754,3.9269907865673304,1.0,0.0,0.0,0.0,720.0,11.0
1788870485.5015771,1788870485.5014327,0.9823861122131348,-1.5707918088883162,-0.012740134388653264,-0.04179361619490171,-0.04179361619490171,0.46966849855984977,0.0,1.156048994064331,1.050633053779602,0.0,0.0,-1.5707918088883162,2.356198977679014,0.9623861122131347,9.255293350219727,3.9269907865673304,1.0,0.0,0.0,0.0,720.0,11.0
1788870485.5760775,1788870485.5759914,0.986382782459259,-1.5707918088883162,-0.009754934065171408,-0.03438913716445447,-0.03438913716445447,0.47504226103420033,0.0,1.146355013847351,1.0536229419708252,0.0,0.0,-1.5707918088883162,2.356198977679014,0.966382782459259,9.212937812805176,3.9269907865673304,1.0,0.0,0.0,0.0,720.0,11.0
1788870485.6281521,1788870485.628074,0.9888296723365784,-1.5707918088883162,-0.00715047942027756,-0.026333815050758075,-0.026333815050758075,0.48088836952007624,0.0,1.140531997680664,1.0552830505371094,0.0,0.0,-1.5707918088883162,2.356198977679014,0.9688296723365784,9.1998486328125,3.9269907865673304,1.0,0.0,0.0,0.0,720.0,11.0
1788870485.7009094,1788870485.7008057,0.9924467206001282,-1.5707918088883162,-0.003755985254086404,-0.01631355148438097,-0.01631355148438097,0.4881605241328022,0.0,1.1336420583724975,1.0577690410614013,0.0,0.0,-1.5707918088883162,2.356198977679014,0.9724467206001282,9.153674583435059,3.9269907865673304,1.0,0.0,0.0,0.0,720.0,11.0
1788870485.7546241,1788870485.7545328,0.9950022101402283,-1.5707918088883162,-0.0014460036706902461,-0.008133113667660442,-0.008133113667660442,0.49409743469497525,0.0,1.1289770412445068,1.0597489881515503,0.0,0.0,-1.5707918088883162,2.356198977679014,0.9750022101402283,9.14883659362793,3.9269907865673304,1.0,0.0,0.0,0.0,720.0,11.0
1788870485.8257492,1788870485.8256571,0.9990816116333008,-1.5707918088883162,0.0011133449257890286,5.395853346929145e-05,5.395853346929145e-05,0.49996083987257767,0.0,1.121827940940857,1.0632380056381225,0.0,0.0,-1.5707918088883162,2.356198977679014,0.9790816116333008,9.123338203430176,3.9269907865673304,1.0,0.0,0.0,0.0,720.0,11.0
1788870485.8788593,1788870485.878756,1.002074956893921,-1.5707918088883162,0.0028087606720263903,0.006307811465379901,0.006307811465379901,0.4954221383559122,0.0,1.1168670463562012,1.0661059427261352,0.0,0.0,-1.5707918088883162,2.356198977679014,0.9820749568939209,9.135741691589356,3.9269907865673304,1.0,0.0,0.0,0.0,720.0,11.0
1788870485.9504492,1788870485.950381,1.0070010423660278,-1.5707918088883162,0.0017763229009994837,0.005871306737852813,0.005871306737852813,0.49573892941103115,0.0,1.1089769411087036,1.071107964515686,0.0,0.0,-1.5707918088883162,2.356198977679014,0.9870010423660278,9.076156120300293,3.9269907865673304,1.0,0.0,0.0,0.0,720.0,12.0
1788870486.0045564,1788870486.0044506,1.0106290578842163,-1.5707918088883162,0.0010658626514215602,0.004148924360540139,0.004148924360540139,0.49698893953971496,0.0,1.1033969926834106,1.075031976699829,0.0,0.0,-1.5707918088883162,2.356198977679014,0.9906290578842163,9.044740180969239,3.9269907865673304,1.0,0.0,0.0,0.0,720.0,12.0
1788870486.0782192,1788870486.0781336,1.016374945640564,-1.5707918088883162,0.002462134438401374,0.0067598584501811195,0.0067598584501811195,0.4950940675877219,0.0,1.0947840023040771,1.0814620065689087,0.0,0.0,-1.5707918088883162,2.356198977679014,0.996374945640564,9.063676338195801,3.9269907865673304,1.0,0.0,0.0,0.0,720.0,11.0
1788870486.1516342,1788870486.1515028,1.0221669673919678,-1.5707918088883162,0.0005072985389192118,0.00316430626223337,0.00316430626223337,0.4977035210472714,0.0,1.0861320304870605,1.0879519987106323,0.0,0.0,-1.5707918088883162,2.356198977679014,1.0021669673919678,9.025356750488282,3.9269907865673304,1.0,0.0,0.0,0.0,720.0,12.0
1788870486.207529,1788870486.2073638,1.0259950160980225,-1.5707918088883162,-0.0005069930524804037,-0.00018637255888609308,-0.00018637255888609308,0.49986474107643863,0.0,1.0803869771957397,1.092205982208252,0.0,0.0,-1.5707918088883162,2.356198977679014,1.0059950160980224,8.998254280090332,3.9269907865673304,1.0,0.0,0.0,0.0,720.0,12.0
1788870486.2784314,1788870486.2782717,1.0318599939346313,-1.5707918088883162,-0.0016815099664824048,-0.0038224940925864143,-0.0038224940925864143,0.4972258446234094,0.0,1.0716730165481567,1.098806004524231,0.0,0.0,-1.5707918088883162,2.356198977679014,1.0118599939346313,8.960891227722168,3.9269907865673304,1.0,0.0,0.0,0.0,720.0,12.0
1788870486.3332396,1788870486.333157,1.0356849431991577,-1.5707918088883162,-0.0023166210868753616,-0.006335979462376734,-0.006335979462376734,0.4954016955773431,0.0,1.065926055908203,1.1030340003967285,0.0,0.0,-1.5707918088883162,2.356198977679014,1.0156849431991577,8.932788352966309,3.9269907865673304,1.0,0.0,0.0,0.0,720.0,12.0
1788870486.4033644,1788870486.403243,1.0413010120391846,-1.5707918088883162,-0.0013121081944098007,-0.004839916194190975,-0.004839916194190975,0.49648745577961695,0.0,1.0573940086364746,1.1091429996490478,0.0,0.0,-1.5707918088883162,2.356198977679014,1.0213010120391846,8.943942527770997,3.9269907865673304,1.0,0.0,0.0,0.0,720.0,12.0
1788870486.4587214,1788870486.45859,1.0449069738388062,-1.5707918088883162,-0.00171856552305412,-0.005301561629898522,-0.005301561629898522,0.4961524189851768,0.0,1.051810007095337,1.112964015007019,0.0,0.0,-1.5707918088883162,2.356198977679014,1.0249069738388061,8.908797721862793,3.9269907865673304,1.0,0.0,0.0,0.0,720.0,12.0
1788870486.532466,1788870486.53237,1.0501840114593506,-1.5707918088883162,-0.00016238519392349068,-0.0019542113233581757,-0.0019542113233581757,0.49858174120917476,0.0,1.0435390281677246,1.1184639739990234,0.0,0.0,-1.5707918088883162,2.356198977679014,1.0301840114593506,8.91034839630127,3.9269907865673304,1.0,0.0,0.0,0.0,720.0,12.0
1788870486.6061099,1788870486.6059484,1.0540159940719604,1.3439080193638802,-0.001361843608214942,-0.0036367930794089227,-0.0036367930794089227,0.49736061617613564,0.0,1.0352599430084228,1.1240240144729614,0.0,0.0,-1.5707918088883162,2.356198977679014,1.0340159940719604,8.855503540039063,3.9269907865673304,1.0,0.0,0.0,0.0,720.0,13.0
1788870486.67755,1788870486.6774435,1.0457429885864258,1.3439080193638802,0.0010286112889171123,0.0012130513633516545,0.0012130513633516545,0.499119634228278,0.0,1.027008991241455,1.129528980255127,0.0,0.0,-1.5707918088883162,2.356198977679014,1.0257429885864258,8.85783145904541,3.9269907865673304,1.0,0.0,0.0,0.0,720.0,12.0
1788870486.7318482,1788870486.731687,1.0401849746704102,1.3439080193638802,-9.366222156365544e-05,0.00015411203270290823,0.00015411203270290823,0.4998881539869612,0.0,1.0202499437332153,1.1333609628677368,0.0,0.0,-1.5707918088883162,2.356198977679014,1.0201849746704101,8.823656539916993,3.9269907865673304,1.0,0.0,0.0,0.0,720.0,13.0
1788870486.8031034,1788870486.8029933,1.0283149480819702,1.243551588151604,0.001710891422334628,0.0038786303958404387,0.0038786303958404387,0.4971851039907957,0.0,1.0083149480819702,1.1390009927749634,0.0,0.0,-1.5707918088883162,2.356198977679014,1.0083149480819702,8.828631858825684,3.9269907865673304,1.0,0.0,0.0,0.0,720.0,13.0
1788870486.878338,1788870486.8782296,1.016260027885437,1.243551588151604,0.0006739939616355245,0.002673335592815707,0.002673335592815707,0.498059840478858,0.0,0.996260027885437,1.1450259494781494,0.0,0.0,-1.5707918088883162,2.356198977679014,0.996260027885437,8.78180835723877,3.9269907865673304,1.0,0.0,0.0,0.0,720.0,13.0
1788870486.9345129,1788870486.9343445,1.0082340240478516,1.243551588151604,0.00029459628945915933,0.001461896366233229,0.001461896366233229,0.4989390362506329,0.0,0.9882340240478515,1.1489950227737427,0.0,0.0,-1.5707918088883162,2.356198977679014,0.9882340240478515,8.749648551940918,3.9269907865673304,1.0,0.0,0.0,0.0,720.0,13.0
1788870487.0044768,1788870487.0043595,0.9961081743240356,1.243551588151604,0.0017066381732449294,0.00426143841793861,0.00426143841793861,0.4969072830427489,0.0,0.9761081743240356,1.155225019454956,0.0,0.0,-1.5707918088883162,2.356198977679014,0.9761081743240356,8.7642435836792,3.9269907865673304,1.0,0.0,0.0,0.0,720.0,13.0
1788870487.0782294,1788870487.0781307,0.9839795231819153,1.243551588151604,0.0033549494228284006,0.0087935182325172,0.0087935182325172,0.49361814948747795,0.0,0.9639795231819153,1.1614359426498413,0.0,0.0,-1.5707918088883162,2.356198977679014,0.9639795231819153,8.778559188842774,3.9269907865673304,1.0,0.0,0.0,0.0,720.0,13.0
1788870487.15259,1788870487.152497,0.9724125266075134,1.2697315267287195,0.0028231638918847627,0.008961942587577027,0.008961942587577027,0.4934959163802917,0.0,0.9524125266075134,1.1675669956207275,0.0,0.0,-1.5707918088883162,2.356198977679014,0.9524125266075134,8.732146720886231,3.9269907865673304,1.0,0.0,0.0,0.0,720.0,13.0
1788870487.227701,1788870487.227027,0.9619789123535156,1.3090014345943928,0.0012637938335309795,0.005519480963382503,0.005519480963382503,0.4959942651526254,0.0,0.9441687273979187,1.1739380168914795,0.0,0.0,-1.5707918088883162,2.356198977679014,0.9419789123535156,8.68954990386963,3.9269907865673304,1.0,0.0,0.0,0.0,720.0,14.0
1788870487.281794,1788870487.2816887,0.9554632902145386,1.3308180500753224,0.000725367575832015,0.003280667658878465,0.003280667658878465,0.4976190723636864,0.0,0.942723970413208,1.1784829902648926,0.0,0.0,-1.5707918088883162,2.356198977679014,0.9354632902145386,8.665850143432618,3.9269907865673304,1.0,0.0,0.0,0.0,720.0,14.0
1788870487.3520334,1788870487.3518949,0.9473016858100891,1.3700879579409957,0.0032983247568558337,0.008372447753020608,0.008372447753020608,0.49392373921667715,0.0,0.940504412651062,1.1853699493408203,0.0,0.0,-1.5707918088883162,2.356198977679014,0.9273016858100891,8.689712028503418,3.9269907865673304,1.0,0.0,0.0,0.0,720.0,13.0
1788870487.4283433,1788870487.428197,0.9401034116744995,1.404994542710483,0.001980629405937274,0.006948344195205677,0.006948344195205677,0.4949572750302174,0.0,0.9384255814552307,1.1920109796524048,0.0,0.0,-1.5707918088883162,2.356198977679014,0.9201034116744995,8.649479370117188,3.9269907865673304,1.0,0.0,0.0,0.0,720.0,14.0
1788870487.4830387,1788870487.4829192,0.936217188835144,1.4311744812875986,0.0017974252112149653,0.006110735731683226,0.006110735731683226,0.49556516505340026,0.0,0.9371282863616943,1.1962890434265137,0.0,0.0,-1.5707918088883162,2.356198977679014,0.916217188835144,8.619934539794922,3.9269907865673304,1.0,0.0,0.0,0.0,720.0,14.0
1788870487.5522733,1788870487.5521877,0.931566596031189,1.470444389153272,0.003905292553856346,0.010581076040143184,0.010581076040143184,0.49232083862632847,0.0,0.9349384713172912,1.2031119871139526,0.0,0.0,-1.5707918088883162,2.356198977679014,0.911566596031189,8.641691665649414,3.9269907865673304,1.0,0.0,0.0,0.0,720.0,14.0
1788870487.607448,1788870487.6073194,0.9292780756950378,1.4922610046342015,0.0033986184663638386,0.010787228176697954,0.010787228176697954,0.4921712247762696,0.0,0.9334757137298584,1.207655053138733,0.0,0.0,-1.5707918088883162,2.356198977679014,0.9092780756950378,8.615708808898926,3.9269907865673304,1.0,0.0,0.0,0.0,720.0,14.0
1788870487.676441,1788870487.6763568,0.9268444776535034,1.522804266307503,0.0030241989797844407,0.010010374167726533,0.010010374167726533,0.49273502256734897,0.0,0.9312901902198791,1.2144470024108887,0.0,0.0,-1.5707918088883162,2.356198977679014,0.9068444776535034,8.575905303955079,3.9269907865673304,1.0,0.0,0.0,0.0,720.0,14.0
1788870487.730029,1788870487.7299116,0.925431489944458,1.518440943211317,0.005424851402734729,0.015154779392443751,0.015154779392443751,0.4890014970031921,0.0,0.9296732950210571,1.219243984222412,0.0,0.0,-1.5707918088883162,2.356198977679014,0.905431489944458,8.613732795715332,3.9269907865673304,1.0,0.0,0.0,0.0,720.0,14.0
1788870487.8017528,1788870487.8016179,0.9232438206672668,1.518440943211317,0.004895269434194552,0.015511837350328923,0.015511837350328923,0.48874236403146487,0.0,0.9271675157546997,1.2265590238571167,0.0,0.0,-1.5707918088883162,2.356198977679014,0.9032438206672668,8.580976943969727,3.9269907865673304,1.0,0.0,0.0,0.0,720.0,14.0
1788870487.8586464,1788870487.858546,0.9217818975448608,1.518440943211317,0.0040119969777534775,0.013640424435266467,0.013640424435266467,0.49010053230442846,0.0,0.9255090165138244,1.2314050006866455,0.0,0.0,-1.5707918088883162,2.356198977679014,0.9017818975448608,8.558079223632813,3.9269907865673304,1.0,0.0,0.0,0.0,720.0,15.0
1788870487.9277532,1788870487.9276478,0.9194905757904053,1.518440943211317,6.946722166614481e-05,0.004247733907112104,0.004247733907112104,0.4969172290208125,0.0,0.9228220987319946,1.238937954902649,0.0,0.0,-1.5707918088883162,2.356198977679014,0.8994905757904053,8.531339149475098,3.9269907865673304,1.0,0.0,0.0,0.0,720.0,15.0
1788870487.9824326,1788870487.9823143,0.9179291725158691,1.5140776201151311,-0.0003056310305423159,0.0005897066637188439,0.0005897066637188439,0.4995720234296922,0.0,0.9209869909286499,1.24397705078125,0.0,0.0,-1.5707918088883162,2.356198977679014,0.8979291725158691,8.515253524780274,3.9269907865673304,1.0,0.0,0.0,0.0,720.0,15.0
1788870488.0557106,1788870488.055609,0.9155163764953613,1.5140776201151311,-0.0010147724132999753,-0.0020961782066762917,-0.0020961782066762917,0.4984787094756742,0.0,0.9206452775001526,1.2516449499130249,0.0,0.0,-1.5707918088883162,2.356198977679014,0.8955163764953613,8.48773811340332,3.9269907865673304,1.0,0.0,0.0,0.0,720.0,15.0
1788870488.129791,1788870488.1297097,0.913306713104248,1.5140776201151311,0.0017355850944520408,0.0032588571495696834,0.0032588571495696834,0.49763490122834897,0.0,0.921339910030365,1.2586029577255249,0.0,0.0,-1.5707918088883162,2.356198977679014,0.893306713104248,8.505472640991211,3.9269907865673304,1.0,0.0,0.0,0.0,720.0,15.0
1788870488.1886046,1788870488.1883974,0.9119101166725159,1.5140776201151311,0.001092648913473506,0.003425190711051558,0.003425190711051558,0.4975141855038205,0.0,0.9219677257537842,1.2629970121383667,0.0,0.0,-1.5707918088883162,2.356198977679014,0.8919101166725159,8.472350578308106,3.9269907865673304,1.0,0.0,0.0,0.0,720.0,16.0
1788870488.2601583,1788870488.2600427,0.9098888039588928,1.5140776201151311,0.004672940450018938,0.01149494382135789,0.01149494382135789,0.4916576037965699,0.0,0.9230611133575439,1.2693569469451904,0.0,0.0,-1.5707918088883162,2.356198977679014,0.8898888039588928,8.480405311584473,3.9269907865673304,1.0,0.0,0.0,0.0,720.0,15.0
1788870488.334962,1788870488.334777,0.907734215259552,1.5140776201151311,0.003998358247394339,0.012404805620570687,0.012404805620570687,0.49099727628759193,0.0,0.9238626766204834,1.276172022819519,0.0,0.0,-1.5707918088883162,2.356198977679014,0.887734215259552,8.434187393188477,3.9269907865673304,1.0,0.0,0.0,0.0,720.0,16.0
1788870488.416288,1788870488.4154148,0.9055560827255249,1.518440943211317,0.006969157267755111,0.019332353965942656,0.019332353965942656,0.48596964379859015,0.0,0.9245859789848327,1.3491309690475464,0.0,0.0,-1.5707918088883162,2.356198977679014,0.8855560827255249,8.4513134765625,3.9269907865673304,1.0,0.0,0.0,0.0,720.0,16.0
1788870488.5143833,1788870488.514207,0.903712809085846,1.5664374972693622,0.009856521336003135,0.027878313982429816,0.027878313982429816,0.47976745738479115,0.0,0.9248397755622864,1.3370829629898071,0.0,0.0,-1.5707918088883162,2.356198977679014,0.8837128090858459,8.47055290222168,3.9269907865673304,1.0,0.0,0.0,0.0,720.0,16.0
1788870488.5825584,1788870488.5823298,0.903915524482727,1.5664374972693622,0.009722250557942992,0.030141335444521244,0.030141335444521244,0.47812508122819314,0.0,0.9248955059051513,1.331112961769104,0.0,0.0,-1.5707918088883162,2.356198977679014,0.883915524482727,8.44955680847168,3.9269907865673304,1.0,0.0,0.0,0.0,720.0,16.0
1788870488.6582334,1788870488.6580365,0.9041082859039307,1.5664374972693622,0.009151205689403216,0.029541101377619578,0.029541101377619578,0.4785606980070752,0.0,0.9245875287055969,1.3226100015640259,0.0,0.0,-1.5707918088883162,2.356198977679014,0.8841082859039306,8.427725296020508,3.9269907865673304,1.0,0.0,0.0,0.0,720.0,16.0
1788870488.718499,1788870488.7183058,0.9039769768714905,1.5664374972693622,0.00808027989034379,0.026962157367655965,0.026962157367655965,0.4804323533237027,0.0,0.9237450170516968,1.314643006324768,0.0,0.0,-1.5707918088883162,2.356198977679014,0.8839769768714905,8.418375473022461,3.9269907865673304,1.0,0.0,0.0,0.0,720.0,17.0
1788870488.7848547,1788870488.784642,0.9035831093788147,1.5664374972693622,0.007486784435765892,0.02485904434641239,0.02485904434641239,0.4819586767539406,0.0,0.9224961805343628,1.3063269662857055,0.0,0.0,-1.5707918088883162,2.356198977679014,0.8835831093788147,8.410328369140625,3.9269907865673304,1.0,0.0,0.0,0.0,720.0,17.0
1788870488.8577855,1788870488.857608,0.9031081795692444,1.5664374972693622,0.00709609031585258,0.023352955611433496,0.023352955611433496,0.48305171288704213,0.0,0.9211895275115967,1.2979069757461548,0.0,0.0,-1.5707918088883162,2.356198977679014,0.8831081795692444,8.393111686706543,3.9269907865673304,1.0,0.0,0.0,0.0,720.0,17.0
1788870488.9351387,1788870488.9350002,0.9027879238128662,1.5664374972693622,0.006906373019343499,0.022476162246759492,0.022476162246759492,0.48368804115017455,0.0,0.9186495947837829,1.2923060464859009,0.0,0.0,-1.5707918088883162,2.356198977679014,0.8827879238128662,8.380147438049317,3.9269907865673304,1.0,0.0,0.0,0.0,720.0,17.0
1788870489.0057483,1788870489.0054214,0.9022808074951172,1.5664374972693622,0.0067284492070308136,0.02181457489777687,0.02181457489777687,0.484168184757152,0.0,0.9145459938049316,1.2839430379867554,0.0,0.0,-1.5707918088883162,2.356198977679014,0.8822808074951172,8.35943458557129,3.9269907865673304,1.0,0.0,0.0,0.0,720.0,17.0
1788870489.071409,1788870489.0712194,0.9017422795295715,1.5664374972693622,0.007024332437485799,0.022278877129301253,0.022278877129301253,0.48383121980684785,0.0,0.9104463267326355,1.2756210374832153,0.0,0.0,-1.5707918088883162,2.356198977679014,0.8817422795295715,8.337232093811036,3.9269907865673304,1.0,0.0,0.0,0.0,720.0,17.0
1788870489.1315093,1788870489.1314204,0.9013596773147583,1.5664374972693622,0.006723371875769629,0.021744016140514345,0.021744016140514345,0.48421939241139145,0.0,0.9077048707008362,1.2701010513305664,0.0,0.0,-1.5707918088883162,2.356198977679014,0.8813596773147583,8.321785430908204,3.9269907865673304,1.0,0.0,0.0,0.0,720.0,18.0
1788870489.212898,1788870489.212683,0.9007319211959839,1.5664374972693622,0.006823691672975711,0.0218082741896199,0.0218082741896199,0.4841727574636066,0.0,0.9035470294952392,1.2618830013275146,0.0,0.0,-1.5707918088883162,2.356198977679014,0.8807319211959839,8.298328857421875,3.9269907865673304,1.0,0.0,0.0,0.0,720.0,18.0
1788870489.2912734,1788870489.2911077,0.9000195264816284,1.5664374972693622,0.006824868354564558,0.02183018737111058,0.02183018737111058,0.4841568540851375,0.0,0.8993015098571777,1.2537599611282348,0.0,0.0,-1.5707918088883162,2.356198977679014,0.8800195264816284,8.275109748840332,3.9269907865673304,1.0,0.0,0.0,0.0,720.0,18.0
1788870489.385508,1788870489.3850665,0.8992450833320618,1.5620741741731763,0.0068987987060573335,0.022002365312901603,0.022002365312901603,0.4840318968317368,0.0,0.8949994254112243,1.245710949897766,0.0,0.0,-1.5707918088883162,2.356198977679014,0.8792450833320617,8.251491050720215,3.9269907865673304,1.0,0.0,0.0,0.0,720.0,19.0
1788870489.4653902,1788870489.4651675,0.8942273259162903,1.4748077122494578,0.006916838761100957,0.022094428418736625,0.022094428418736625,0.4839650825074104,0.0,0.8891492295265198,1.2351120519638061,0.0,0.0,-1.5707918088883162,2.356198977679014,0.8742273259162903,8.21997688293457,3.9269907865673304,1.0,0.0,0.0,0.0,720.0,19.0
1788870489.5429242,1788870489.5425262,0.8902056217193604,1.4748077122494578,0.010343247988941677,0.029797204020850343,0.029797204020850343,0.47837483283437143,0.0,0.88467369556427,1.22726402759552,0.0,0.0,-1.5707918088883162,2.356198977679014,0.8702056217193603,8.232687454223633,3.9269907865673304,1.0,0.0,0.0,0.0,720.0,19.0
1788870489.6135368,1788870489.6133587,0.8860899806022644,1.470444389153272,0.010221643370100425,0.03183564235528005,0.03183564235528005,0.47689544672458667,0.0,0.8801207947731018,1.2195039796829223,0.0,0.0,-1.5707918088883162,2.356198977679014,0.8660899806022644,8.209151725769043,3.9269907865673304,1.0,0.0,0.0,0.0,720.0,19.0
1788870489.6799648,1788870489.6797545,0.8819037079811096,1.466081066057086,0.010166510892217259,0.032323677105150675,0.032323677105150675,0.476541258021472,0.0,0.8754929113388061,1.216706018447876,0.0,0.0,-1.5707918088883162,2.356198977679014,0.8619037079811096,8.185625534057618,3.9269907865673304,1.0,0.0,0.0,0.0,720.0,20.0
1788870489.7565758,1788870489.7564313,0.8759120106697083,1.466081066057086,0.009885990566123064,0.031841721999660864,0.031841721999660864,0.47689103445402764,0.0,0.8687842893600464,1.2138470220565796,0.0,0.0,-1.5707918088883162,2.356198977679014,0.8559120106697082,8.162408332824707,3.9269907865673304,1.0,0.0,0.0,0.0,720.0,20.0
1788870489.8293018,1788870489.8291728,0.8711817264556885,1.4617177429609,0.009455919635460384,0.03073377658332952,0.03073377658332952,0.4776951201266898,0.0,0.8634813237190246,1.2120259809494018,0.0,0.0,-1.5707918088883162,2.356198977679014,0.8511817264556885,8.147989730834961,3.9269907865673304,1.0,0.0,0.0,0.0,720.0,20.0
1788870489.904961,1788870489.9048083,0.8663166165351868,1.4573544198647141,0.01318471611704432,0.038753897077178134,0.038753897077178134,0.47187455903489745,0.0,0.8587825107574463,1.210370044708252,0.0,0.0,-1.5707918088883162,2.356198977679014,0.8463166165351867,8.171704750061036,3.9269907865673304,1.0,0.0,0.0,0.0,720.0,19.0
1788870489.9799607,1788870489.979751,0.8613482117652893,1.4529910967685282,0.017001109809108725,0.04970865509555698,0.04970865509555698,0.4639241998924529,0.0,0.8545173215866089,1.2088240194320679,0.0,0.0,-1.5707918088883162,2.356198977679014,0.8413482117652893,8.195928077697754,3.9269907865673304,1.0,0.0,0.0,0.0,720.0,18.0
1788870490.053498,1788870490.0533934,0.856294572353363,1.4486277736723423,0.01693465304077385,0.05284621934000053,0.05284621934000053,0.4616471288212372,0.0,0.8501990246772766,1.2073520231246948,0.0,0.0,-1.5707918088883162,2.356198977679014,0.836294572353363,8.181172828674317,3.9269907865673304,1.0,0.0,0.0,0.0,720.0,18.0
1788870490.1313279,1788870490.1311283,0.85089510679245,1.4486277736723423,0.016251438615759894,0.052257088301302324,0.052257088301302324,0.46207468763465454,0.0,0.8454099702835083,1.2064349460601806,0.0,0.0,-1.5707918088883162,2.356198977679014,0.8308951067924499,8.173877220153809,3.9269907865673304,1.0,0.0,0.0,0.0,720.0,18.0
1788870490.207741,1788870490.207624,0.84543377161026,1.4617177429609,0.01170624166309109,0.041899107815714744,0.041899107815714744,0.4695919385600237,0.0,0.8401683974266052,1.2063109683990478,0.0,0.0,-1.5707918088883162,2.356198977679014,0.82543377161026,8.137997131347657,3.9269907865673304,1.0,0.0,0.0,0.0,720.0,19.0
1788870490.2815926,1788870490.281445,0.8406522870063782,1.4748077122494578,0.01575992924897734,0.04787197386242367,0.04787197386242367,0.4652571618263541,0.0,0.8347006249427795,1.2065989780426025,0.0,0.0,-1.5707918088883162,2.356198977679014,0.8206522870063782,8.184054832458497,3.9269907865673304,1.0,0.0,0.0,0.0,720.0,17.0
1788870490.3586655,1788870490.3585277,0.8359404802322388,1.470444389153272,0.015890972882907806,0.04995737141644059,0.04995737141644059,0.46374369530510423,0.0,0.8291067886352539,1.2070829677581787,0.0,0.0,-1.5707918088883162,2.356198977679014,0.8159404802322388,8.191045265197754,3.9269907865673304,1.0,0.0,0.0,0.0,720.0,16.0
1788870490.4318867,1788870490.431715,0.8311712145805359,1.466081066057086,0.020375200699085116,0.06062766099088284,0.06062766099088284,0.4559997876689544,0.0,0.8236151146888733,1.2072100448608398,0.0,0.0,-1.5707918088883162,2.356198977679014,0.8111712145805359,8.22947738647461,3.9269907865673304,1.0,0.0,0.0,0.0,720.0,14.0
1788870490.5093346,1788870490.5090644,0.8260226845741272,1.4617177429609,0.011327817174932427,0.04356260876911349,0.04356260876911349,0.468384661321117,0.0,0.8176708030700683,1.2078339862823486,0.0,0.0,-1.5707918088883162,2.356198977679014,0.8060226845741272,8.151021461486817,3.9269907865673304,1.0,0.0,0.0,0.0,720.0,16.0
1788870490.5861394,1788870490.5859528,0.8208137154579163,1.4573544198647141,0.011507765468033719,0.03884617727912958,0.03884617727912958,0.471807587154184,0.0,0.811689178943634,1.20878098487854,0.0,0.0,-1.5707918088883162,2.356198977679014,0.8008137154579162,8.156233291625977,3.9269907865673304,1.0,0.0,0.0,0.0,720.0,15.0
1788870490.6572852,1788870490.6571636,0.8152117133140564,1.4486277736723423,0.005551742018492911,0.024089755305162996,0.024089755305162996,0.4825169843087052,0.0,0.8052140879631042,1.21055100440979,0.0,0.0,-1.5707918088883162,2.356198977679014,0.7952117133140564,8.13122413635254,3.9269907865673304,1.0,0.0,0.0,0.0,720.0,16.0
1788870490.7355828,1788870490.7354615,0.8096721768379211,1.4442644505761564,0.005675796971496065,0.019940711807700087,0.019940711807700087,0.4855281312319976,0.0,0.799033682346344,1.2116349744796753,0.0,0.0,-1.5707918088883162,2.356198977679014,0.7896721768379211,8.131034355163575,3.9269907865673304,1.0,0.0,0.0,0.0,720.0,15.0
1788870490.805977,1788870490.8058033,0.8040484189987183,1.4399011274799705,0.0009205582583505454,0.008044264041015247,0.008044264041015247,0.49416191685335026,0.0,0.7928436207771301,1.2126149940490722,0.0,0.0,-1.5707918088883162,2.356198977679014,0.7840484189987182,8.0848583984375,3.9269907865673304,1.0,0.0,0.0,0.0,720.0,16.0
1788870490.9063382,1788870490.9061394,0.798719584941864,1.4399011274799705,0.0005181293454890231,0.0035738889461999867,0.0035738889461999867,0.49740626852644004,0.0,0.7871526885032654,1.2128380346298218,0.0,0.0,-1.5707918088883162,2.356198977679014,0.778719584941864,8.064914207458497,3.9269907865673304,1.0,0.0,0.0,0.0,720.0,16.0
1788870490.994047,1788870490.9938607,0.7935190200805664,1.4355378043837845,0.004285143532483899,0.010670888196623929,0.010670888196623929,0.4922556579168887,0.0,0.7816998767852783,1.2126380014419555,0.0,0.0,-1.5707918088883162,2.356198977679014,0.7735190200805664,8.066577415466309,3.9269907865673304,1.0,0.0,0.0,0.0,720.0,15.0
1788870491.0610433,1788870491.0609288,0.7883397936820984,1.4355378043837845,0.003741345989846646,0.011581881476243666,0.011581881476243666,0.49159450924183995,0.0,0.7763703274726867,1.2119159507751465,0.0,0.0,-1.5707918088883162,2.356198977679014,0.7683397936820984,8.028867225646973,3.9269907865673304,1.0,0.0,0.0,0.0,720.0,16.0
1788870491.1275163,1788870491.1274002,0.7832283973693848,1.4355378043837845,0.00687330847506551,0.018870775427019842,0.018870775427019842,0.4863046320430337,0.0,0.771159987449646,1.2108390140533447,0.0,0.0,-1.5707918088883162,2.356198977679014,0.7632283973693847,8.013862113952637,3.9269907865673304,1.0,0.0,0.0,0.0,720.0,16.0
1788870491.1908646,1788870491.1907523,0.7779672741889954,1.4355378043837845,0.006211466385801983,0.019574917332302395,0.019574917332302395,0.48579360468625876,0.0,0.7657385873794555,1.2077239561080932,0.0,0.0,-1.5707918088883162,2.356198977679014,0.7579672741889953,7.976207237243653,3.9269907865673304,1.0,0.0,0.0,0.0,720.0,17.0
1788870491.2657433,1788870491.2656379,0.7725421190261841,1.4311744812875986,0.01011397433024307,0.028527777699435198,0.028527777699435198,0.4792961124412044,0.0,0.7600993919372558,1.2049159812927246,0.0,0.0,-1.5707918088883162,2.356198977679014,0.7525421190261841,7.967479209899903,3.9269907865673304,1.0,0.0,0.0,0.0,720.0,16.0
1788870491.3297372,1788870491.329614,0.7670732736587524,1.4311744812875986,0.010095510854666897,0.031172277624284407,0.031172277624284407,0.4773768802573948,0.0,0.7543659019470215,1.2026190567016601,0.0,0.0,-1.5707918088883162,2.356198977679014,0.7470732736587524,7.938013057708741,3.9269907865673304,1.0,0.0,0.0,0.0,720.0,16.0
1788870491.400994,1788870491.4009004,0.7615727186203003,1.4311744812875986,0.009037362949725623,0.029595376294670718,0.029595376294670718,0.4785213082658998,0.0,0.7485933113098144,1.2004420566558838,0.0,0.0,-1.5707918088883162,2.356198977679014,0.7415727186203003,7.909090023040772,3.9269907865673304,1.0,0.0,0.0,0.0,720.0,17.0
1788870491.4572244,1788870491.4570706,0.7576978802680969,1.4268111581914127,0.008840059538177947,0.02868034625391982,0.02868034625391982,0.4791853865995234,0.0,0.7444851207733154,1.1993399667739868,0.0,0.0,-1.5707918088883162,2.356198977679014,0.7376978802680969,7.893479804992676,3.9269907865673304,1.0,0.0,0.0,0.0,720.0,17.0
1788870491.5266235,1788870491.526518,0.7516921758651733,1.4224478350952268,0.008391391388613055,0.027400820586669192,0.027400820586669192,0.4801139957545182,0.0,0.7380940723419189,1.197980980873108,0.0,0.0,-1.5707918088883162,2.356198977679014,0.7316921758651733,7.872147064208985,3.9269907865673304,1.0,0.0,0.0,0.0,720.0,17.0
1788870491.6014035,1788870491.6012893,0.7455996870994568,1.4224478350952268,0.007950939617073539,0.026030350918245484,0.026030350918245484,0.48110860704940167,0.0,0.731643180847168,1.1966919708251953,0.0,0.0,-1.5707918088883162,2.356198977679014,0.7255996870994568,7.850073795318604,3.9269907865673304,1.0,0.0,0.0,0.0,720.0,17.0
1788870491.6557417,1788870491.6556814,0.7414935827255249,1.4180845119990408,0.007730562085633992,0.02512556434729379,0.02512556434729379,0.48176525123764014,0.0,0.7273148703575134,1.1958629894256592,0.0,0.0,-1.5707918088883162,2.356198977679014,0.7214935827255249,7.834948997497559,3.9269907865673304,1.0,0.0,0.0,0.0,720.0,17.0
1788870491.7249014,1788870491.7247622,0.7352961897850037,1.413721188902855,0.007383848380128815,0.024077489675676685,0.024077489675676685,0.4825258860260559,0.0,0.7207987713813782,1.1946389484405517,0.0,0.0,-1.5707918088883162,2.356198977679014,0.7152961897850036,7.811356048583985,3.9269907865673304,1.0,0.0,0.0,0.0,720.0,17.0
1788870491.7785814,1788870491.7781968,0.7311267852783203,1.413721188902855,0.007412098624026416,0.02382634782052218,0.02382634782052218,0.48270815093239416,0.0,0.7164376783370972,1.19383798122406,0.0,0.0,-1.5707918088883162,2.356198977679014,0.7111267852783203,7.795089225769043,3.9269907865673304,1.0,0.0,0.0,0.0,720.0,17.0
1788870491.8519597,1788870491.8516603,0.7248334288597107,1.409357865806669,0.011252271301878676,0.03235299206236489,0.03235299206236489,0.47651998284243957,0.0,0.7098622727394104,1.1926710414886474,0.0,0.0,-1.5707918088883162,2.356198977679014,0.7048334288597107,7.796804885864258,3.9269907865673304,1.0,0.0,0.0,0.0,720.0,16.0
1788870491.9265192,1788870491.9260027,0.7184739708900452,1.409357865806669,0.015046609724413311,0.04341030340139529,0.04341030340139529,0.46849519615635943,0.0,0.7032471108436584,1.1915399837493896,0.0,0.0,-1.5707918088883162,2.356198977679014,0.6984739708900451,7.798201065063477,3.9269907865673304,1.0,0.0,0.0,0.0,720.0,15.0
1788870491.9832761,1788870491.9831502,0.7141916155815125,1.404994542710483,0.005766638253169388,0.02594036070751802,0.02594036070751802,0.48117391698079287,0.0,0.6987932729721069,1.190839033126831,0.0,0.0,-1.5707918088883162,2.356198977679014,0.6941916155815124,7.72709701538086,3.9269907865673304,1.0,0.0,0.0,0.0,720.0,18.0
1788870492.0521686,1788870492.0520597,0.7074686288833618,1.404994542710483,0.014538641640946356,0.04034866548797525,0.04034866548797525,0.47071716408435715,0.0,0.6917639183998108,1.1903019952774048,0.0,0.0,-1.5707918088883162,2.356198977679014,0.6874686288833618,7.7604098129272465,3.9269907865673304,1.0,0.0,0.0,0.0,720.0,15.0
1788870492.1054678,1788870492.1053417,0.7026976943016052,1.4006312196142972,0.010050697826612623,0.03461816277800485,0.03461816277800485,0.47487604687616153,0.0,0.6867345976829529,1.1904610204696655,0.0,0.0,-1.5707918088883162,2.356198977679014,0.6826976943016052,7.724404792785645,3.9269907865673304,1.0,0.0,0.0,0.0,720.0,16.0
1788870492.176658,1788870492.176506,0.6957982182502747,1.3962678965181112,0.02003502463701763,0.055263904020320956,0.055263904020320956,0.459892506631547,0.0,0.6795676755905151,1.190062026977539,0.0,0.0,-1.5707918088883162,2.356198977679014,0.6757982182502746,7.729446868896485,3.9269907865673304,1.0,0.0,0.0,0.0,720.0,11.0
1788870492.2304122,1788870492.2303238,0.690963625907898,1.3962678965181112,0.0156780916870598,0.051698096585110244,0.051698096585110244,0.4624803729901797,0.0,0.6745089101791382,1.1902470397949219,0.0,0.0,-1.5707918088883162,2.356198977679014,0.6709636259078979,7.691763858795166,3.9269907865673304,1.0,0.0,0.0,0.0,720.0,12.0
1788870492.300146,1788870492.3000443,0.6836708188056946,1.3919045734219253,0.014668542051043757,0.048366963169871095,0.048366963169871095,0.46489792588894,0.0,0.6669245171546936,1.1904660272598266,0.0,0.0,-1.5707918088883162,2.356198977679014,0.6636708188056946,7.673847179412842,3.9269907865673304,1.0,0.0,0.0,0.0,720.0,12.0
1788870492.354606,1788870492.3544724,0.6785610914230347,1.3875412503257394,0.011411612953360134,0.04007210196648803,0.04007210196648803,0.4709178786339468,0.0,0.6615531849861145,1.1913770246505737,0.0,0.0,-1.5707918088883162,2.356198977679014,0.6585610914230347,7.642724018096924,3.9269907865673304,1.0,0.0,0.0,0.0,720.0,12.0
1788870492.4266284,1788870492.4264655,0.6709091067314148,1.3831779272295535,0.009447986680642376,0.03318512075458533,0.03318512075458533,0.4759160697350221,0.0,0.6535439896583557,1.1928729820251465,0.0,0.0,-1.5707918088883162,2.356198977679014,0.6509091067314148,7.636733989715577,3.9269907865673304,1.0,0.0,0.0,0.0,720.0,12.0
1788870492.4782825,1788870492.4781754,0.6656361818313599,1.3788146041333675,0.006315983713440941,0.02410333974448331,0.02410333974448331,0.48250712547191815,0.0,0.6476486730575561,1.1938630151748657,0.0,0.0,-1.5707918088883162,2.356198977679014,0.6456361818313598,7.603332023620606,3.9269907865673304,1.0,0.0,0.0,0.0,720.0,12.0
1788870492.5507011,1788870492.5505824,0.6575496196746826,1.352634665556252,0.004881975919397753,0.018166627982795957,0.018166627982795957,0.4868156634196668,0.0,0.6386098074913025,1.1951340246200561,0.0,0.0,-1.5707918088883162,2.356198977679014,0.6375496196746826,7.589797954559327,3.9269907865673304,1.0,0.0,0.0,0.0,720.0,12.0
1788870492.6037998,1788870492.60373,0.65171217918396,1.348271342460066,0.00230049441272496,0.010603095879342697,0.010603095879342697,0.4923048578415771,0.0,0.6326821851730347,1.1957360315322876,0.0,0.0,-1.5707918088883162,2.356198977679014,0.6317121791839599,7.549364070892334,3.9269907865673304,1.0,0.0,0.0,0.0,720.0,12.0
1788870492.6755319,1788870492.6753118,0.6431090831756592,1.3439080193638802,0.0017443872373788972,0.0070883561755315395,0.0070883561755315395,0.4948556620574828,0.0,0.62397132396698,1.1962460088729858,0.0,0.0,-1.5707918088883162,2.356198977679014,0.6231090831756592,7.524703006744385,3.9269907865673304,1.0,0.0,0.0,0.0,720.0,12.0
1788870492.728521,1788870492.7283635,0.6374536752700806,1.3439080193638802,0.0023784053840770706,0.0074541349129921,0.0074541349129921,0.49459020002494847,0.0,0.6182684111595154,1.1963530588150024,0.0,0.0,-1.5707918088883162,2.356198977679014,0.6174536752700805,7.505175094604493,3.9269907865673304,1.0,0.0,0.0,0.0,720.0,12.0
1788870492.8017912,1788870492.8015897,0.6288871169090271,1.3439080193638802,0.0005668560614711048,0.0035059980515929055,0.0035059980515929055,0.49745553999311437,0.0,0.6096507120132446,1.1961070108413696,0.0,0.0,-1.5707918088883162,2.356198977679014,0.6088871169090271,7.470015029907227,3.9269907865673304,1.0,0.0,0.0,0.0,720.0,13.0
1788870492.8551733,1788870492.855048,0.6231238842010498,1.3439080193638802,0.004398088039892199,0.010903516624836396,0.010903516624836396,0.4920868290346871,0.0,0.6038629221916199,1.1957800197601318,0.0,0.0,-1.5707918088883162,2.356198977679014,0.6031238842010498,7.471703033447266,3.9269907865673304,1.0,0.0,0.0,0.0,720.0,12.0
1788870492.925545,1788870492.9253712,0.6144523024559021,1.3395446962676942,0.0060608601868608735,0.016847381806019274,0.016847381806019274,0.487773099529627,0.0,0.5951546835899353,1.1953040170669555,0.0,0.0,-1.5707918088883162,2.356198977679014,0.5944523024559021,7.432623844146729,3.9269907865673304,1.0,0.0,0.0,0.0,720.0,12.0
1788870492.9790652,1788870492.9789476,0.6087217926979065,1.3395446962676942,0.004249981522289826,0.014574173151734994,0.014574173151734994,0.48942286898842763,0.0,0.5894102263450622,1.1948489952087402,0.0,0.0,-1.5707918088883162,2.356198977679014,0.5887217926979065,7.404853801727295,3.9269907865673304,1.0,0.0,0.0,0.0,720.0,13.0
1788870493.0582125,1788870493.0581014,0.5999336242675781,1.3395446962676942,0.0048003973501785134,0.015125142009920368,0.015125142009920368,0.48902300618073,0.0,0.5805833148956299,1.1915479707717895,0.0,0.0,-1.5707918088883162,2.356198977679014,0.5799336242675781,7.367586116790772,3.9269907865673304,1.0,0.0,0.0,0.0,720.0,13.0
1788870493.1245964,1788870493.1245155,0.5911908149719238,1.3395446962676942,0.00907383881246424,0.02486294154289601,0.02486294154289601,0.4819558483836889,0.0,0.5717823910713196,1.1873819637298584,0.0,0.0,-1.5707918088883162,2.356198977679014,0.5711908149719238,7.363787155151368,3.9269907865673304,1.0,0.0,0.0,0.0,720.0,12.0
1788870493.179842,1788870493.1797302,0.5854529142379761,1.3395446962676942,0.009857513243888838,0.029539712129179798,0.029539712129179798,0.47856170624696653,0.0,0.5660096216201782,1.184632043838501,0.0,0.0,-1.5707918088883162,2.356198977679014,0.5654529142379761,7.342297058105469,3.9269907865673304,1.0,0.0,0.0,0.0,720.0,12.0
1788870493.2542205,1788870493.254124,0.5767974853515625,1.3351813731715083,0.007626825606271841,0.025946002996802865,0.025946002996802865,0.4811698221184395,0.0,0.5573090720176697,1.1805729675292969,0.0,0.0,-1.5707918088883162,2.356198977679014,0.5567974853515625,7.310337047576905,3.9269907865673304,1.0,0.0,0.0,0.0,720.0,13.0
1788870493.308842,1788870493.308718,0.5708308219909668,1.3351813731715083,0.007539182588865205,0.02467156989809892,0.02467156989809892,0.48209473536807185,0.0,0.5548438835144043,1.1781840133666992,0.0,0.0,-1.5707918088883162,2.356198977679014,0.5508308219909668,7.293147068023682,3.9269907865673304,1.0,0.0,0.0,0.0,720.0,13.0
1788870493.3785748,1788870493.3784757,0.5626212954521179,1.3875412503257394,0.007186587245485739,0.023499426399317732,0.023499426399317732,0.4829454124680276,0.0,0.5518302726745605,1.174911003112793,0.0,0.0,-1.5707918088883162,2.356198977679014,0.5426212954521179,7.270337085723877,3.9269907865673304,1.0,0.0,0.0,0.0,720.0,13.0
1788870493.4337785,1788870493.4334228,0.5582627058029175,1.4224478350952268,0.007063074012230535,0.02287111370719172,0.02287111370719172,0.48340140716437574,0.0,0.5498205232620239,1.1727299499511719,0.0,0.0,-1.5707918088883162,2.356198977679014,0.5382627058029175,7.254151802062989,3.9269907865673304,1.0,0.0,0.0,0.0,720.0,13.0
1788870493.5041068,1788870493.5040052,0.5533220767974854,1.4835343584418297,0.009659266994929359,0.02849809218079928,0.02849809218079928,0.4793176565532778,0.0,0.5467967796325683,1.169471960067749,0.0,0.0,-1.5707918088883162,2.356198977679014,0.5333220767974853,7.228888015747071,3.9269907865673304,1.0,0.0,0.0,0.0,720.0,12.0
1788870493.576868,1788870493.5767086,0.5503485798835754,1.5140776201151311,0.007305778887525234,0.024914372362296308,0.024914372362296308,0.48191852273171776,0.0,0.5437474060058594,1.166244010925293,0.0,0.0,-1.5707918088883162,2.356198977679014,0.5303485798835754,7.202691059112549,3.9269907865673304,1.0,0.0,0.0,0.0,720.0,12.0
1788870493.6311517,1788870493.6310642,0.5485277771949768,1.5097142970189452,0.00731415784263311,0.023858025276187057,0.023858025276187057,0.4826851611822936,0.0,0.5416828203201294,1.1641269731521606,0.0,0.0,-1.5707918088883162,2.356198977679014,0.5285277771949768,7.184977989196778,3.9269907865673304,1.0,0.0,0.0,0.0,720.0,12.0
1788870493.7009907,1788870493.7007918,0.5456022024154663,1.5097142970189452,0.0069389299046040175,0.022700610569169118,0.022700610569169118,0.4835251489375778,0.0,0.5383317279815674,1.1612440156936645,0.0,0.0,-1.5707918088883162,2.356198977679014,0.5256022024154663,7.1614389228820805,3.9269907865673304,1.0,0.0,0.0,0.0,720.0,12.0
1788870493.7538066,1788870493.7537344,0.5436248779296875,1.5053509739227593,0.006810301324756858,0.0220652581382061,0.0220652581382061,0.4839862526880857,0.0,0.53609792470932,1.159319977760315,0.0,0.0,-1.5707918088883162,2.356198977679014,0.5236248779296875,7.144722919464112,3.9269907865673304,1.0,0.0,0.0,0.0,720.0,12.0
1788870493.825851,1788870493.8257604,0.540625274181366,1.5053509739227593,0.006740668677340056,0.021718675278703553,0.021718675278703553,0.48423778341117774,0.0,0.5327244806289673,1.1564580011367798,0.0,0.0,-1.5707918088883162,2.356198977679014,0.520625274181366,7.1189479637146,3.9269907865673304,1.0,0.0,0.0,0.0,720.0,12.0
1788870493.880374,1788870493.8802912,0.5386024117469788,1.5009876508265734,0.006762047571992087,0.021662589144873342,0.021662589144873342,0.48427848763359077,0.0,0.5304735708236694,1.1545489835739136,0.0,0.0,-1.5707918088883162,2.356198977679014,0.5186024117469787,7.1009859848022465,3.9269907865673304,1.0,0.0,0.0,0.0,720.0,12.0
1788870493.9529126,1788870493.952553,0.535521388053894,1.5009876508265734,0.006877359004538421,0.021904060913628065,0.021904060913628065,0.4841032407425923,0.0,0.5270566749572754,1.1517309951782226,0.0,0.0,-1.5707918088883162,2.356198977679014,0.515521388053894,7.073647956848145,3.9269907865673304,1.0,0.0,0.0,0.0,720.0,12.0
1788870494.0090666,1788870494.0088053,0.5334330797195435,1.4966243277303874,0.001627190455489022,0.010216124894383831,0.010216124894383831,0.4925857000384533,0.0,0.5247530150413513,1.1498800325393677,0.0,0.0,-1.5707918088883162,2.356198977679014,0.5134330797195434,7.027081947326661,3.9269907865673304,1.0,0.0,0.0,0.0,720.0,14.0
1788870494.0823267,1788870494.0819392,0.5302342772483826,1.4966243277303874,0.0018381581757474345,0.007182311781989404,0.007182311781989404,0.4947874742605883,0.0,0.5212359237670898,1.1471730279922485,0.0,0.0,-1.5707918088883162,2.356198977679014,0.5102342772483826,6.9992308425903325,3.9269907865673304,1.0,0.0,0.0,0.0,720.0,14.0
1788870494.154305,1788870494.1541562,0.5269408822059631,1.4922610046342015,0.002283047314196137,0.007268719518396168,0.007268719518396168,0.49472476429146195,0.0,0.5176201868057251,1.1445790338516235,0.0,0.0,-1.5707918088883162,2.356198977679014,0.5069408822059631,6.971759777069092,3.9269907865673304,1.0,0.0,0.0,0.0,720.0,14.0
1788870494.226951,1788870494.2268734,0.5237911939620972,1.4922610046342015,0.006518695053873727,0.016782492776196,0.016782492776196,0.4878201924084139,0.0,0.5142826843261719,1.1413750457763672,0.0,0.0,-1.5707918088883162,2.356198977679014,0.5037911939620972,6.9631919670104985,3.9269907865673304,1.0,0.0,0.0,0.0,720.0,13.0
1788870494.3033876,1788870494.3031738,0.5206741094589233,1.4922610046342015,0.00603399672806404,0.01855090050372225,0.01855090050372225,0.4865367796191474,0.0,0.5110149192810058,1.1379660177230835,0.0,0.0,-1.5707918088883162,2.356198977679014,0.5006741094589233,6.923460941314698,3.9269907865673304,1.0,0.0,0.0,0.0,720.0,14.0
1788870494.3596659,1788870494.3595917,0.5185822248458862,1.4922610046342015,0.006943339959260209,0.021118351659859542,0.021118351659859542,0.4846734651819201,0.0,0.5088233757019043,1.1357040214538574,0.0,0.0,-1.5707918088883162,1.4180845119990408,0.500040214061737,6.896900157928467,2.988876320887357,1.0,0.0,0.0,0.0,720.0,14.0
1788870494.4285104,1788870494.4284291,0.5152711272239685,1.4878976815380156,0.0107690807441198,0.030458246364786213,0.030458246364786213,0.47789508476199627,0.0,0.5052771973609924,1.1328409719467163,0.0,0.0,-1.5707918088883162,1.352634665556252,0.5002720165252685,6.8917550849914555,2.923426474444568,1.0,0.0,0.0,0.0,720.0,13.0
1788870494.5017793,1788870494.5016491,0.5118585228919983,1.4878976815380156,0.009628938344778015,0.03070629580173862,0.03070629580173862,0.4777150641622218,0.0,0.501601915359497,1.1302870321273804,0.0,0.0,-1.5707918088883162,1.3090014345943928,0.5003111171722412,6.861392002105713,2.879793243482709,1.0,0.0,0.0,0.0,720.0,14.0
1788870494.5577445,1788870494.5576487,0.5095015168190002,1.4878976815380156,0.009818674033995672,0.031205718576671895,0.031205718576671895,0.4773526106586415,0.0,0.5028192806243896,1.1287150192260742,0.0,0.0,-1.5707918088883162,1.3046381114982069,0.500779013633728,6.842386226654053,2.875429920386523,1.0,0.0,0.0,0.0,720.0,14.0
1788870494.628046,1788870494.62796,0.5056421160697937,1.4835343584418297,0.009524505147852075,0.030696607104190216,0.030696607104190216,0.47772209568450674,0.0,0.5069975066184997,1.1268720436096191,0.0,0.0,-1.5707918088883162,1.3264547269791365,0.5000986266136169,6.819721202850342,2.8972465358674526,1.0,0.0,0.0,0.0,720.0,14.0
1788870494.7036383,1788870494.7033505,0.5016067028045654,1.4791710353456438,0.00915751074225411,0.02972180619390627,0.02972180619390627,0.478429552418479,0.0,0.5109345722198486,1.1252569961547851,0.0,0.0,-1.5707918088883162,1.3439080193638802,0.5004048156738281,6.798245887756348,2.9146998282521963,1.0,0.0,0.0,0.0,720.0,14.0
1788870494.759077,1788870494.7588618,0.49900680780410767,1.5009876508265734,0.0058332324091569816,0.02198298245468352,0.02198298245468352,0.48404596384113874,0.0,0.513464789390564,1.1242710161209106,0.0,0.0,-1.5707918088883162,1.356997988652438,0.5003596949577331,6.75585506439209,2.927789797540754,1.0,0.0,0.0,0.0,720.0,15.0
1788870494.8301787,1788870494.8300707,0.4969232976436615,1.5664374972693622,0.0054173502140896015,0.018729759215965765,0.018729759215965765,0.48640697383104087,0.0,0.5171741056442261,1.1228769826889038,0.0,0.0,-1.5707918088883162,1.3788146041333675,0.5000467109680176,6.734395008087159,2.9496064130216837,1.0,0.0,0.0,0.0,720.0,15.0
1788870494.9046886,1788870494.9046047,0.5007565021514893,1.5664374972693622,0.005058589410519888,0.01695016804435428,0.01695016804435428,0.48769850294718364,0.0,0.520816605091095,1.1215519714355469,0.0,0.0,-1.5707918088883162,1.3962678965181112,0.5007192897796631,6.712172012329102,2.9670597054064274,1.0,0.0,0.0,0.0,720.0,15.0
1788870494.98214,1788870494.981981,0.5047721862792969,1.5664374972693622,0.005466097710976511,0.01732910928589367,0.01732910928589367,0.48742348829518795,0.0,0.5247806119918823,1.1199229764938354,0.0,0.0,-1.5707918088883162,1.4224478350952268,0.500519495010376,6.684473972320557,2.993239643983543,1.0,0.0,0.0,0.0,720.0,15.0
1788870495.055452,1788870495.0553596,0.5088353753089905,1.5664374972693622,0.00572677678313848,0.018026712779998295,0.018026712779998295,0.48691720615660933,0.0,0.5288442182540893,1.1181959915161133,0.0,0.0,-1.5707918088883162,1.4529910967685282,0.5002289819717407,6.654506187438965,3.0237829056568444,1.0,0.0,0.0,0.0,720.0,15.0
1788870495.1284711,1788870495.1283436,0.5129112005233765,1.5664374972693622,0.006247364031934724,0.019402109265533273,0.019402109265533273,0.48591901924961295,0.0,0.5329525876045227,1.1164250183105469,0.0,0.0,-1.5707918088883162,1.4878976815380156,0.5000173258781433,6.623013954162598,3.0586894904263318,1.0,0.0,0.0,0.0,720.0,15.0
1788870495.2028751,1788870495.202762,0.5169079899787903,1.5664374972693622,0.008408315125625251,0.024655258661060542,0.024655258661060542,0.48210657316424177,0.0,0.5369639205932617,1.1147429752349853,0.0,0.0,-1.5707918088883162,1.527167589403689,0.5000247168540954,6.620275955200196,3.097959398292005,1.0,0.0,0.0,0.0,720.0,15.0
1788870495.276916,1788870495.2767577,0.520818829536438,1.5664374972693622,0.008715225145676181,0.02691868192463281,0.02691868192463281,0.48046390540229095,0.0,0.5408701705932617,1.1131599950790405,0.0,0.0,-1.5707918088883162,2.356198977679014,0.500818829536438,6.589343051910401,3.9269907865673304,1.0,0.0,0.0,0.0,720.0,15.0
1788870495.3324556,1788870495.332363,0.5233520269393921,1.5664374972693622,0.008882897904404646,0.02797329588325625,0.02797329588325625,0.47969852476005087,0.0,0.5433746981620788,1.112200002670288,0.0,0.0,-1.5707918088883162,2.356198977679014,0.5033520269393921,6.569415073394776,3.9269907865673304,1.0,0.0,0.0,0.0,720.0,15.0
1788870495.401269,1788870495.401164,0.5269206166267395,1.5664374972693622,0.008881434862393275,0.028286402856737815,0.028286402856737815,0.4794712889886166,0.0,0.546799521446228,1.1110800313949585,0.0,0.0,-1.5707918088883162,2.356198977679014,0.5069206166267395,6.542753200531006,3.9269907865673304,1.0,0.0,0.0,0.0,720.0,15.0
1788870495.478924,1788870495.4788089,0.5302873253822327,1.5664374972693622,0.007708182947650782,0.0257522506597591,0.0257522506597591,0.4813104368779441,0.0,0.5499536204338074,1.106114010810852,0.0,0.0,-1.5707918088883162,2.356198977679014,0.5102873253822326,6.518053035736084,3.9269907865673304,1.0,0.0,0.0,0.0,720.0,16.0
1788870495.5535643,1788870495.5534012,0.5335109829902649,1.5664374972693622,0.007450141532778594,0.02441399223135178,0.02441399223135178,0.48228167103148645,0.0,0.5529305744171142,1.1004919815063476,0.0,0.0,-1.5707918088883162,2.356198977679014,0.5135109829902649,6.494122009277344,3.9269907865673304,1.0,0.0,0.0,0.0,720.0,16.0
1788870495.6273448,1788870495.6272604,0.5366113185882568,1.5664374972693622,0.007199931480207325,0.023452044185069944,0.023452044185069944,0.48297979986568645,0.0,0.5557613182067871,1.095002989768982,0.0,0.0,-1.5707918088883162,2.356198977679014,0.5166113185882568,6.470548133850098,3.9269907865673304,1.0,0.0,0.0,0.0,720.0,16.0
1788870495.6822777,1788870495.6821756,0.5386785864830017,1.5664374972693622,0.007102657233257961,0.02294556545801882,0.02294556545801882,0.48334737419013146,0.0,0.5576758193969726,1.0913409996032715,0.0,0.0,-1.5707918088883162,2.356198977679014,0.5186785864830017,6.453643779754639,3.9269907865673304,1.0,0.0,0.0,0.0,720.0,16.0
1788870495.7534516,1788870495.7533243,0.5417426824569702,1.5664374972693622,0.006940047990065464,0.022429377135152286,0.022429377135152286,0.483721995203671,0.0,0.5605217027664184,1.0858859825134277,0.0,0.0,-1.5707918088883162,2.356198977679014,0.5217426824569702,6.427557926177979,3.9269907865673304,1.0,0.0,0.0,0.0,720.0,16.0
1788870495.8075614,1788870495.8074584,0.5437626242637634,1.5664374972693622,0.007230710334844361,0.022925604290597056,0.022925604290597056,0.48336186090445593,0.0,0.5624059844017029,1.0822709608078003,0.0,0.0,-1.5707918088883162,2.356198977679014,0.5237626242637634,6.409594039916993,3.9269907865673304,1.0,0.0,0.0,0.0,720.0,16.0
1788870495.8760898,1788870495.875984,0.5467398166656494,1.5664374972693622,0.006448228726384197,0.021321713634279718,0.021321713634279718,0.48452587627764265,0.0,0.5651812958717346,1.076904993057251,0.0,0.0,-1.5707918088883162,2.356198977679014,0.5267398166656494,6.382287006378174,3.9269907865673304,1.0,0.0,0.0,0.0,720.0,17.0
1788870495.929521,1788870495.9293852,0.5486931800842285,1.5664374972693622,0.004016246747752242,0.015392906805248938,0.015392906805248938,0.4888286772612785,0.0,0.5670038270950317,1.0733589935302734,0.0,0.0,-1.5707918088883162,2.356198977679014,0.5286931800842285,6.363742809295655,3.9269907865673304,1.0,0.0,0.0,0.0,720.0,17.0
1788870496.0008578,1788870496.0007327,0.5515376925468445,1.5664374972693622,0.004053557432537312,0.013697840690458261,0.013697840690458261,0.49005886275329613,0.0,0.5696338224411011,1.0681320238113403,0.0,0.0,-1.5707918088883162,2.356198977679014,0.5315376925468445,6.336266021728516,3.9269907865673304,1.0,0.0,0.0,0.0,720.0,17.0
1788870496.05531,1788870496.0552142,0.5534188747406006,1.5664374972693622,0.00412050014908545,0.013339272541088888,0.013339272541088888,0.4903190917387055,0.0,0.5713867950439453,1.0646589803695679,0.0,0.0,-1.5707918088883162,2.356198977679014,0.5334188747406006,6.3172220993042,3.9269907865673304,1.0,0.0,0.0,0.0,720.0,17.0
1788870496.1275952,1788870496.1274683,0.55638188123703,1.5664374972693622,0.006809813890341071,0.019255764876690666,0.019255764876690666,0.48602522793517483,0.0,0.5742659974098205,1.0592789459228515,0.0,0.0,-1.5707918088883162,2.356198977679014,0.53638188123703,6.303666095733643,3.9269907865673304,1.0,0.0,0.0,0.0,720.0,17.0
1788870496.1808434,1788870496.180745,0.558438777923584,1.5664374972693622,0.007180626044230402,0.0218613318020833,0.0218613318020833,0.4841342511749586,0.0,0.5762933897972107,1.0555510330200195,0.0,0.0,-1.5707918088883162,2.356198977679014,0.538438777923584,6.279974918365479,3.9269907865673304,1.0,0.0,0.0,0.0,720.0,17.0
1788870496.2506874,1788870496.2505994,0.5615674257278442,1.5664374972693622,0.006941296752861788,0.022106904267035394,0.022106904267035394,0.48395602822484063,0.0,0.5793822813034057,1.0498670148849487,0.0,0.0,-1.5707918088883162,2.356198977679014,0.5415674257278442,6.243487815856934,3.9269907865673304,1.0,0.0,0.0,0.0,720.0,18.0
1788870496.3046405,1788870496.304492,0.563434898853302,1.5664374972693622,0.007066896704542371,0.02246191989828553,0.02246191989828553,0.4836983774611373,0.0,0.581138710975647,1.0463700103759765,0.0,0.0,-1.5707918088883162,2.356198977679014,0.543434898853302,6.2211642074584965,3.9269907865673304,1.0,0.0,0.0,0.0,720.0,18.0
1788870496.37692,1788870496.3766289,0.5660058856010437,1.5664374972693622,0.00918470810905574,0.02731232213377052,0.02731232213377052,0.4801782230503575,0.0,0.5834849286079407,1.0414190101623535,0.0,0.0,-1.5707918088883162,2.356198977679014,0.5460058856010437,6.203584175109864,3.9269907865673304,1.0,0.0,0.0,0.0,720.0,18.0
1788870496.4334567,1788870496.4329286,0.567659318447113,1.5664374972693622,0.009376623406576898,0.029197333070863408,0.029197333070863408,0.47881018608302506,0.0,0.5849789190292358,1.0381860542297363,0.0,0.0,-1.5707918088883162,2.356198977679014,0.547659318447113,6.1824631500244145,3.9269907865673304,1.0,0.0,0.0,0.0,720.0,18.0
1788870496.5034297,1788870496.5033154,0.5700567960739136,1.5664374972693622,0.008619378390968747,0.02806660751702902,0.02806660751702902,0.4796308043230118,0.0,0.5871215867996216,1.0334260272979736,0.0,0.0,-1.5707918088883162,2.356198977679014,0.5500567960739136,6.15091989517212,3.9269907865673304,1.0,0.0,0.0,0.0,720.0,19.0
1788870496.559938,1788870496.5595999,0.5715044140815735,1.5664374972693622,0.008362409230072485,0.027151778930471073,0.027151778930471073,0.48029473645229376,0.0,0.5883319783210754,1.0304300594329834,0.0,0.0,-1.5707918088883162,2.356198977679014,0.5515044140815735,6.130960922241211,3.9269907865673304,1.0,0.0,0.0,0.0,720.0,19.0
1788870496.626778,1788870496.6266801,0.5735155940055847,1.5664374972693622,0.00787543609048128,0.025786510521819392,0.025786510521819392,0.4812855729597185,0.0,0.5899398732185364,1.026118974685669,0.0,0.0,-1.5707918088883162,2.356198977679014,0.5535155940055847,6.1017041015625,3.9269907865673304,1.0,0.0,0.0,0.0,720.0,19.0
1788870496.6800456,1788870496.6799562,0.5748090147972107,1.5664374972693622,0.007555313152708666,0.024659854618613232,0.024659854618613232,0.48210323767174745,0.0,0.5909678745269775,1.0232939529418945,0.0,0.0,-1.5707918088883162,2.356198977679014,0.5548090147972107,6.082039813995362,3.9269907865673304,1.0,0.0,0.0,0.0,720.0,19.0
1788870496.7523148,1788870496.7521646,0.5767006278038025,1.5664374972693622,0.009299885349882289,0.0282296995693203,0.0282296995693203,0.4795124411070632,0.0,0.5924740242958069,1.0191050577163696,0.0,0.0,-1.5707918088883162,2.356198977679014,0.5567006278038025,6.066788177490235,3.9269907865673304,1.0,0.0,0.0,0.0,720.0,19.0
1788870496.8065925,1788870496.8065045,0.5779454112052917,1.5664374972693622,0.009229079179517888,0.02914204723291616,0.02914204723291616,0.4788503094948278,0.0,0.5934802103042602,1.0163240242004394,0.0,0.0,-1.5707918088883162,2.356198977679014,0.5579454112052917,6.04649398803711,3.9269907865673304,1.0,0.0,0.0,0.0,720.0,19.0
1788870496.878063,1788870496.8779373,0.5797693729400635,1.5664374972693622,0.008309375043866734,0.027355614268136333,0.027355614268136333,0.48014680400708215,0.0,0.5949579286575317,1.0121929454803467,0.0,0.0,-1.5707918088883162,2.356198977679014,0.5597693729400635,6.015717964172364,3.9269907865673304,1.0,0.0,0.0,0.0,720.0,20.0
1788870496.9535613,1788870496.953471,0.5813853740692139,1.5664374972693622,0.007694171688577322,0.0254416288628541,0.0254416288628541,0.48153586904529305,0.0,0.5961497831344604,1.0083119678497314,0.0,0.0,-1.5707918088883162,2.356198977679014,0.5613853740692138,5.986169795989991,3.9269907865673304,1.0,0.0,0.0,0.0,720.0,20.0
1788870497.010562,1788870497.0104153,0.5823783278465271,1.5664374972693622,0.007261960978178165,0.02389928124997532,0.02389928124997532,0.4826552198720576,0.0,0.5968410181999206,1.0058229970932007,0.0,0.0,-1.5707918088883162,2.356198977679014,0.5623783278465271,5.966720085144043,3.9269907865673304,1.0,0.0,0.0,0.0,720.0,20.0
1788870497.0784454,1788870497.0783389,0.5838385820388794,1.5664374972693622,0.006063330174344421,0.020751643965524102,0.020751643965524102,0.4849396014001162,0.0,0.5978777813911438,1.0021079587936401,0.0,0.0,-1.5707918088883162,2.356198977679014,0.5638385820388794,5.936901073455811,3.9269907865673304,1.0,0.0,0.0,0.0,720.0,21.0
1788870497.1527,1788870497.15232,0.5852668881416321,1.5664374972693622,0.005539930371420629,0.01863493722163944,0.01863493722163944,0.48647579040446337,0.0,0.5989138293266296,0.9984140205383301,0.0,0.0,-1.5707918088883162,2.356198977679014,0.5652668881416321,5.90638111114502,3.9269907865673304,1.0,0.0,0.0,0.0,720.0,21.0
1788870497.2073197,1788870497.2072248,0.5862013101577759,1.5664374972693622,0.007829139163295279,0.023127752892273257,0.023127752892273257,0.4832151525991905,0.0,0.5997292804718017,0.9959629583358764,0.0,0.0,-1.5707918088883162,2.356198977679014,0.5662013101577759,5.900568943023682,3.9269907865673304,1.0,0.0,0.0,0.0,720.0,21.0
1788870497.2790656,1788870497.278938,0.5876256227493286,1.5664374972693622,0.007397350794643759,0.023508391647683997,0.023508391647683997,0.4829389059852561,0.0,0.6034974265098572,0.9922380256652832,0.0,0.0,-1.5707918088883162,2.356198977679014,0.5676256227493286,5.868448238372803,3.9269907865673304,1.0,0.0,0.0,0.0,720.0,21.0
1788870497.352889,1788870497.3527305,0.5890635848045349,1.5664374972693622,0.009581222022997039,0.028514454825818564,0.028514454825818564,0.4793057814480308,0.0,0.6073337006568909,0.9884739923477173,0.0,0.0,-1.5707918088883162,2.356198977679014,0.5690635848045349,5.850446205139161,3.9269907865673304,1.0,0.0,0.0,0.0,720.0,21.0
1788870497.4291265,1788870497.4289367,0.5903002023696899,1.5664374972693622,0.00858317898864901,0.027780657382319354,0.027780657382319354,0.4798383311587446,0.0,0.6108501958847046,0.9849649477005005,0.0,0.0,-1.5707918088883162,2.356198977679014,0.5703002023696899,5.818809967041016,3.9269907865673304,1.0,0.0,0.0,0.0,720.0,22.0
1788870497.5035896,1788870497.5035,0.5914254784584045,1.5664374972693622,0.010516314388697502,0.031890741445378214,0.031890741445378214,0.4768554588440723,0.0,0.6142260837554931,0.9815809535980224,0.0,0.0,-1.5707918088883162,2.356198977679014,0.5714254784584045,5.802648048400879,3.9269907865673304,1.0,0.0,0.0,0.0,720.0,22.0
1788870497.5777042,1788870497.5775528,0.592851996421814,1.5664374972693622,0.009701731036863358,0.03129909995618738,0.03129909995618738,0.4772848396039893,0.0,0.617221872806549,0.9785082149505615,0.0,0.0,-1.5707918088883162,2.356198977679014,0.572851996421814,5.772959213256836,3.9269907865673304,1.0,0.0,0.0,0.0,720.0,22.0
1788870497.6515408,1788870497.6514566,0.5960540771484375,1.5664374972693622,0.00863867344090672,0.028740358494487268,0.028740358494487268,0.4791418330253912,0.0,0.6201177048683166,0.9755368041992187,0.0,0.0,-1.5707918088883162,2.356198977679014,0.5760540771484375,5.743101100921631,3.9269907865673304,1.0,0.0,0.0,0.0,720.0,23.0
1788870497.7269733,1788870497.7267945,0.599002480506897,1.5664374972693622,0.007530096640113925,0.02548952402220138,0.02548952402220138,0.4815011093803733,0.0,0.6226560878753662,0.9728681254386902,0.0,0.0,-1.5707918088883162,2.356198977679014,0.579002480506897,5.714785079956055,3.9269907865673304,1.0,0.0,0.0,0.0,720.0,23.0
1788870497.7803745,1788870497.7802098,0.6009083986282349,1.5664374972693622,0.006407880366922574,0.02200050922856698,0.02200050922856698,0.48403324387537155,0.0,0.6242872285842895,0.9711534786224365,0.0,0.0,-1.5707918088883162,2.356198977679014,0.5809083986282348,5.695798854827881,3.9269907865673304,1.0,0.0,0.0,0.0,720.0,24.0
1788870497.8512542,1788870497.851138,0.6037573218345642,1.5664374972693622,0.007974003124602908,0.02446191976768061,0.02446191976768061,0.48224688786913933,0.0,0.626764874458313,0.9685783791542053,0.0,0.0,-1.5707918088883162,2.356198977679014,0.5837573218345642,5.682042102813721,3.9269907865673304,1.0,0.0,0.0,0.0,720.0,24.0
1788870497.9047153,1788870497.9045675,0.6056832075119019,1.5664374972693622,0.007400870787312294,0.023916526493883723,0.023916526493883723,0.48264270422521804,0.0,0.6284882831573486,0.9668162870407104,0.0,0.0,-1.5707918088883162,2.356198977679014,0.5856832075119018,5.661574821472168,3.9269907865673304,1.0,0.0,0.0,0.0,720.0,24.0
1788870497.978233,1788870497.9781039,0.608618974685669,1.5664374972693622,0.0061877793435922415,0.021035583677811737,0.021035583677811737,0.4847335336180893,0.0,0.631184618473053,0.9668348240852356,0.0,0.0,-1.5707918088883162,2.356198977679014,0.5886189746856689,5.629593830108643,3.9269907865673304,1.0,0.0,0.0,0.0,720.0,25.0
1788870498.0514333,1788870498.0513551,0.611403226852417,1.5664374972693622,0.007931963804583404,0.024078274025610344,0.024078274025610344,0.4825253167881361,0.0,0.633675377368927,0.9672906804084778,0.0,0.0,-1.5707918088883162,2.356198977679014,0.591403226852417,5.6141600418090825,3.9269907865673304,1.0,0.0,0.0,0.0,720.0,25.0
1788870498.1290834,1788870498.1290154,0.6141104102134705,1.5664374972693622,0.006863260036045693,0.02259718468842546,0.02259718468842546,0.4836002097372008,0.0,0.6360891270637512,0.9678274202346802,0.0,0.0,-1.5707918088883162,2.356198977679014,0.5941104102134704,5.598717193603516,3.9269907865673304,1.0,0.0,0.0,0.0,720.0,25.0
1788870498.1855917,1788870498.1855145,0.615938127040863,1.5664374972693622,0.005957089333550306,0.02012303551368032,0.02012303551368032,0.4853958107425544,0.0,0.6377615737915039,0.9681255030632019,0.0,0.0,-1.5707918088883162,2.356198977679014,0.595938127040863,5.576916198730469,3.9269907865673304,1.0,0.0,0.0,0.0,720.0,26.0
1788870498.2523167,1788870498.2522476,0.6185324788093567,1.5664374972693622,0.007784566398201986,0.023474339386076546,0.023474339386076546,0.48296361923852354,0.0,0.6400599884986877,0.9687831211090088,0.0,0.0,-1.5707918088883162,2.356198977679014,0.5985324788093567,5.561386089324952,3.9269907865673304,1.0,0.0,0.0,0.0,720.0,26.0
1788870498.3064618,1788870498.3063905,0.620232880115509,1.5664374972693622,0.00680311923218683,0.022281288895921465,0.022281288895921465,0.4838294694796597,0.0,0.6415728139877319,0.9692427921295166,0.0,0.0,-1.5707918088883162,2.356198977679014,0.600232880115509,5.539947013854981,3.9269907865673304,1.0,0.0,0.0,0.0,720.0,27.0
1788870498.3760307,1788870498.3759396,0.6227964758872986,1.5664374972693622,0.00872274019955625,0.02622332471578244,0.02622332471578244,0.48096855731092947,0.0,0.6438975739479065,0.9698794293403625,0.0,0.0,-1.5707918088883162,2.356198977679014,0.6027964758872986,5.5232248115539555,3.9269907865673304,1.0,0.0,0.0,0.0,720.0,27.0
1788870498.4328997,1788870498.4327707,0.6243959069252014,1.5664374972693622,0.01082779329588171,0.03212125439750976,0.03212125439750976,0.47668816525772784,0.0,0.6452879118919372,0.9704655814170837,0.0,0.0,-1.5707918088883162,2.356198977679014,0.6043959069252014,5.5185251045227055,3.9269907865673304,1.0,0.0,0.0,0.0,720.0,27.0
1788870498.50473,1788870498.5046403,0.6267430782318115,1.5664374972693622,0.009523377890484802,0.030968742793938887,0.030968742793938887,0.4775245946109687,0.0,0.647332112789154,0.9713890957832336,0.0,0.0,-1.5707918088883162,2.356198977679014,0.6067430782318115,5.486265163421631,3.9269907865673304,1.0,0.0,0.0,0.0,720.0,28.0
1788870498.5797973,1788870498.5796642,0.6288840770721436,1.5664374972693622,0.011183463799711886,0.0343415817495363,0.0343415817495363,0.4750767741313526,0.0,0.6490837740898132,0.9726131963729858,0.0,0.0,-1.5707918088883162,2.356198977679014,0.6088840770721435,5.472160797119141,3.9269907865673304,1.0,0.0,0.0,0.0,720.0,28.0
1788870498.6557794,1788870498.6556058,0.6307215094566345,1.5664374972693622,0.012379696032500451,0.038032993637661903,0.038032993637661903,0.47239775098870984,0.0,0.6503956127166748,0.9742973852157593,0.0,0.0,-1.5707918088883162,2.356198977679014,0.6107215094566345,5.460642795562745,3.9269907865673304,1.0,0.0,0.0,0.0,720.0,29.0
1788870498.7317343,1788870498.7316287,0.6324666142463684,1.5664374972693622,0.01069027802458349,0.03535612086636559,0.03535612086636559,0.47434047759889436,0.0,0.6516241240501404,0.9760777163505554,0.0,0.0,-1.5707918088883162,2.356198977679014,0.6124666142463684,5.431775074005127,3.9269907865673304,1.0,0.0,0.0,0.0,720.0,30.0
1788870498.8039706,1788870498.8038526,0.6339756846427917,1.5664374972693622,0.012038768819705089,0.037573678416049076,0.037573678416049076,0.4727310966422868,0.0,0.6525286245346069,0.9782094764709472,0.0,0.0,-1.5707918088883162,2.356198977679014,0.6139756846427917,5.41336296081543,3.9269907865673304,1.0,0.0,0.0,0.0,720.0,30.0
1788870498.8792548,1788870498.8791227,0.63522869348526,1.5664374972693622,0.010077751068181142,0.03384626591754048,0.03384626591754048,0.4754362470422739,0.0,0.6530865240097046,0.9807250308990478,0.0,0.0,-1.5707918088883162,2.356198977679014,0.61522869348526,5.383306007385254,3.9269907865673304,1.0,0.0,0.0,0.0,720.0,31.0
1788870498.9568992,1788870498.9567428,0.6364290118217468,1.5664374972693622,0.011307965458955438,0.03548372240332233,0.03548372240332233,0.4742478714414391,0.0,0.6536385226249695,0.9832620429992676,0.0,0.0,-1.5707918088883162,2.356198977679014,0.6164290118217468,5.361511211395264,3.9269907865673304,1.0,0.0,0.0,0.0,720.0,31.0
1788870499.016605,1788870499.0164514,0.637117326259613,1.5664374972693622,0.009696334719091076,0.03236490649176071,0.03236490649176071,0.47651133600674356,0.0,0.6538600730895996,0.9851219463348388,0.0,0.0,-1.5707918088883162,2.356198977679014,0.617117326259613,5.341447811126709,3.9269907865673304,1.0,0.0,0.0,0.0,720.0,32.0
1788870499.0871017,1788870499.0870013,0.6381329298019409,1.5664374972693622,0.013977800293753109,0.041019744605535174,0.041019744605535174,0.47023013187528007,0.0,0.6542346882820129,0.9878740119934082,0.0,0.0,-1.5707918088883162,2.356198977679014,0.6181329298019409,5.328845005035401,3.9269907865673304,1.0,0.0,0.0,0.0,720.0,32.0
1788870499.1588397,1788870499.1587062,0.6390038728713989,1.5664374972693622,0.012021528020340075,0.03923414614722232,0.03923414614722232,0.47152602074876915,0.0,0.6544375824928284,0.9908319520950317,0.0,0.0,-1.5707918088883162,2.356198977679014,0.6190038728713989,5.298400859832764,3.9269907865673304,1.0,0.0,0.0,0.0,720.0,33.0
1788870499.2297823,1788870499.2296536,0.6398503184318542,1.5664374972693622,0.013106712346376559,0.041129279500050187,0.041129279500050187,0.4701506374904143,0.0,0.6546761798858642,0.9937549638748169,0.0,0.0,-1.5707918088883162,2.356198977679014,0.6198503184318542,5.276606063842774,3.9269907865673304,1.0,0.0,0.0,0.0,720.0,34.0
1788870499.304196,1788870499.3040707,0.6403154134750366,1.5664374972693622,0.013996354034494323,0.04369061688728234,0.04369061688728234,0.4682917600894437,0.0,0.6543518710136413,0.9973419713973999,0.0,0.0,-1.5707918088883162,2.356198977679014,0.6203154134750366,5.256885986328125,3.9269907865673304,1.0,0.0,0.0,0.0,720.0,35.0
1788870499.3801515,1788870499.3800204,0.6406679749488831,1.5664374972693622,0.015099469265699696,0.04692999622135202,0.04692999622135202,0.4659407972419523,0.0,0.6539361882209778,1.0010469961166382,0.0,0.0,-1.5707918088883162,2.356198977679014,0.620667974948883,5.237123947143555,3.9269907865673304,1.0,0.0,0.0,0.0,720.0,35.0
1788870499.4874418,1788870499.487342,0.6408190131187439,1.5664374972693622,0.015963943739189648,0.04983823284219042,0.04983823284219042,0.46383015951101536,0.0,0.6531593012809753,1.0050660181045532,0.0,0.0,-1.5707918088883162,2.356198977679014,0.6208190131187439,5.218113880157471,3.9269907865673304,1.0,0.0,0.0,0.0,720.0,36.0
1788870499.5123665,1788870499.5121562,0.6407545208930969,1.5664374972693622,0.016622865438717712,0.0521866884353848,0.0521866884353848,0.46212577997431964,0.0,0.6498055267333984,1.009425024986267,0.0,0.0,-1.5707918088883162,2.356198977679014,0.6207545208930969,5.199902038574219,3.9269907865673304,1.0,0.0,0.0,0.0,720.0,37.0
1788870499.5806653,1788870499.580533,0.64066481590271,1.5664374972693622,0.015888011259393636,0.051245151751657184,0.051245151751657184,0.4628090953673993,0.0,0.6486028838157654,1.0109979915618896,0.0,0.0,-1.5707918088883162,2.356198977679014,0.6206648159027099,5.190768222808838,3.9269907865673304,1.0,0.0,0.0,0.0,720.0,37.0
1788870499.638253,1788870499.6381037,0.6402084231376648,1.5664374972693622,0.016634055458548135,0.05263382975264498,0.05263382975264498,0.46180126946905065,0.0,0.6448846864700317,1.0158929634094238,0.0,0.0,-1.5707918088883162,2.356198977679014,0.6202084231376648,5.175319175720215,3.9269907865673304,1.0,0.0,0.0,0.0,720.0,38.0
1788870499.70435,1788870499.7041793,0.6395180225372314,1.5664374972693622,0.017349768974550272,0.0546536314287861,0.0546536314287861,0.4603354088179169,0.0,0.6409616279602051,1.0210939455032348,0.0,0.0,-1.5707918088883162,2.356198977679014,0.6195180225372314,5.161412220001221,3.9269907865673304,1.0,0.0,0.0,0.0,720.0,39.0
1788870499.780847,1788870499.7807221,0.638692319393158,1.5664374972693622,0.018151068953857166,0.05705448388527589,0.05705448388527589,0.4585930025278746,0.0,0.636924307346344,1.0264680194854736,0.0,0.0,-1.5707918088883162,2.356198977679014,0.6186923193931579,5.147665004730225,3.9269907865673304,1.0,0.0,0.0,0.0,720.0,40.0
1788870499.8542855,1788870499.8540761,0.6375740170478821,1.5097142970189452,0.018875376555176696,0.05939718864917857,0.05939718864917857,0.45689279662588267,0.0,0.6326737213134765,1.032170991897583,0.0,0.0,-1.5707918088883162,2.356198977679014,0.6175740170478821,5.134668807983399,3.9269907865673304,1.0,0.0,0.0,0.0,720.0,41.0
1788870499.9285612,1788870499.9284503,0.6339502930641174,1.5053509739227593,0.019324889556767647,0.06110690920191311,0.06110690920191311,0.4556519757510944,0.0,0.6282002735137939,1.038223009109497,0.0,0.0,-1.5707918088883162,2.356198977679014,0.6139502930641174,5.122473220825196,3.9269907865673304,1.0,0.0,0.0,0.0,720.0,42.0
1788870500.0036802,1788870500.0035973,0.6300656795501709,1.4966243277303874,0.016600114032188956,0.05551632819267719,0.05551632819267719,0.45970931109011204,0.0,0.6234577107429504,1.0447050142288208,0.0,0.0,-1.5707918088883162,2.356198977679014,0.6100656795501709,5.097087841033936,3.9269907865673304,1.0,0.0,0.0,0.0,720.0,44.0
1788870500.076536,1788870500.0764234,0.6259220242500305,1.4922610046342015,0.017133743806864308,0.05503448458517921,0.05503448458517921,0.460059006603575,0.0,0.6184584903717041,1.0516060400009155,0.0,0.0,-1.5707918088883162,2.356198977679014,0.6059220242500305,5.074367980957032,3.9269907865673304,1.0,0.0,0.0,0.0,720.0,45.0
1788870500.1310563,1788870500.1309705,0.6230127215385437,1.4878976815380156,0.01853389966933331,0.05802628063486037,0.05802628063486037,0.4578877260480387,0.0,0.6149756121635437,1.0564590501785278,0.0,0.0,-1.5707918088883162,2.356198977679014,0.6030127215385437,5.061370830535889,3.9269907865673304,1.0,0.0,0.0,0.0,720.0,45.0
1788870500.20085,1788870500.2007437,0.6186106204986572,1.4835343584418297,0.018831078801264826,0.05958950070529132,0.05958950070529132,0.4567532271428367,0.0,0.6098003196716308,1.0636399793624878,0.0,0.0,-1.5707918088883162,2.356198977679014,0.5986106204986572,5.039059143066407,3.9269907865673304,1.0,0.0,0.0,0.0,720.0,47.0
1788870500.2520916,1788870500.2520068,0.6155993938446045,1.4791710353456438,0.020321294003924885,0.06339654878037913,0.06339654878037913,0.4539902816337966,0.0,0.6063018846511841,1.068507056236267,0.0,0.0,-1.5707918088883162,2.356198977679014,0.5955993938446045,5.026173095703125,3.9269907865673304,1.0,0.0,0.0,0.0,720.0,47.0
1788870500.3264942,1788870500.3263528,0.6108607053756714,1.4748077122494578,0.020804720175511947,0.0656215378272605,0.0656215378272605,0.452375507306419,0.0,0.6008187937736511,1.0762179899215698,0.0,0.0,-1.5707918088883162,2.356198977679014,0.5908607053756714,4.9999961662292485,3.9269907865673304,1.0,0.0,0.0,0.0,720.0,49.0
1788870500.379526,1788870500.3793867,0.6075518727302551,1.470444389153272,0.02216867088068992,0.06934428412092357,0.06934428412092357,0.44967374338053673,0.0,0.597017388343811,1.0816149520874023,0.0,0.0,-1.5707918088883162,2.356198977679014,0.5875518727302551,4.980888824462891,3.9269907865673304,1.0,0.0,0.0,0.0,720.0,50.0
1788870500.4509258,1788870500.450785,0.602333128452301,1.4617177429609,0.022364265837564703,0.070899240712422,0.070899240712422,0.4485452416525585,0.0,0.5910504865646362,1.0901930141448974,0.0,0.0,-1.5707918088883162,2.356198977679014,0.582333128452301,4.948460083007813,3.9269907865673304,1.0,0.0,0.0,0.0,720.0,51.0
1788870500.5055103,1788870500.50539,0.5986860990524292,1.4573544198647141,0.023642628456606706,0.07422925995652561,0.07422925995652561,0.4461284973577545,0.0,0.5869051027297973,1.0962209510803222,0.0,0.0,-1.5707918088883162,2.356198977679014,0.5786860990524292,4.925198059082032,3.9269907865673304,1.0,0.0,0.0,0.0,720.0,52.0
1788870500.5786636,1788870500.5785487,0.5929313898086548,1.4529910967685282,0.02390283148388951,0.07581112051087019,0.07581112051087019,0.44498047021747383,0.0,0.5803984808921814,1.1058150339126587,0.0,0.0,-1.5707918088883162,2.356198977679014,0.5729313898086548,4.89341781616211,3.9269907865673304,1.0,0.0,0.0,0.0,720.0,54.0
1788870500.6340876,1788870500.633798,0.5889326930046082,1.4486277736723423,0.025120953955902022,0.07901427301448159,0.07901427301448159,0.4426557988053801,0.0,0.5759091186523437,1.1125039863586426,0.0,0.0,-1.5707918088883162,2.356198977679014,0.5689326930046081,4.872885208129883,3.9269907865673304,1.0,0.0,0.0,0.0,720.0,55.0
1788870500.7010682,1788870500.700991,0.5826457738876343,1.4399011274799705,0.02819019039090659,0.08685030837997525,0.08685030837997525,0.43696883654623647,0.0,0.5688965725898742,1.1230989503860473,0.0,0.0,-1.5707918088883162,2.356198977679014,0.5626457738876343,4.839907150268555,3.9269907865673304,1.0,0.0,0.0,0.0,720.0,57.0
1788870500.7536364,1788870500.753535,0.5782790184020996,1.4355378043837845,0.029211465694300023,0.09148877566922463,0.09148877566922463,0.43360249282982166,0.0,0.5640560793876648,1.1305000591278076,0.0,0.0,-1.5707918088883162,2.356198977679014,0.5582790184020996,4.819291095733643,3.9269907865673304,1.0,0.0,0.0,0.0,720.0,58.0
1788870500.826223,1788870500.8261302,0.5714374780654907,1.4268111581914127,0.03200506738455939,0.09913798364218042,0.09913798364218042,0.4280511195874168,0.0,0.5570604014396667,1.1421739864349365,0.0,0.0,-1.5707918088883162,2.356198977679014,0.5514374780654907,4.786397914886475,3.9269907865673304,1.0,0.0,0.0,0.0,720.0,60.0
1788870500.8785398,1788870500.8784509,0.5667425990104675,1.4224478350952268,0.03243735175587304,0.10240106302580974,0.10240106302580974,0.4256829565511694,0.0,0.5537764835357666,1.1503749895095825,0.0,0.0,-1.5707918088883162,2.356198977679014,0.5467425990104675,4.765282135009766,3.9269907865673304,1.0,0.0,0.0,0.0,720.0,61.0
1788870500.9534876,1788870500.9532585,0.5595167875289917,1.413721188902855,0.03464451648465431,0.10832403583336858,0.10832403583336858,0.4213843895785331,0.0,0.5485974955558777,1.163137059211731,0.0,0.0,-1.5707918088883162,2.356198977679014,0.5395167875289917,4.736307125091553,3.9269907865673304,1.0,0.0,0.0,0.0,720.0,63.0
1788870501.0095327,1788870501.0094178,0.5544484257698059,1.413721188902855,0.03773048154527974,0.11701348941143719,0.11701348941143719,0.4150780634523565,0.0,0.5448291110992431,1.1723229694366455,0.0,0.0,-1.5707918088883162,2.356198977679014,0.5344484257698059,4.715164165496827,3.9269907865673304,1.0,0.0,0.0,0.0,720.0,64.0
1788870501.0761316,1788870501.0760767,0.5475276708602905,1.4573544198647141,0.03608458828986599,0.11593352459273099,0.11593352459273099,0.4158618423505772,0.0,0.5388461756706238,1.1776369619369507,0.0,0.0,-1.5707918088883162,2.356198977679014,0.5275276708602905,4.685233097076416,3.9269907865673304,1.0,0.0,0.0,0.0,720.0,67.0
1788870501.1292715,1788870501.129148,0.5435358285903931,1.4835343584418297,0.03591126602210998,0.11522129326734565,0.11522129326734565,0.4163787405622778,0.0,0.5345709133148193,1.180294017791748,0.0,0.0,-1.5707918088883162,2.356198977679014,0.523535828590393,4.6633028793334965,3.9269907865673304,1.0,0.0,0.0,0.0,720.0,68.0
1788870501.2016168,1788870501.2015371,0.5378913283348083,1.4835343584418297,0.03632527722717807,0.11593500896908258,0.11593500896908258,0.4158607650720944,0.0,0.5276747751235962,1.185090045928955,0.0,0.0,-1.5707918088883162,2.356198977679014,0.5178913283348083,4.631734828948975,3.9269907865673304,1.0,0.0,0.0,0.0,720.0,70.0
1788870501.2534244,1788870501.2533634,0.5339512825012207,1.4748077122494578,0.03306093076874167,0.10883698761270613,0.10883698761270613,0.4210121174697702,0.0,0.522919397354126,1.1886009979248047,0.0,0.0,-1.5707918088883162,2.356198977679014,0.5139512825012207,4.612465839385987,3.9269907865673304,1.0,0.0,0.0,0.0,720.0,72.0
1788870501.3257623,1788870501.3256834,0.5277708768844604,1.466081066057086,0.03582424990837762,0.11289741607857771,0.11289741607857771,0.41806528244870217,0.0,0.5155945229530334,1.194279055595398,0.0,0.0,-1.5707918088883162,2.356198977679014,0.5077708768844604,4.581677894592286,3.9269907865673304,1.0,0.0,0.0,0.0,720.0,74.0
1788870501.3783562,1788870501.3782542,0.5234537720680237,1.4573544198647141,0.03733376280223441,0.1174968535005784,0.1174968535005784,0.41472726445718144,0.0,0.5105613875389099,1.1983769941329956,0.0,0.0,-1.5707918088883162,2.356198977679014,0.5034537720680237,4.559030990600586,3.9269907865673304,1.0,0.0,0.0,0.0,720.0,76.0
1788870501.4526968,1788870501.4525456,0.516842782497406,1.4486277736723423,0.03707632317875035,0.1183000199705743,0.1183000199705743,0.41414437053319664,0.0,0.5029899287223816,1.2046370315551758,0.0,0.0,-1.5707918088883162,1.3351813731715083,0.5002307105064392,4.527646999359131,2.9059731820598245,2.0,0.0,0.0,0.0,720.0,79.0
1788870501.5076797,1788870501.507544,0.5122125148773193,1.4399011274799705,0.03824663707139772,0.12116247303110317,0.12116247303110317,0.4120669599850664,0.0,0.49775020360946653,1.2092040586471557,0.0,0.0,-1.5707918088883162,1.2653682036325336,0.5003360915184021,4.508366088867188,2.8361600125208497,1.0,0.0,0.0,0.0,720.0,81.0
1788870501.577773,1788870501.5776732,0.5048897862434387,1.4311744812875986,0.041732945170343656,0.12983053909090075,0.12983053909090075,0.405776155739988,0.0,0.48954937934875487,1.2167409467697143,0.0,0.0,-1.5707918088883162,1.186828387901187,0.5003602910041809,4.476934890747071,2.757620196789503,1.0,0.0,0.0,0.0,720.0,84.0
1788870501.6332858,1788870501.6329672,0.49995359778404236,1.4224478350952268,0.03994334210534869,0.12842224804325128,0.12842224804325128,0.4067982157058146,0.0,0.4840907859802246,1.221966962814331,0.0,0.0,-1.5707918088883162,1.1431951569393277,0.5003537940979004,4.454885940551758,2.713986965827644,1.0,0.0,0.0,0.0,720.0,86.0
1788870501.7045484,1788870501.704226,0.4924190938472748,1.409357865806669,0.04288238662137975,0.13458322044486604,0.13458322044486604,0.4023269217550628,0.0,0.47583470821380613,1.2301959800720215,0.0,0.0,-1.5707918088883162,1.0821086335927248,0.5007350850105285,4.42605302810669,2.652900442481041,1.0,0.0,0.0,0.0,720.0,89.0
1788870501.7798386,1788870501.7797298,0.4843583106994629,1.4006312196142972,0.047062257338725745,0.14579442257220548,0.14579442257220548,0.39419044962292193,0.0,0.4670901107788086,1.239526014328003,0.0,0.0,-1.5707918088883162,1.0253854333423078,0.5008426713943481,4.397095184326172,2.596177242230624,1.0,0.0,0.0,0.0,720.0,91.0
1788870501.8534124,1788870501.8532805,0.475985586643219,1.3875412503257394,0.056717348344296405,0.1707851870628856,0.1707851870628856,0.37605353116138934,0.0,0.4581214892864227,1.2493870067596435,0.0,0.0,-1.5707918088883162,0.6326863546855748,1.182260971069336,4.365858058929444,2.203478163573891,1.0,0.0,0.0,0.0,720.0,91.0
1788870501.9751537,1788870501.9716606,0.4671393930912018,1.3744512810371816,0.0647353779217344,0.19624280266355074,0.19624280266355074,0.3575777979141534,0.0,0.4487361121177673,1.260256986618042,0.0,0.0,-1.5707918088883162,0.6719562625512481,1.1883920240402222,4.3378000068664555,2.2427480714395642,1.0,0.0,0.0,0.0,720.0,91.0
1788870502.0142593,1788870502.0141277,0.4576815962791443,1.3613613117486238,0.07327261098939937,0.2230034894153198,0.2230034894153198,0.33815636749843103,0.0,0.43879361033439634,1.2725330400466919,0.0,0.0,-1.5707918088883162,0.7112261704169214,1.1954289484024048,4.307208995819092,2.2820179793052375,1.0,0.0,0.0,0.0,720.0,91.0
1788870502.0934145,1788870502.0926218,0.45103639364242554,1.352634665556252,0.07429764887212088,0.23332778029814671,0.23332778029814671,0.33066356662854135,0.0,0.4318468081951141,1.2819870519638061,0.0,0.0,-1.5707918088883162,0.733042785897851,1.200836043357849,4.288866024017334,2.303834594786167,1.0,0.0,0.0,0.0,720.0,91.0
1788870502.169136,1788870502.1690125,0.44093841314315796,1.3395446962676942,0.07813563485677019,0.24502215616860923,0.24502215616860923,0.3221764336438665,0.0,0.4213692057132721,1.2975259828567505,0.0,0.0,-1.5707918088883162,0.7679493706673384,1.2097539710998535,4.260325889587403,2.3387411795556545,1.0,0.0,0.0,0.0,720.0,91.0
1788870502.2522075,1788870502.25149,0.42723751068115234,1.3177280807867646,0.07858309527037159,0.24953278025621517,0.24953278025621517,0.3189028714718072,0.0,0.40734348773956297,1.3202149677276611,0.0,0.0,-1.5707918088883162,0.8072192785330117,1.222900013923645,4.227484207153321,2.378011087421328,1.0,0.0,0.0,0.0,720.0,91.0
1788870502.318998,1788870502.3187833,0.4200819134712219,1.3046381114982069,0.07738356155783753,0.24819901196642064,0.24819901196642064,0.31987084693040513,0.0,0.4001073944568634,1.3325400161743164,0.0,0.0,-1.5707918088883162,0.8290358940139413,1.2301250505447388,4.212643127441407,2.3998277029022574,1.0,0.0,0.0,0.0,720.0,91.0
1788870502.389099,1788870502.3889463,0.40889039635658264,1.2871848191134632,0.07727985739154698,0.24756658414699145,0.24756658414699145,0.32032982815917355,0.0,0.3888903963565826,1.3524989891052246,0.0,0.0,-1.5707918088883162,0.8639424787834287,1.2419149684906006,4.187959175109864,2.434734287671745,1.0,0.0,0.0,0.0,720.0,91.0
1788870502.45365,1788870502.4535441,0.39369529485702515,1.3133647576905787,0.09702781473806879,0.2916122802573715,0.2916122802573715,0.2883638913334584,0.0,0.6779820132255554,1.38174400806427,0.0,0.0,-1.5707918088883162,1.3090014345943928,0.6779820132255554,4.155097942352295,2.879793243482709,1.0,0.0,0.0,0.0,720.0,70.0
1788870502.529967,1788870502.529793,0.38322609663009644,1.352634665556252,0.08552539510998936,0.2790605691235876,0.2790605691235876,0.2974732309645468,0.0,0.6667309212684631,1.4050969886779785,0.0,0.0,-1.5707918088883162,1.348271342460066,0.6667309212684631,4.131445865631104,2.9190631513483822,1.0,0.0,0.0,0.0,720.0,71.0
1788870502.6031034,1788870502.6029465,0.37351319193840027,1.3919045734219253,0.07681080787876218,0.2557743803855036,0.2557743803855036,0.31437306236346185,0.0,0.6560069131851196,1.4297629404067993,0.0,0.0,-1.5707918088883162,1.3875412503257394,0.6560069131851196,4.106190185546875,2.9583330592140555,1.0,0.0,0.0,0.0,720.0,72.0
1788870502.6782358,1788870502.6780949,0.3653582036495209,1.4311744812875986,0.06486877292135002,0.22203836545947508,0.22203836545947508,0.3388568012326193,0.0,0.6458092141151428,1.4556300449371338,0.0,0.0,-1.5707918088883162,1.4268111581914127,0.6458092141151428,4.084249000549317,2.997602967079729,1.0,0.0,0.0,0.0,720.0,73.0
1788870502.7522192,1788870502.7520642,0.3573313057422638,1.466081066057086,0.05445636486146374,0.18859376692752133,0.18859376692752133,0.3631290461564971,0.0,0.6360590267181396,1.4829200315475464,0.0,0.0,-1.5707918088883162,1.4617177429609,0.6360590267181396,4.063631038665772,3.0325095518492162,1.0,0.0,0.0,0.0,720.0,74.0
1788870502.826124,1788870502.8259106,0.3505954146385193,1.5140776201151311,0.042438356449897206,0.15164004852602614,0.15164004852602614,0.3899480167305387,0.0,0.6258079218864441,1.5121279764175415,0.0,0.0,-1.5707918088883162,1.5097142970189452,0.6258079218864441,4.0386690902709965,3.0805061059072614,1.0,0.0,0.0,0.0,720.0,75.0
1788870502.8798902,1788870502.8798041,0.3469800055027008,1.5489842048846185,0.037104173568913504,0.1286053633521741,0.1286053633521741,0.40666532071461775,0.0,0.6196272182464599,1.5309140491485596,0.0,0.0,-1.5707918088883162,1.5446208817884326,0.6196272182464599,4.023962955474854,3.1154126906767488,1.0,0.0,0.0,0.0,720.0,76.0
1788870502.9532862,1788870502.9531903,0.6306825876235962,1.3919045734219253,0.03075848029966347,0.10748060487689842,0.10748060487689842,0.42199650524594845,0.0,0.6106825876235962,1.5586190032958984,0.0,0.0,-1.5707918088883162,2.356198977679014,0.6106825876235962,3.997414093017578,3.9269907865673304,1.0,0.0,0.0,0.0,720.0,77.0
1788870503.0091553,1788870503.0090768,0.6254448890686035,1.413721188902855,0.028970089790995107,0.09713718259489856,0.09713718259489856,0.4295031906301347,0.0,0.6054448890686035,1.569887022972107,0.0,0.0,-1.5707918088883162,2.356198977679014,0.6054448890686035,3.9791729259490967,3.9269907865673304,1.0,0.0,0.0,0.0,720.0,78.0
1788870503.077127,1788870503.0770195,0.6180729269981384,1.4486277736723423,0.027882496895943628,0.09159794782538332,0.09159794782538332,0.4335232617004476,0.0,0.5980729269981384,1.5864189672470093,0.0,0.0,-1.5707918088883162,2.356198977679014,0.5980729269981384,3.9488329696655273,3.9269907865673304,1.0,0.0,0.0,0.0,720.0,79.0
1788870503.1330476,1788870503.1329532,0.6139559149742126,1.4748077122494578,0.02859158143717164,0.09152452676687947,0.09152452676687947,0.4335765466550531,0.0,0.5939559149742126,1.596758942604065,0.0,0.0,-1.5707918088883162,2.356198977679014,0.5939559149742126,3.928441982269287,3.9269907865673304,1.0,0.0,0.0,0.0,720.0,79.0
1788870503.2025568,1788870503.202475,0.6094105839729309,1.518440943211317,0.03204494943141943,0.09923804475644336,0.09923804475644336,0.42797850074971644,0.0,0.5894105839729309,1.6122180032730102,0.0,0.0,-1.5707918088883162,2.356198977679014,0.5894105839729309,3.896398048400879,3.9269907865673304,1.0,0.0,0.0,0.0,720.0,80.0
1788870503.2766013,1788870503.276445,0.6060836911201477,1.5620741741731763,0.03699067916171374,0.1126305347491718,0.1126305347491718,0.41825897019731606,0.0,0.5860836911201477,1.6275579738616943,0.0,0.0,-1.5707918088883162,2.356198977679014,0.5860836911201477,3.865622978210449,3.9269907865673304,1.0,0.0,0.0,0.0,720.0,80.0
1788870503.3305829,1788870503.3305008,1.4788329601287842,-1.5707918088883162,0.14630248728461873,0.36150673194229754,0.2857965891491718,0.23763835344141887,0.0,2.5267090606689453,1.6380779552459717,0.0,0.0,-1.5707918088883162,2.356198977679014,1.4588329601287842,3.8435549545288086,3.9269907865673304,1.0,0.0,0.0,0.0,720.0,0.0
1788870503.4002674,1788870503.4001405,1.4982479810714722,-1.5707918088883162,0.13893828117272786,0.41967376940959966,0.41967376940959966,0.23399999999999999,0.0,2.510764102935791,1.6550320196151733,0.0,0.0,-1.5707918088883162,2.356198977679014,1.4782479810714722,3.8120820331573486,3.9269907865673304,1.0,0.0,0.0,0.0,720.0,0.0
1788870503.4535184,1788870503.4534302,1.5122239589691162,-1.5707918088883162,0.13350906088008416,0.42496242719426847,0.42496242719426847,0.23399999999999999,0.0,2.499766092300415,1.6676740455627441,0.0,0.0,-1.5707918088883162,2.356198977679014,1.4922239589691162,3.79011700630188,3.9269907865673304,1.0,0.0,0.0,0.0,720.0,0.0
1788870503.5270774,1788870503.5269978,1.5259369611740112,-1.5707918088883162,0.12724248427351909,0.41251189293096324,0.41251189293096324,0.23399999999999999,0.0,2.490171890258789,1.6810680437088013,0.0,0.0,-1.5707918088883162,2.356198977679014,1.5059369611740112,3.7733859825134277,3.9269907865673304,1.0,0.0,0.0,0.0,720.0,0.0
1788870503.6009185,1788870503.6008117,1.5258020162582397,-1.5707918088883162,0.127267974535885,0.4088338308396714,0.4088338308396714,0.23399999999999999,0.0,2.4902970600128174,1.6809780406951904,0.0,0.0,-1.5707918088883162,2.356198977679014,1.5058020162582397,3.773644905090332,3.9269907865673304,1.0,0.0,0.0,0.0,720.0,0.0
1788870503.654925,1788870503.6548493,1.5257179737091064,-1.5707918088883162,0.1272837240889515,0.4077656912111528,0.4077656912111528,0.23399999999999999,0.0,2.4903750228881836,1.6809210586547851,0.0,0.0,-1.5707918088883162,2.356198977679014,1.5057179737091064,3.7738079833984375,3.9269907865673304,1.0,0.0,0.0,0.0,720.0,0.0
1788870503.7262328,1788870503.7261386,1.5392860174179077,-1.5707918088883162,0.12000794090944834,0.39114749500051016,0.39114749500051016,0.23399999999999999,0.0,2.4838540363311767,1.6968749570846557,0.0,0.0,-1.5707918088883162,2.356198977679014,1.5192860174179077,3.765456895828247,3.9269907865673304,1.0,0.0,0.0,0.0,720.0,0.0
1788870503.800411,1788870503.8002572,1.5646239519119263,-1.5707918088883162,0.10728734679397682,0.3576679053186611,0.3576679053186611,0.24042436206819856,0.0,2.4714710521698,1.726371030807495,0.0,0.0,-1.5707918088883162,2.356198977679014,1.5446239519119263,3.750777940750122,3.9269907865673304,1.0,0.0,0.0,0.0,720.0,0.0
1788870503.8521607,1788870503.851845,1.5790129899978638,-1.5707918088883162,0.09883471123962753,0.32869012477236403,0.32869012477236403,0.26145483687261584,0.0,2.462991933822632,1.7471899795532226,0.0,0.0,-1.5707918088883162,2.356198977679014,1.5590129899978638,3.741784076690674,3.9269907865673304,1.0,0.0,0.0,0.0,720.0,0.0
1788870503.9250293,1788870503.9248517,1.5971050262451172,-1.5707918088883162,0.08605971530829232,0.291380799722284,0.291380799722284,0.28853188713814376,0.0,2.450215082168579,1.7789460229873657,0.0,0.0,-1.5707918088883162,2.356198977679014,1.5771050262451172,3.726691942214966,3.9269907865673304,1.0,0.0,0.0,0.0,720.0,0.0
1788870503.9780576,1788870503.9779506,1.6097749471664429,-1.5707918088883162,0.0780205164806669,0.26218019683337906,0.26218019683337906,0.3097240741087012,0.0,2.4412460136413574,1.8009279775619507,0.0,0.0,-1.5707918088883162,2.356198977679014,1.5897749471664429,3.7148830699920654,3.9269907865673304,1.0,0.0,0.0,0.0,720.0,0.0
1788870504.052329,1788870504.0522048,1.629323959350586,-1.5707918088883162,0.06638084180966121,0.2273471447036548,0.2273471447036548,0.3350039820714499,0.0,2.427364091873169,1.8344689416885376,0.0,0.0,-1.5707918088883162,2.356198977679014,1.609323959350586,3.6989090251922607,3.9269907865673304,1.0,0.0,0.0,0.0,720.0,0.0
1788870504.1266406,1788870504.1265094,1.6496020555496216,-1.5707918088883162,0.056303147271034616,0.19432319329821401,0.19432319329821401,0.3589709445123733,0.0,2.412694911956787,1.8687560367584228,0.0,0.0,-1.5707918088883162,2.356198977679014,1.6296020555496216,3.6794199752807617,3.9269907865673304,1.0,0.0,0.0,0.0,720.0,0.0
1788870504.1794326,1788870504.1792765,1.6638460159301758,-1.5707918088883162,0.048882024045511945,0.16779269185141096,0.16779269185141096,0.378225319129992,0.0,2.402234058380127,1.8925620126724243,0.0,0.0,-1.5707918088883162,2.356198977679014,1.6438460159301758,3.6661250400543213,3.9269907865673304,1.0,0.0,0.0,0.0,720.0,0.0
1788870504.2512767,1788870504.2511454,1.6860979795455933,-1.5707918088883162,0.03737388875245496,0.1340553183609224,0.1340553183609224,0.40271004397030075,0.0,2.385419111251831,1.9292360353469848,0.0,0.0,-1.5707918088883162,2.356198977679014,1.6660979795455932,3.646016101837158,3.9269907865673304,1.0,0.0,0.0,0.0,720.0,0.0
1788870504.323733,1788870504.3236253,1.708935022354126,-1.5707918088883162,0.026879629775610297,0.1004269662056438,0.1004269662056438,0.42711564713876116,0.0,2.367382984161377,1.9661479997634888,0.0,0.0,-1.5707918088883162,2.356198977679014,1.688935022354126,3.6223780918121338,3.9269907865673304,1.0,0.0,0.0,0.0,720.0,0.0
1788870504.3775878,1788870504.3775196,1.724382996559143,-1.5707918088883162,0.020125532289191457,0.075209282189482,0.075209282189482,0.44541725127577697,0.0,2.3547239112854004,1.9821231174468994,0.0,0.0,-1.5707918088883162,2.356198977679014,1.704382996559143,3.603744010925293,3.9269907865673304,1.0,0.0,0.0,0.0,720.0,0.0
1788870504.4518325,1788870504.4516153,1.7473440170288086,-1.5707918088883162,0.009915033733906406,0.04477246022079495,0.04477246022079495,0.467506617868789,0.0,2.334757070541382,1.997549991607666,0.0,0.0,-1.5707918088883162,2.356198977679014,1.7273440170288086,3.578351001739502,3.9269907865673304,1.0,0.0,0.0,0.0,720.0,0.0
1788870504.505147,1788870504.5050828,1.7619010210037231,-1.5707918088883162,0.004100188012291327,0.02261615921377106,0.02261615921377106,0.48358643907327536,0.0,2.3209249782562256,2.0065400409698486,0.0,0.0,-1.5707918088883162,2.356198977679014,1.7419010210037231,3.5586030292510986,3.9269907865673304,1.0,0.0,0.0,0.0,720.0,0.0
1788870504.5766091,1788870504.5764658,1.783182978630066,-1.5707918088883162,-0.005899675828607775,-0.006430426091950098,-0.006430426091950098,0.4953331514229545,0.0,2.2992501068115234,2.0186691093444824,0.0,0.0,-1.5707918088883162,2.356198977679014,1.763182978630066,3.5263969707489013,3.9269907865673304,1.0,0.0,0.0,0.0,720.0,0.0
1788870504.6299005,1788870504.6292062,1.7961839437484741,-1.5707918088883162,-0.010738813140565311,-0.025984069262451327,-0.025984069262451327,0.48114219572243794,0.0,2.2843880462646484,2.025008897781372,0.0,0.0,-1.5707918088883162,2.356198977679014,1.776183943748474,3.504522066116333,3.9269907865673304,1.0,0.0,0.0,0.0,720.0,0.0
1788870504.7001867,1788870504.7000659,1.8140490055084229,-1.5707918088883162,-0.018053149042310392,-0.04823427463351068,-0.04823427463351068,0.4649942239099808,0.0,2.261975030899048,2.0324189472198486,0.0,0.0,-1.5707918088883162,2.356198977679014,1.7940490055084228,3.472141008377075,3.9269907865673304,1.0,0.0,0.0,0.0,720.0,0.0
1788870504.7561643,1788870504.7560418,1.824046015739441,-1.5707918088883162,-0.021627703304881847,-0.06291633779298854,-0.06291633779298854,0.45433879228163554,0.0,2.247045021057129,2.0350179481506347,0.0,0.0,-1.5707918088883162,2.356198977679014,1.804046015739441,3.4472110080718994,3.9269907865673304,1.0,0.0,0.0,0.0,720.0,0.0
1788870504.8262305,1788870504.8259919,1.8368350267410278,-1.5707918088883162,-0.026149021799360402,-0.07744871016846387,-0.07744871016846387,0.4437919979678833,0.0,2.225342969894409,2.0366399097442627,0.0,0.0,-1.5707918088883162,2.356198977679014,1.8168350267410278,3.4122359561920166,3.9269907865673304,1.0,0.0,0.0,0.0,720.0,0.0
1788870504.8788962,1788870504.8787491,1.8434209823608398,-1.5707918088883162,-0.028403994698567758,-0.08685956117533095,-0.08685956117533095,0.4369621213777201,0.0,2.2115549850463867,2.0358021068573,0.0,0.0,-1.5707918088883162,2.356198977679014,1.8234209823608398,3.389919023513794,3.9269907865673304,1.0,0.0,0.0,0.0,720.0,0.0
1788870504.9504302,1788870504.950346,1.8513309955596924,-1.5707918088883162,-0.03285758217034564,-0.09965885241417352,-0.09965885241417352,0.4276731017620589,0.0,2.191982011795044,2.0328359413146972,0.0,0.0,-1.5707918088883162,2.356198977679014,1.8313309955596924,3.3555810260772705,3.9269907865673304,1.0,0.0,0.0,0.0,720.0,0.0
1788870505.0038648,1788870505.003722,1.8552320003509521,-1.5707918088883162,-0.03405331935323804,-0.10617709107550528,-0.10617709107550528,0.42294252366559965,0.0,2.1795949745178222,2.0296089458465576,0.0,0.0,-1.5707918088883162,2.356198977679014,1.8352320003509521,3.334219913482666,3.9269907865673304,1.0,0.0,0.0,0.0,720.0,0.0
1788870505.07619,1788870505.0760896,1.8597769737243652,-1.5707918088883162,-0.035279518731556096,-0.11087924928133724,-0.11087924928133724,0.4195299565949042,0.0,2.162102918624878,2.0238408851623535,0.0,0.0,-1.5707918088883162,2.356198977679014,1.8397769737243652,3.3024430084228515,3.9269907865673304,1.0,0.0,0.0,0.0,720.0,0.0
1788870505.128675,1788870505.128575,1.8618170022964478,-1.5707918088883162,-0.03566126474308705,-0.11314500780891618,-0.11314500780891618,0.41788559402714254,0.0,2.151009063720703,2.0191440391540527,0.0,0.0,-1.5707918088883162,2.356198977679014,1.8418170022964477,3.2819990921020508,3.9269907865673304,1.0,0.0,0.0,0.0,720.0,0.0
1788870505.2002594,1788870505.2001903,1.864104986190796,-1.5707918088883162,-0.03594116833774805,-0.11445171941923048,-0.11445171941923048,0.41693725481415667,0.0,2.134768943786621,2.0113661098480224,0.0,0.0,-1.5707918088883162,2.356198977679014,1.8441049861907959,3.249990921020508,3.9269907865673304,1.0,0.0,0.0,0.0,720.0,0.0
1788870505.254476,1788870505.2543213,1.8651959896087646,-1.5707918088883162,-0.03761792692072515,-0.1185996721281935,-0.1185996721281935,0.41392689952499323,0.0,2.124170045852661,2.0057749557495117,0.0,0.0,-1.5707918088883162,2.356198977679014,1.8451959896087646,3.2302400875091553,3.9269907865673304,1.0,0.0,0.0,0.0,720.0,0.0
1788870505.3248935,1788870505.3247008,1.8665130138397217,-1.5707918088883162,-0.03734090268720562,-0.11922352365779865,-0.11922352365779865,0.41347414249434017,0.0,2.1085879611968994,1.9971279907226562,0.0,0.0,-1.5707918088883162,2.356198977679014,1.8465130138397217,3.198878984451294,3.9269907865673304,1.0,0.0,0.0,0.0,720.0,0.0
1788870505.3783302,1788870505.3782203,1.8672070503234863,-1.5707918088883162,-0.03703865680443556,-0.11873364833927527,-0.11873364833927527,0.4138296669806635,0.0,2.0983810234069824,1.9912199783325195,0.0,0.0,-1.5707918088883162,2.356198977679014,1.8472070503234863,3.17685697555542,3.9269907865673304,1.0,0.0,0.0,0.0,720.0,0.0
1788870505.449754,1788870505.4493039,1.8678059577941895,-1.5707918088883162,-0.03634485344318083,-0.11703256621450764,-0.11703256621450764,0.4150642185608997,0.0,2.083938102722168,1.9823109912872314,0.0,0.0,-1.5707918088883162,2.356198977679014,1.8478059577941894,3.1460869121551513,3.9269907865673304,1.0,0.0,0.0,0.0,720.0,0.0
1788870505.5007265,1788870505.5005882,1.8680540323257446,-1.5707918088883162,-0.037467858058465156,-0.11903777191531424,-0.11903777191531424,0.4136089508635993,0.0,2.0747160720825195,1.9764100122451782,0.0,0.0,-1.5707918088883162,2.356198977679014,1.8480540323257446,3.127078037261963,3.9269907865673304,1.0,0.0,0.0,0.0,720.0,0.0
1788870505.575567,1788870505.5754836,1.8683600425720215,-1.5707918088883162,-0.03650892124291767,-0.11749131515872986,-0.11749131515872986,0.41473128388021896,0.0,2.0611259746551513,1.9675659942626953,0.0,0.0,-1.5707918088883162,2.356198977679014,1.8483600425720215,3.0976509857177734,3.9269907865673304,1.0,0.0,0.0,0.0,720.0,0.0
1788870505.6303082,1788870505.63022,1.8685729503631592,-1.5707918088883162,-0.035824622997646244,-0.11549455006234655,-0.11549455006234655,0.4161804258523841,0.0,2.0518870162963867,1.961505036354065,0.0,0.0,-1.5707918088883162,2.356198977679014,1.8485729503631592,3.0761670875549316,3.9269907865673304,1.0,0.0,0.0,0.0,720.0,0.0
1788870505.7006898,1788870505.700586,1.8687200546264648,-1.5707918088883162,-0.03468507958958639,-0.11234294329937747,-0.11234294329937747,0.4184676882090079,0.0,2.038448076248169,1.9523949432373047,0.0,0.0,-1.5707918088883162,2.356198977679014,1.8487200546264648,3.0451381015777588,3.9269907865673304,1.0,0.0,0.0,0.0,720.0,0.0
1788870505.7525592,1788870505.7524478,1.8687959909439087,-1.5707918088883162,-0.03282307646005155,-0.10722657426032872,-0.10722657426032872,0.42218086665598753,0.0,2.029539089202881,1.9462599563598633,0.0,0.0,-1.5707918088883162,2.356198977679014,1.8487959909439087,3.0260619926452637,3.9269907865673304,1.0,0.0,0.0,0.0,720.0,0.0
1788870505.8248813,1788870505.8247888,1.8689229488372803,-1.5707918088883162,-0.03305871209940395,-0.10621948738076346,-0.10621948738076346,0.42291175476567966,0.0,2.0160679626464844,1.9369109678268432,0.0,0.0,-1.5707918088883162,2.356198977679014,1.8489229488372803,2.99377010345459,3.9269907865673304,1.0,0.0,0.0,0.0,720.0,0.0
1788870505.8760462,1788870505.8759305,1.8690979480743408,-1.5707918088883162,-0.03218580611719569,-0.10396205191674737,-0.10396205191674737,0.42455007691297936,0.0,2.007209997177124,1.9307919549942016,0.0,0.0,-1.5707918088883162,2.356198977679014,1.8490979480743408,2.971858959197998,3.9269907865673304,1.0,0.0,0.0,0.0,720.0,0.0
1788870505.949667,1788870505.9495928,1.8695930242538452,-1.5707918088883162,-0.03105520143477481,-0.1007522667889198,-0.1007522667889198,0.4268795619178962,0.0,1.9940399932861328,1.9218909549713135,0.0,0.0,-1.5707918088883162,2.356198977679014,1.8495930242538452,2.9402859020233154,3.9269907865673304,1.0,0.0,0.0,0.0,720.0,0.0
1788870506.0019727,1788870506.0018408,1.8699289560317993,-1.5707918088883162,-0.030254906055282152,-0.09799666960050797,-0.09799666960050797,0.42887942236785137,0.0,1.9854149627685547,1.915994029045105,0.0,0.0,-1.5707918088883162,2.356198977679014,1.8499289560317993,2.91994402885437,3.9269907865673304,1.0,0.0,0.0,0.0,720.0,0.0
1788870506.0745828,1788870506.074448,1.870447039604187,-1.5707918088883162,-0.030527783345764788,-0.09778123557466552,-0.09778123557466552,0.4290357725011977,0.0,1.9726459789276123,1.9072030591964722,0.0,0.0,-1.5707918088883162,2.356198977679014,1.850447039604187,2.8880679416656494,3.9269907865673304,1.0,0.0,0.0,0.0,720.0,0.0
1788870506.1268666,1788870506.1267018,1.8708839416503906,-1.5707918088883162,-0.029726774695229292,-0.09592234598971328,-0.09592234598971328,0.4303848520319117,0.0,1.9642389822006225,1.9014580059051513,0.0,0.0,-1.5707918088883162,2.356198977679014,1.8508839416503906,2.866033058166504,3.9269907865673304,1.0,0.0,0.0,0.0,720.0,0.0
1788870506.2005455,1788870506.200438,1.8715059757232666,-1.5053419624455273,-0.02857330426379226,-0.09278090534780864,-0.09278090534780864,0.4326647363785957,0.0,1.9518010425567627,1.8929250049591064,0.0,0.0,-1.5707918088883162,2.356198977679014,1.8515059757232666,2.8344540405273437,3.9269907865673304,1.0,0.0,0.0,0.0,720.0,0.0
1788870506.253928,1788870506.253801,1.868293046951294,-1.5009786393493414,-0.02779915579664043,-0.09010438058881716,-0.09010438058881716,0.43460721042064454,0.0,1.9436470079421997,1.887196044921875,0.0,0.0,-1.5707918088883162,2.356198977679014,1.848293046951294,2.8124880599975586,3.9269907865673304,1.0,0.0,0.0,0.0,720.0,0.0
1788870506.325405,1788870506.325294,1.863284945487976,-1.4922519931569695,-0.02661887710589747,-0.08665759889385549,-0.08665759889385549,0.4371086944620606,0.0,1.9316030550003052,1.8786289501190185,0.0,0.0,-1.5707918088883162,2.356198977679014,1.843284945487976,2.780926923751831,3.9269907865673304,1.0,0.0,0.0,0.0,720.0,0.0
1788870506.3761363,1788870506.3759916,1.8598519563674927,-1.4835253469645977,-0.02582317381572641,-0.08384118901538382,-0.08384118901538382,0.43915268940823937,0.0,1.9236700344085693,1.8729929733276367,0.0,0.0,-1.5707918088883162,2.356198977679014,1.8398519563674927,2.759387950897217,3.9269907865673304,1.0,0.0,0.0,0.0,720.0,0.0
1788870506.4511347,1788870506.4510198,1.8545299768447876,-1.4791620238684118,-0.026172657206176203,-0.08377910884644985,-0.08377910884644985,0.4391977437707201,0.0,1.9119219589233398,1.8645939636230469,0.0,0.0,-1.5707918088883162,2.356198977679014,1.8345299768447876,2.7278020191192627,3.9269907865673304,1.0,0.0,0.0,0.0,720.0,0.0
1788870506.509204,1788870506.508332,1.8508859872817993,-1.47043537767604,-0.02546120327799882,-0.08216682799665231,-0.08216682799665231,0.4403678482835602,0.0,1.9041820573806763,1.8590680170059204,0.0,0.0,-1.5707918088883162,2.356198977679014,1.8308859872817993,2.7061810302734375,3.9269907865673304,1.0,0.0,0.0,0.0,720.0,0.0
1788870506.5774887,1788870506.577382,1.8452999591827393,-1.461708731483668,-0.024525999970395673,-0.079588288332682,-0.079588288332682,0.44223921014816814,0.0,1.8926839637756347,1.8508469867706299,0.0,0.0,-1.5707918088883162,2.356198977679014,1.8252999591827392,2.6751239109039306,3.9269907865673304,1.0,0.0,0.0,0.0,720.0,0.0
1788870506.6505113,1788870506.6503954,1.8394720554351807,-1.4573454083874822,-0.023516785786607246,-0.07655408666180484,-0.07655408666180484,0.44444126636461834,0.0,1.881412010192871,1.8425409603118896,0.0,0.0,-1.5707918088883162,2.356198977679014,1.8194720554351806,2.643094997406006,3.9269907865673304,1.0,0.0,0.0,0.0,720.0,0.0
1788870506.7117178,1788870506.7116127,1.8353430032730103,-1.4486187621951103,-0.021487783950869987,-0.07109886204849022,-0.07109886204849022,0.448400367497276,0.0,1.8737660455703735,1.8368060398101806,0.0,0.0,-1.5707918088883162,2.356198977679014,1.8153430032730102,2.6215390968322754,3.9269907865673304,1.0,0.0,0.0,0.0,720.0,0.0
1788870506.7758303,1788870506.775665,1.8288589715957642,-1.4442554390989244,-0.021931172984264304,-0.07045548609929911,-0.07045548609929911,0.44886729427476385,0.0,1.8621640014648437,1.8280509519577026,0.0,0.0,-1.5707918088883162,2.356198977679014,1.8088589715957641,2.586700897216797,3.9269907865673304,1.0,0.0,0.0,0.0,720.0,0.0
1788870506.8327968,1788870506.8327286,1.8244370222091675,-1.4355287929065526,-0.021307983399248765,-0.06886652864410696,-0.06886652864410696,0.4500204719542386,0.0,1.8545059967041015,1.822242956161499,0.0,0.0,-1.5707918088883162,2.356198977679014,1.8044370222091675,2.5644130516052246,3.9269907865673304,1.0,0.0,0.0,0.0,720.0,0.0
1788870506.9000297,1788870506.8999355,1.817723035812378,-1.4311654698103666,-0.020554323255404457,-0.06670164268533807,-0.06670164268533807,0.4515916267753467,0.0,1.8430850315093994,1.8136739540100097,0.0,0.0,-1.5707918088883162,2.356198977679014,1.797723035812378,2.5307900714874267,3.9269907865673304,1.0,0.0,0.0,0.0,720.0,0.0
1788870506.955377,1788870506.9552732,1.813148021697998,-1.4268021467141807,-0.020013261739458443,-0.06484019910198834,-0.06484019910198834,0.4529425598572277,0.0,1.8355740118026733,1.8079340267181396,0.0,0.0,-1.5707918088883162,2.356198977679014,1.793148021697998,2.5082130241394043,3.9269907865673304,1.0,0.0,0.0,0.0,720.0,0.0
1788870507.0272279,1788870507.0271368,1.8061189651489258,-1.4180755005218089,-0.019243842699641637,-0.06255826737779378,-0.06255826737779378,0.4545986600390343,0.0,1.824472050666809,1.7992859888076782,0.0,0.0,-1.5707918088883162,2.356198977679014,1.7861189651489258,2.4741859245300293,3.9269907865673304,1.0,0.0,0.0,0.0,720.0,0.0
1788870507.0814624,1788870507.0813143,1.8013609647750854,-1.413712177425623,-0.020416532530406147,-0.06450051308144791,-0.06450051308144791,0.4531890852350072,0.0,1.81713698387146,1.7935390281677246,0.0,0.0,-1.5707918088883162,2.356198977679014,1.7813609647750854,2.4514770317077637,3.9269907865673304,1.0,0.0,0.0,0.0,720.0,0.0
1788870507.1498375,1788870507.1496534,1.7940930128097534,-1.409348854329437,-0.01990032035434281,-0.06392687151816227,-0.06392687151816227,0.45360540264151705,0.0,1.806261043548584,1.7848830032348633,0.0,0.0,-1.5707918088883162,2.356198977679014,1.7740930128097534,2.418244104385376,3.9269907865673304,1.0,0.0,0.0,0.0,720.0,0.0
1788870507.2060573,1788870507.2059696,1.7891720533370972,-1.404985531233251,-0.019747039690229343,-0.06341143036156241,-0.06341143036156241,0.4539794814029914,0.0,1.794844012260437,1.7791290092468262,0.0,0.0,-1.5707918088883162,2.356198977679014,1.7691720533370972,2.3958780574798584,3.9269907865673304,1.0,0.0,0.0,0.0,720.0,0.0
1788870507.2755203,1788870507.2749965,1.7815680503845215,-1.3962588850408792,-0.01959825938150387,-0.06292353012303739,-0.06292353012303739,0.4543335724851906,0.0,1.7769859838485718,1.770310025215149,0.0,0.0,-1.5707918088883162,2.356198977679014,1.7615680503845215,2.361098985671997,3.9269907865673304,1.0,0.0,0.0,0.0,720.0,0.0
1788870507.3283222,1788870507.3282106,1.7763899564743042,-1.3918955619446933,-0.019592749928248443,-0.06276481887618772,-0.06276481887618772,0.45444875635418003,0.0,1.765187005996704,1.7643689918518066,0.0,0.0,-1.5707918088883162,2.356198977679014,1.7563899564743042,2.3386270809173584,3.9269907865673304,1.0,0.0,0.0,0.0,720.0,0.0
1788870507.400545,1788870507.4003665,1.7676359415054321,0.9730255561880767,-0.019569210973670086,-0.3580262865066528,-0.2931787164761877,0.12,-1.0,1.7476359415054321,1.755370955467224,0.0,0.0,-1.5707918088883162,2.356198977679014,1.7476359415054321,2.305140953063965,3.9269907865673304,1.0,0.0,0.0,1.0,720.0,0.0
1788870507.4778492,1788870507.4776819,1.7502440214157104,0.9817522023804486,-0.01959411812598628,-0.3623394826889038,-0.3623394826889038,0.12,-1.0,1.7302440214157104,1.744464020729065,0.0,0.0,-1.5707918088883162,2.356198977679014,1.7302440214157104,2.2711629676818847,3.9269907865673304,1.0,0.0,0.0,1.0,720.0,0.0
1788870507.5508683,1788870507.5507705,1.7330390214920044,0.9861155254766345,-0.01941719529412737,-0.3666063226699829,-0.3666063226699829,0.12,-1.0,1.7130390214920044,1.7285779523849487,0.0,0.0,-1.5707918088883162,2.356198977679014,1.7130390214920044,2.2371210861206055,3.9269907865673304,1.0,0.0,0.0,1.0,720.0,0.0
1788870507.6258905,1788870507.6257675,1.725864052772522,0.9948421716690063,-0.018248053507236645,-0.36838571491241456,-0.36838571491241456,0.12,-1.0,1.705864052772522,1.7204919862747192,0.0,0.0,-1.5707918088883162,2.356198977679014,1.705864052772522,2.2217991161346435,3.9269907865673304,1.0,0.0,0.0,1.0,720.0,0.0
1788870507.6784763,1788870507.67839,1.7259639501571655,0.9948421716690063,-0.018241547880906525,-0.36836094036102296,-0.36836094036102296,0.12,-1.0,1.7059639501571655,1.720576982498169,0.0,0.0,-1.5707918088883162,2.356198977679014,1.7059639501571655,2.221997003555298,3.9269907865673304,1.0,0.0,0.0,1.0,720.0,0.0
1788870507.7514272,1788870507.7511961,1.7261079549789429,0.9948421716690063,-0.01823056026952067,-0.36832522716522215,-0.36832522716522215,0.12,-1.0,1.7061079549789429,1.7207000064849853,0.0,0.0,-1.5707918088883162,2.356198977679014,1.7061079549789429,2.222281913757324,3.9269907865673304,1.0,0.0,0.0,1.0,720.0,0.0
1788870507.8045678,1788870507.8044572,1.7261799573898315,0.9948421716690063,-0.01822473910684082,-0.36830737056732177,-0.36830737056732177,0.12,-1.0,1.7061799573898315,1.720757942199707,0.0,0.0,-1.5707918088883162,2.356198977679014,1.7061799573898315,2.2224190044403076,3.9269907865673304,1.0,0.0,0.0,1.0,720.0,0.0
1788870507.8753347,1788870507.8752573,1.7262619733810425,0.9948421716690063,-0.018215518403841956,-0.3682870306015015,-0.3682870306015015,0.12,-1.0,1.7062619733810425,1.720825057029724,0.0,0.0,-1.5707918088883162,2.356198977679014,1.7062619733810425,2.2225780296325683,3.9269907865673304,1.0,0.0,0.0,1.0,720.0,0.0
1788870507.9313607,1788870507.9312801,1.725250005722046,0.9992054947651923,-0.016877231081882063,-0.3685379985809326,-0.3685379985809326,0.12,-1.0,1.7052500057220459,1.7181449937820434,0.0,0.0,-1.5707918088883162,2.356198977679014,1.7052500057220459,2.2184870052337646,3.9269907865673304,1.0,0.0,0.0,1.0,720.0,0.0
1788870508.0010815,1788870508.0009785,1.7229180335998535,1.0079321409575641,-0.013775501655787815,-0.36911632766723634,-0.36911632766723634,0.12,-1.0,1.7029180335998535,1.7117090034484863,0.0,0.0,-1.5707918088883162,2.356198977679014,1.7029180335998535,2.210254888534546,3.9269907865673304,1.0,0.0,0.0,1.0,720.0,0.0
1788870508.0551794,1788870508.055084,1.7214000225067139,1.01229546405375,-0.011660834822796803,-0.36949279441833494,-0.36949279441833494,0.12,-1.0,1.7014000225067138,1.7073039817810058,0.0,0.0,-1.5707918088883162,2.356198977679014,1.7014000225067138,2.203522901535034,3.9269907865673304,1.0,0.0,0.0,1.0,720.0,0.0
1788870508.1251564,1788870508.1250958,1.7191749811172485,1.0253854333423078,-0.008491780917924135,-0.37004460468292233,-0.37004460468292233,0.12,-1.0,1.6991749811172485,1.7006469774246216,0.0,0.0,-1.5707918088883162,2.356198977679014,1.6991749811172485,2.1946339416503906,3.9269907865673304,1.0,0.0,0.0,1.0,720.0,0.0
1788870508.1802595,1788870508.1801827,1.716163992881775,-1.0908262683078647,-0.006363364805317292,-0.3707913297653198,-0.3707913297653198,0.12,-1.0,1.6977590131759643,1.6961639928817749,0.0,0.0,-1.5707918088883162,2.356198977679014,1.6961639928817749,2.18912504196167,3.9269907865673304,1.0,0.0,0.0,1.0,720.0,0.0
1788870508.2502322,1788870508.2501283,1.70940101146698,-1.077736299019307,-0.0031800006138917557,-0.37246854915618893,-0.37246854915618893,0.12,-1.0,1.6957009840011597,1.68940101146698,0.0,0.0,-1.5707918088883162,2.356198977679014,1.68940101146698,2.179841022491455,3.9269907865673304,1.0,0.0,0.0,1.0,720.0,0.0
1788870508.3024445,1788870508.30236,1.7048389911651611,-1.073372975923121,-0.001045975642388238,-0.37359993019104004,-0.37359993019104004,0.12,-1.0,1.6943909931182861,1.6848389911651611,0.0,0.0,-1.5707918088883162,2.356198977679014,1.6848389911651611,2.1733279037475586,3.9269907865673304,1.0,0.0,0.0,1.0,720.0,0.0
1788870508.3750753,1788870508.3749225,1.697962999343872,-1.0646463297307491,0.002176110825528045,-0.3753051761627197,-0.3753051761627197,0.12,-1.0,1.6925029563903808,1.677962999343872,0.0,0.0,-1.5707918088883162,2.356198977679014,1.677962999343872,2.1650759983062744,3.9269907865673304,1.0,0.0,0.0,1.0,720.0,0.0
1788870508.427891,1788870508.4277189,1.693323016166687,-1.0559196835383773,0.004334028604220787,-0.3764558919906616,-0.3764558919906616,0.12,-1.0,1.6913020420074463,1.673323016166687,0.0,0.0,-1.5707918088883162,2.356198977679014,1.673323016166687,2.1595790195465088,3.9269907865673304,1.0,0.0,0.0,1.0,720.0,0.0
1788870508.5051422,1788870508.5050015,1.6863240003585815,-1.0471930373460054,0.007669462902310318,-0.37819164791107174,-0.37819164791107174,0.12,-1.0,1.6895990180969238,1.6663240003585815,0.0,0.0,-1.5707918088883162,2.356198977679014,1.6663240003585815,2.1504649925231933,3.9269907865673304,1.0,0.0,0.0,1.0,720.0,0.0
1788870508.5600533,1788870508.5599408,1.6815999746322632,-1.0384663911536336,0.00993978126505081,-0.37936320629119874,-0.37936320629119874,0.12,-1.0,1.688521008491516,1.6615999746322632,0.0,0.0,-1.5707918088883162,2.356198977679014,1.6615999746322632,2.144202928543091,3.9269907865673304,1.0,0.0,0.0,1.0,720.0,0.0
1788870508.6267014,1788870508.6265728,1.6744840145111084,-1.0297397449612617,0.013396511148590575,-0.3811279644012451,-0.3811279644012451,0.12,-1.0,1.6869989442825317,1.6544840145111084,0.0,0.0,-1.5707918088883162,2.356198977679014,1.6544840145111084,2.1354930210113525,3.9269907865673304,1.0,0.0,0.0,1.0,720.0,0.0
1788870508.6787224,1788870508.6786323,1.6696770191192627,-1.02101309876889,0.015748471032974286,-0.3823200992584228,-0.3823200992584228,0.12,-1.0,1.6860420513153076,1.6496770191192627,0.0,0.0,-1.5707918088883162,2.356198977679014,1.6496770191192627,2.1299829292297363,3.9269907865673304,1.0,0.0,0.0,1.0,720.0,0.0
1788870508.750176,1788870508.7500038,1.662438988685608,-1.012286452576518,0.019326592700656224,-0.3841151308059692,-0.3841151308059692,0.12,-1.0,1.6847090530395508,1.642438988685608,0.0,0.0,-1.5707918088883162,2.356198977679014,1.642438988685608,2.121732931137085,3.9269907865673304,1.0,0.0,0.0,1.0,720.0,0.0
1788870508.804429,1788870508.804358,1.657554030418396,-1.0035598063841462,0.02174780048756094,-0.3853266004562378,-0.3853266004562378,0.12,-1.0,1.683881025314331,1.637554030418396,0.0,0.0,-1.5707918088883162,2.356198977679014,1.637554030418396,2.116228084564209,3.9269907865673304,1.0,0.0,0.0,1.0,720.0,0.0
1788870508.8756814,1788870508.8755705,1.650189995765686,-0.9948331601917744,0.02542630248819913,-0.38715288105010986,-0.38715288105010986,0.12,-1.0,1.682733039855957,1.630189995765686,0.0,0.0,-1.5707918088883162,2.356198977679014,1.630189995765686,2.1074280548095703,3.9269907865673304,1.0,0.0,0.0,1.0,720.0,0.0
1788870508.9336505,1788870508.933268,1.645231008529663,-0.9861065139994025,0.02792088274867417,-0.3883827098846435,-0.3883827098846435,0.12,-1.0,1.6820330429077148,1.625231008529663,0.0,0.0,-1.5707918088883162,2.356198977679014,1.625231008529663,2.101587038040161,3.9269907865673304,1.0,0.0,0.0,1.0,720.0,0.0
1788870509.00658,1788870509.0063486,1.6377500295639038,-0.9730165447108448,0.031703127128856416,-0.39023799266815185,-0.39023799266815185,0.12,-1.0,1.6810730504989624,1.6177500295639038,0.0,0.0,-1.5707918088883162,2.356198977679014,1.6177500295639038,2.092916946411133,3.9269907865673304,1.0,0.0,0.0,1.0,720.0,0.0
1788870509.0817301,1788870509.0815759,1.6301790475845337,-0.9642898985184729,0.03556839423528253,-0.39211559619903563,-0.39211559619903563,0.12,-1.0,1.6802300024032593,1.6101790475845337,0.0,0.0,-1.5707918088883162,2.356198977679014,1.6101790475845337,2.084374885559082,3.9269907865673304,1.0,0.0,0.0,1.0,720.0,0.0
1788870509.1537812,1788870509.1536322,1.622568964958191,-0.9555632523261011,0.03777592067174197,-0.39400289669036864,-0.39400289669036864,0.12,-1.0,1.6793299722671509,1.602568964958191,0.0,0.0,-1.5707918088883162,2.356198977679014,1.602568964958191,2.0759670543670654,3.9269907865673304,1.0,0.0,0.0,1.0,720.0,0.0
1788870509.2302916,1788870509.2297528,1.6148719787597656,-0.9424732830375433,0.04167991749612468,-0.3959117492675781,-0.3959117492675781,0.12,-1.0,1.6772179412841797,1.5948719787597656,0.0,0.0,-1.5707918088883162,2.356198977679014,1.5948719787597656,2.0676851081848144,3.9269907865673304,1.0,0.0,0.0,1.0,720.0,0.0
1788870509.303091,1788870509.3029923,1.6071120500564575,-0.9337466368451715,0.047309026006588005,-0.3978362115859985,-0.3978362115859985,0.12,-1.0,1.6752159404754638,1.5871120500564575,0.0,0.0,-1.5707918088883162,2.356198977679014,1.5871120500564575,2.0595300006866455,3.9269907865673304,1.0,0.0,0.0,1.0,720.0,0.0
1788870509.3572392,1788870509.3571608,1.601891040802002,-0.9250199906527996,0.04994687243136037,-0.3991310218811035,-0.3991310218811035,0.12,-1.0,1.673951964378357,1.581891040802002,0.0,0.0,-1.5707918088883162,2.356198977679014,1.581891040802002,2.054167013168335,3.9269907865673304,1.0,0.0,0.0,1.0,720.0,0.0
1788870509.4299784,1788870509.4298403,1.5940239429473877,-0.9119300213642418,0.05391862584010487,-0.40108206214904785,-0.40108206214904785,0.12,-1.0,1.672139983177185,1.5740239429473877,0.0,0.0,-1.5707918088883162,2.356198977679014,1.5740239429473877,2.0462479400634765,3.9269907865673304,1.0,0.0,0.0,1.0,720.0,0.0
1788870509.503307,1788870509.503141,1.586084008216858,-0.90320337517187,0.057953105991555426,-0.40305116596221924,-0.40305116596221924,0.12,-1.0,1.6704699802398681,1.566084008216858,0.0,0.0,-1.5707918088883162,2.356198977679014,1.566084008216858,2.0384750175476074,3.9269907865673304,1.0,0.0,0.0,1.0,720.0,0.0
1788870509.5773594,1788870509.5772834,1.5780949592590332,-0.8901134058833122,0.062036911781104445,-0.40503245010375977,-0.40503245010375977,0.12,-1.0,1.668889980316162,1.5580949592590332,0.0,0.0,-1.5707918088883162,2.356198977679014,1.5580949592590332,2.0308229732513428,3.9269907865673304,1.0,0.0,0.0,1.0,720.0,0.0
1788870509.651145,1788870509.6510239,1.570039987564087,-0.8813867596909404,0.06616297062897332,-0.40703008308410643,-0.40703008308410643,0.12,-1.0,1.6674489784240722,1.550039987564087,0.0,0.0,-1.5707918088883162,2.356198977679014,1.550039987564087,2.0232090759277344,3.9269907865673304,1.0,0.0,0.0,1.0,720.0,0.0
1788870509.7046523,1788870509.704542,1.5646300315856934,-0.8726601134985685,0.06892525210864824,-0.40837175216674804,-0.40837175216674804,0.12,-1.0,1.6665500211715698,1.5446300315856933,0.0,0.0,-1.5707918088883162,2.356198977679014,1.5446300315856933,2.017782907485962,3.9269907865673304,1.0,0.0,0.0,1.0,720.0,0.0
1788870509.775144,1788870509.7750297,1.556480050086975,-0.8595701442100108,0.07309172354651523,-0.41039294757843015,-0.41039294757843015,0.12,-1.0,1.6653009462356567,1.536480050086975,0.0,0.0,-1.5707918088883162,2.356198977679014,1.536480050086975,2.0096521186828613,3.9269907865673304,1.0,0.0,0.0,1.0,720.0,0.0
1788870509.8494096,1788870509.8493457,1.548251986503601,-0.8508434980176389,0.07729788869278978,-0.41243350734710693,-0.41243350734710693,0.12,-1.0,1.6641870546340942,1.528251986503601,0.0,0.0,-1.5707918088883162,2.356198977679014,1.528251986503601,2.001820068359375,3.9269907865673304,1.0,0.0,0.0,1.0,720.0,0.0
1788870509.9025102,1788870509.902407,1.5427379608154297,-0.8421168518252671,0.08010347581475535,-0.4138009857177734,-0.4138009857177734,0.12,-1.0,1.6634969520568847,1.5227379608154297,0.0,0.0,-1.5707918088883162,2.356198977679014,1.5227379608154297,1.997151117324829,3.9269907865673304,1.0,0.0,0.0,1.0,720.0,0.0
1788870509.976422,1788870509.9763458,1.5344209671020508,-0.8333902056328952,0.08430886340049082,-0.4158636001586914,-0.4158636001586914,0.12,-1.0,1.6625779676437378,1.5144209671020508,0.0,0.0,-1.5707918088883162,2.356198977679014,1.5144209671020508,1.9902620124816894,3.9269907865673304,1.0,0.0,0.0,1.0,720.0,0.0
1788870510.0500524,1788870510.0499678,1.526026964187622,-0.8203002363443375,0.08853922196687455,-0.41794531288146974,-0.41794531288146974,0.12,-1.0,1.6617879676818847,1.506026964187622,0.0,0.0,-1.5707918088883162,2.356198977679014,1.506026964187622,1.9822919178009033,3.9269907865673304,1.0,0.0,0.0,1.0,720.0,0.0
1788870510.1032681,1788870510.1031709,1.5204039812088013,-0.8115735901519656,0.09136014228745434,-0.41933981266021725,-0.41933981266021725,0.12,-1.0,1.6613160181045532,1.5004039812088013,0.0,0.0,-1.5707918088883162,2.356198977679014,1.5004039812088013,1.9770450401306152,3.9269907865673304,1.0,0.0,0.0,1.0,720.0,0.0
1788870510.1741471,1788870510.1740308,1.5119260549545288,-0.8028469439595938,0.0955782234092357,-0.42144233837127687,-0.42144233837127687,0.12,-1.0,1.660722951889038,1.4919260549545288,0.0,0.0,-1.5707918088883162,2.356198977679014,1.4919260549545288,1.9705320405960083,3.9269907865673304,1.0,0.0,0.0,1.0,720.0,0.0
1788870510.226618,1788870510.2265413,1.5062450170516968,-0.7941202977672219,0.09841067371748038,-0.42285123577117917,-0.42285123577117917,0.12,-1.0,1.6604100275039673,1.4862450170516968,0.0,0.0,-1.5707918088883162,2.356198977679014,1.4862450170516968,1.9659219789505005,3.9269907865673304,1.0,0.0,0.0,1.0,720.0,0.0
1788870510.297655,1788870510.297598,1.4976780414581299,-0.7810303284786642,0.10267387099441945,-0.42497584571838376,-0.42497584571838376,0.12,-1.0,1.6600299882888794,1.4776780414581299,0.0,0.0,-1.5707918088883162,2.356198977679014,1.4776780414581299,1.9580869483947754,3.9269907865673304,1.0,0.0,0.0,1.0,720.0,0.0
1788870510.3510416,1788870510.3508985,1.4919379949569702,-0.7723036822862923,0.10555761545367162,-0.42639937725067134,-0.42639937725067134,0.12,-1.0,1.6598460483551025,1.4719379949569702,0.0,0.0,-1.5707918088883162,2.356198977679014,1.4719379949569702,1.9540010499954223,3.9269907865673304,1.0,0.0,0.0,1.0,720.0,0.0
1788870510.4264534,1788870510.4262996,1.4832860231399536,-0.7635770360939205,0.1099542087220218,-0.4285450662612915,-0.4285450662612915,0.12,-1.0,1.6596879768371582,1.4632860231399536,0.0,0.0,-1.5707918088883162,2.356198977679014,1.4632860231399536,1.9470929908752441,3.9269907865673304,1.0,0.0,0.0,1.0,720.0,0.0
1788870510.4819944,1788870510.4817977,1.47748601436615,-0.7548503899015486,0.11291232756283434,-0.4299834684371948,-0.4299834684371948,0.12,-1.0,1.6596599626541138,1.4574860143661499,0.0,0.0,-1.5707918088883162,2.356198977679014,1.4574860143661499,1.9422219800949097,3.9269907865673304,1.0,0.0,0.0,1.0,720.0,0.0
1788870510.5540602,1788870510.5537364,1.4687449932098389,-0.7417604206129909,0.1173550323007957,-0.43215124168395996,-0.43215124168395996,0.12,-1.0,1.6597009706497192,1.4487449932098388,0.0,0.0,-1.5707918088883162,2.356198977679014,1.4487449932098388,1.9363809633255005,3.9269907865673304,1.0,0.0,0.0,1.0,720.0,0.0
1788870510.6078117,1788870510.6077332,1.4629030227661133,-0.733033774420619,0.11834917390706526,-0.4336000503540039,-0.4336000503540039,0.12,-1.0,1.6598059940338135,1.4429030227661133,0.0,0.0,-1.5707918088883162,2.356198977679014,1.4429030227661133,1.9311330127716064,3.9269907865673304,1.0,0.0,0.0,1.0,720.0,0.0
1788870510.6761045,1788870510.67603,1.4540940523147583,-0.7243071282282472,0.12273823097309217,-0.4357846750259399,-0.4357846750259399,0.12,-1.0,1.6600739765167236,1.4340940523147583,0.0,0.0,-1.5707918088883162,2.356198977679014,1.4340940523147583,1.9254120397567749,3.9269907865673304,1.0,0.0,0.0,1.0,720.0,0.0
1788870510.7543917,1788870510.754299,1.4452320337295532,-0.7112171589396894,0.1271282765049632,-0.43798245563507077,-0.43798245563507077,0.12,-1.0,1.6604779767990112,1.4252320337295532,0.0,0.0,-1.5707918088883162,2.356198977679014,1.4252320337295532,1.9183349418640137,3.9269907865673304,1.0,0.0,0.0,1.0,720.0,0.0
1788870510.8087893,1788870510.8086915,1.4392989873886108,-0.7024905127473176,0.1281653245429585,-0.4394538511276245,-0.4394538511276245,0.12,-1.0,1.6608090209960937,1.4192989873886108,0.0,0.0,-1.5707918088883162,2.356198977679014,1.4192989873886108,1.9148419904708862,3.9269907865673304,1.0,0.0,0.0,1.0,720.0,0.0
1788870510.8749776,1788870510.8748093,1.4303749799728394,-0.6894005434587598,0.132563325710339,-0.44166700496673583,-0.44166700496673583,0.12,-1.0,1.6614160346984863,1.4103749799728393,0.0,0.0,-1.5707918088883162,2.356198977679014,1.4103749799728393,1.908076982498169,3.9269907865673304,1.0,0.0,0.0,1.0,720.0,0.0
1788870510.929384,1788870510.9292448,1.4243969917297363,-0.6806738972663879,0.13548152834430705,-0.44314954605102536,-0.44314954605102536,0.12,-1.0,1.6618959712982178,1.4043969917297363,0.0,0.0,-1.5707918088883162,2.356198977679014,1.4043969917297363,1.904757957458496,3.9269907865673304,1.0,0.0,0.0,1.0,720.0,0.0
1788870511.0021963,1788870511.0021024,1.415403962135315,-0.6719472510740161,0.13984522900760019,-0.44537981739044186,-0.44537981739044186,0.12,-1.0,1.6627349662780762,1.395403962135315,0.0,0.0,-1.5707918088883162,2.356198977679014,1.395403962135315,1.8983109998703003,3.9269907865673304,1.0,0.0,0.0,1.0,720.0,0.0
1788870511.0571043,1788870511.0569193,1.409379005432129,-0.6632206048816442,0.14273086682018332,-0.446874006652832,-0.446874006652832,0.12,-1.0,1.6633829879760742,1.3893790054321289,0.0,0.0,-1.5707918088883162,2.356198977679014,1.3893790054321289,1.8948859977722168,3.9269907865673304,1.0,0.0,0.0,1.0,720.0,0.0
1788870511.1250455,1788870511.1249719,1.40031099319458,-0.6501306355930865,0.14700553497250263,-0.4491228736877441,-0.4491228736877441,0.12,-1.0,1.664669017791748,1.38031099319458,0.0,0.0,-1.5707918088883162,2.356198977679014,1.38031099319458,1.8890290069580078,3.9269907865673304,1.0,0.0,0.0,1.0,720.0,0.0
1788870511.177005,1788870511.1769388,1.3942489624023438,-0.6414039894007146,0.14981342714929263,-0.45062625732421874,-0.45062625732421874,0.12,-1.0,1.6623559999465942,1.3742489624023437,0.0,0.0,-1.5707918088883162,2.356198977679014,1.3742489624023437,1.884850959777832,3.9269907865673304,1.0,0.0,0.0,1.0,720.0,0.0
1788870511.2495742,1788870511.2494981,1.3851319551467896,-0.6283140201121569,0.15402352419437693,-0.45288727512359617,-0.45288727512359617,0.12,-1.0,1.6493060398101806,1.3651319551467895,0.0,0.0,-1.5707918088883162,2.356198977679014,1.3651319551467895,1.8800040292739868,3.9269907865673304,1.0,0.0,0.0,1.0,720.0,0.0
1788870511.3013103,1788870511.3011994,1.379032015800476,-0.619587373919785,0.15682098352039803,-0.4544000600814819,-0.4544000600814819,0.12,-1.0,1.6407929468154907,1.359032015800476,0.0,0.0,-1.5707918088883162,2.356198977679014,1.359032015800476,1.875988941192627,3.9269907865673304,1.0,0.0,0.0,1.0,720.0,0.0
1788870511.3750732,1788870511.3749628,1.3698580265045166,-0.6064974046312273,0.16092558387973213,-0.4566752094268799,-0.4566752094268799,0.12,-1.0,1.6229460048675537,1.3498580265045166,0.0,0.0,-1.5707918088883162,2.356198977679014,1.3498580265045166,1.870516996383667,3.9269907865673304,1.0,0.0,0.0,1.0,720.0,0.0
1788870511.427244,1788870511.4271321,1.3637269735336304,-0.5977707584388554,0.16361081094112004,-0.45819571056365965,-0.45819571056365965,0.12,-1.0,1.6094629573822021,1.3437269735336304,0.0,0.0,-1.5707918088883162,2.356198977679014,1.3437269735336304,1.867887954711914,3.9269907865673304,1.0,0.0,0.0,1.0,720.0,0.0
1788870511.501064,1788870511.500933,1.3545039892196655,-0.5890441122464836,0.1675730171555986,-0.46048301067352293,-0.46048301067352293,0.12,-1.0,1.5896370220184326,1.3345039892196655,0.0,0.0,-1.5707918088883162,2.356198977679014,1.3345039892196655,1.8627229738235473,3.9269907865673304,1.0,0.0,0.0,1.0,720.0,0.0
1788870511.555118,1788870511.555057,1.3483389616012573,-0.5803174660541117,0.17013039104918617,-0.46201193752288816,-0.46201193752288816,0.12,-1.0,1.5766700315475464,1.3283389616012573,0.0,0.0,-1.5707918088883162,2.356198977679014,1.3283389616012573,1.8589670467376709,3.9269907865673304,1.0,0.0,0.0,1.0,720.0,0.0
1788870511.6247609,1788870511.6246116,1.3390699625015259,-0.567227496765554,0.17388007296438648,-0.46431064929962157,-0.46431064929962157,0.12,-1.0,1.5576070356369018,1.3190699625015259,0.0,0.0,-1.5707918088883162,2.356198977679014,1.3190699625015259,1.8541480112075805,3.9269907865673304,1.0,0.0,0.0,1.0,720.0,0.0
1788870511.6776803,1788870511.6775863,1.3328789472579956,-0.5585008505731821,0.17634068457544974,-0.46584602108001705,-0.46584602108001705,0.12,-1.0,1.5451439428329468,1.3128789472579956,0.0,0.0,-1.5707918088883162,2.356198977679014,1.3128789472579956,1.8518630075454712,3.9269907865673304,1.0,0.0,0.0,1.0,720.0,0.0
1788870511.7501702,1788870511.750093,1.323570966720581,-0.5454108812846243,0.17988949526557677,-0.4681544002532959,-0.4681544002532959,0.12,-1.0,1.5268180179595947,1.303570966720581,0.0,0.0,-1.5707918088883162,2.356198977679014,1.303570966720581,1.8473419952392578,3.9269907865673304,1.0,0.0,0.0,1.0,720.0,0.0
1788870511.8239753,1788870511.8238633,1.3142420053482056,-0.5323209119960666,0.1832837990228405,-0.470467982673645,-0.470467982673645,0.12,-1.0,1.50892005443573,1.2942420053482055,0.0,0.0,-1.5707918088883162,2.356198977679014,1.2942420053482055,1.8455580282211304,3.9269907865673304,1.0,0.0,0.0,1.0,720.0,0.0
1788870511.8762348,1788870511.8761072,1.3080129623413086,-0.5235942658036947,0.18546195501965307,-0.4720127853393554,-0.4720127853393554,0.12,-1.0,1.497227053642273,1.2880129623413086,0.0,0.0,-1.5707918088883162,2.356198977679014,1.2880129623413086,1.8490259456634521,3.9269907865673304,1.0,0.0,0.0,1.0,720.0,0.0
1788870511.9522352,1788870511.9520926,1.2986550331115723,-0.510504296515137,0.1885799185106116,-0.47433355178833003,-0.47433355178833003,0.12,-1.0,1.480038981437683,1.2786550331115722,0.0,0.0,-1.5707918088883162,2.356198977679014,1.2786550331115722,1.8545319843292236,3.9269907865673304,1.0,0.0,0.0,1.0,720.0,0.0
1788870512.0087445,1788870512.0085704,1.2924079895019531,-0.5017776503227651,0.1905823719112163,-0.47588281860351556,-0.47588281860351556,0.12,-1.0,1.4688060092926025,1.272407989501953,0.0,0.0,-1.5707918088883162,2.356198977679014,1.272407989501953,1.8584270286560058,3.9269907865673304,1.0,0.0,0.0,1.0,720.0,0.0
1788870512.0780103,1788870512.0779223,1.2830259799957275,-0.48868768103420734,0.19564710148831171,-0.47820955696105955,-0.47820955696105955,0.12,-1.0,1.4523089933395386,1.2630259799957275,0.0,0.0,-1.5707918088883162,2.356198977679014,1.2630259799957275,1.8645690488815307,3.9269907865673304,1.0,0.0,0.0,1.0,720.0,0.0
1788870512.1530805,1788870512.1529377,1.2736339569091797,-0.4755977117456496,0.1982427349395493,-0.4805387786865234,-0.4805387786865234,0.12,-1.0,1.4362170505523681,1.2536339569091797,0.0,0.0,-1.5707918088883162,2.356198977679014,1.2536339569091797,1.8711290168762207,3.9269907865673304,1.0,0.0,0.0,1.0,720.0,0.0
1788870512.208339,1788870512.208132,1.2673670053482056,-0.46687106555327773,0.1998365372945692,-0.482092982673645,-0.482092982673645,0.12,-1.0,1.4257149505615234,1.2473670053482055,0.0,0.0,-1.5707918088883162,2.356198977679014,1.2473670053482055,1.8757279920578003,3.9269907865673304,1.0,0.0,0.0,1.0,720.0,0.0
1788870512.2774866,1788870512.2773752,1.2579610347747803,-0.45378109626471996,0.20203425180188633,-0.48442566337585447,-0.48442566337585447,0.12,-1.0,1.4102929639816284,1.2379610347747803,0.0,0.0,-1.5707918088883162,2.356198977679014,1.2379610347747803,1.8829920101165771,3.9269907865673304,1.0,0.0,0.0,1.0,720.0,0.0
1788870512.3324878,1788870512.3323293,1.2516850233078003,-0.4450544500723481,0.2004064302392585,-0.48598211421966553,-0.48598211421966553,0.12,-1.0,1.4002220439910888,1.2316850233078003,0.0,0.0,-1.5707918088883162,2.356198977679014,1.2316850233078003,1.8881089496612549,3.9269907865673304,1.0,0.0,0.0,1.0,720.0,0.0
1788870512.404045,1788870512.403906,1.2422690391540527,-0.43196448078379035,0.20204635599920504,-0.4883172782897949,-0.4883172782897949,0.12,-1.0,1.3854479598999023,1.2222690391540527,0.0,0.0,-1.5707918088883162,2.356198977679014,1.2222690391540527,1.8961570072174072,3.9269907865673304,1.0,0.0,0.0,1.0,720.0,0.0
1788870512.4798977,1788870512.4797502,1.2328530550003052,-0.4188745114952326,0.20336697636267723,-0.4906524423599243,-0.4906524423599243,0.12,-1.0,1.3710590410232544,1.2128530550003052,0.0,0.0,-1.5707918088883162,2.356198977679014,1.2128530550003052,1.9047030019760132,3.9269907865673304,1.0,0.0,0.0,1.0,720.0,0.0
1788870512.5564742,1788870512.5563872,1.2234359979629517,-0.4057845422066748,0.20437318754254433,-0.49298787250518794,-0.49298787250518794,0.12,-1.0,1.357055048942566,1.2034359979629516,0.0,0.0,-1.5707918088883162,2.356198977679014,1.2034359979629516,1.91373703956604,3.9269907865673304,1.0,0.0,0.0,1.0,720.0,0.0
1788870512.6304262,1788870512.6303074,1.214020013809204,-0.39269457291811705,0.20503816109986067,-0.49532303657531734,-0.49532303657531734,0.12,-1.0,1.3434209632873535,1.194020013809204,0.0,0.0,-1.5707918088883162,2.356198977679014,1.194020013809204,1.9233300495147705,3.9269907865673304,1.0,0.0,0.0,1.0,720.0,0.0
1788870512.703018,1788870512.7029576,1.204604983329773,-0.37524128053337336,0.20532211179614393,-0.49765796413421626,-0.49765796413421626,0.12,-1.0,1.3301590490341186,1.184604983329773,0.0,0.0,-1.5707918088883162,2.356198977679014,1.184604983329773,1.9334859657287597,3.9269907865673304,1.0,0.0,0.0,1.0,720.0,0.0
1788870512.7773802,1788870512.7772837,1.1951960325241089,-0.3621513112448156,0.20517391179456654,-0.499991383934021,-0.499991383934021,0.12,-1.0,1.3172639417648315,1.1751960325241089,0.0,0.0,-1.5707918088883162,2.356198977679014,1.1751960325241089,1.9442549753189087,3.9269907865673304,1.0,0.0,0.0,1.0,720.0,0.0
1788870512.837129,1788870512.8370423,1.1889289617538452,-0.35342466505244374,0.20485532341418644,-0.5015456174850463,-0.5015456174850463,0.12,-1.0,1.3088700580596924,1.1689289617538452,0.0,0.0,-1.5707918088883162,2.356198977679014,1.1689289617538452,1.9517910289764404,3.9269907865673304,1.0,0.0,0.0,1.0,720.0,0.0
1788870512.9062364,1788870512.906133,1.1795380115509033,-0.340334695763886,0.20679130100371848,-0.503874573135376,-0.503874573135376,0.12,-1.0,1.2965849447250366,1.1595380115509033,0.0,0.0,-1.5707918088883162,2.356198977679014,1.1595380115509033,1.9636310148239136,3.9269907865673304,1.0,0.0,0.0,1.0,720.0,0.0
1788870512.9797277,1788870512.979617,1.1701639890670776,-0.3272447264753282,0.20549913263775307,-0.5061993307113647,-0.5061993307113647,0.12,-1.0,1.284656982421875,1.1501639890670776,0.0,0.0,-1.5707918088883162,2.356198977679014,1.1501639890670776,1.9761860179901123,3.9269907865673304,1.0,0.0,0.0,1.0,720.0,0.0
1788870513.0566757,1788870513.0565095,1.16080904006958,-0.31415475718677044,0.2036614875651917,-0.5085193580627441,-0.5085193580627441,0.12,-1.0,1.273091058731079,1.14080904006958,0.0,0.0,-1.5707918088883162,2.356198977679014,1.14080904006958,1.9894430446624756,3.9269907865673304,1.0,0.0,0.0,1.0,720.0,0.0
1788870513.1281881,1788870513.128098,1.15146803855896,-0.30106478789821267,0.20127888019776394,-0.5108359264373779,-0.5108359264373779,0.12,-1.0,1.261877040863037,1.13146803855896,0.0,0.0,-1.5707918088883162,2.356198977679014,1.13146803855896,2.0034410762786865,3.9269907865673304,1.0,0.0,0.0,1.0,720.0,0.0
1788870513.2010849,1788870513.2010155,1.1421430110931396,-0.283611495513469,0.1944738638801393,-0.5131485332489013,-0.5131485332489013,0.12,-1.0,1.2510180282592773,1.1221430110931396,0.0,0.0,-1.5707918088883162,2.356198977679014,1.1221430110931396,2.0182680892944336,3.9269907865673304,1.0,0.0,0.0,1.0,720.0,0.0
1788870513.2569802,1788870513.256893,1.135938048362732,-0.27488484932109714,0.19201045034535777,-0.5146873640060424,-0.5146873640060424,0.12,-1.0,1.2439720439910888,1.115938048362732,0.0,0.0,-1.5707918088883162,2.356198977679014,1.115938048362732,2.0286319065093994,3.9269907865673304,1.0,0.0,0.0,1.0,720.0,0.0
1788870513.3257232,1788870513.3256435,1.1266570091247559,-0.26179488003253937,0.1876829117688412,-0.5169890617370605,-0.5169890617370605,0.12,-1.0,1.2266659545898437,1.1066570091247558,0.0,0.0,-1.5707918088883162,2.356198977679014,1.1066570091247558,2.0449540424346924,3.9269907865673304,1.0,0.0,0.0,1.0,720.0,0.0
1788870513.3790486,1788870513.3789659,1.1204849481582642,-0.2530682338401675,0.1844647080823047,-0.5185197328567505,-0.5185197328567505,0.12,-1.0,1.2143519926071167,1.1004849481582641,0.0,0.0,-1.5707918088883162,2.356198977679014,1.1004849481582641,2.0563731002807617,3.9269907865673304,1.0,0.0,0.0,1.0,720.0,0.0
1788870513.4517217,1788870513.4516017,1.1112569570541382,-0.23561494145542383,0.17901593326107076,-0.5208082746505738,-0.5208082746505738,0.12,-1.0,1.196302990913391,1.0912569570541382,0.0,0.0,-1.5707918088883162,2.356198977679014,1.0912569570541382,2.07430193901062,3.9269907865673304,1.0,0.0,0.0,1.0,720.0,0.0
1788870513.505089,1788870513.504954,1.1051150560379028,-0.226888295263052,0.1751058911332747,-0.5223314661026001,-0.5223314661026001,0.12,-1.0,1.1845279741287231,1.0851150560379028,0.0,0.0,-1.5707918088883162,2.356198977679014,1.0851150560379028,2.086842041015625,3.9269907865673304,1.0,0.0,0.0,1.0,720.0,0.0
1788870513.5774217,1788870513.5772674,1.0959320068359375,-0.21379832597449422,0.16847032253628183,-0.5236,-0.5236,0.12,-1.0,1.1672639656066894,1.0759320068359375,0.0,0.0,-1.5707918088883162,2.356198977679014,1.0759320068359375,2.106539945602417,3.9269907865673304,1.0,0.0,0.0,1.0,720.0,0.0
1788870513.677378,1788870513.6771512,1.0837539434432983,-0.19634503358975053,0.15404472654042273,-0.5236,-0.5236,0.12,-1.0,1.1449529933929443,1.0637539434432983,0.0,0.0,-1.5707918088883162,2.356198977679014,1.0637539434432983,2.134623031616211,3.9269907865673304,1.0,0.0,0.0,1.0,720.0,0.0
1788870513.7290223,1788870513.7289412,1.0776840448379517,-0.18325506430119276,0.1483113893622823,-0.5236,-0.5236,0.12,-1.0,1.134096007347107,1.0576840448379516,0.0,0.0,-1.5707918088883162,2.356198977679014,1.0576840448379516,2.148473958969116,3.9269907865673304,1.0,0.0,0.0,1.0,720.0,0.0
1788870513.7986116,1788870513.7985353,1.0686110258102417,-0.170165095012635,0.1389503112450366,-0.5236,-0.5236,0.12,-1.0,1.118187050819397,1.048729043006897,0.0,0.0,-1.5707918088883162,2.356198977679014,1.0486110258102417,2.163835983276367,3.9269907865673304,1.0,0.0,0.0,1.0,720.0,0.0
1788870513.8504238,1788870513.8502767,1.0625879764556885,-0.16143844882026315,0.13218958044872664,-0.5236,-0.5236,0.12,-1.0,1.1078280019760132,1.0429080533981323,0.0,0.0,-1.5707918088883162,2.356198977679014,1.0425879764556885,2.174511890411377,3.9269907865673304,1.0,0.0,0.0,1.0,720.0,0.0
1788870513.9242833,1788870513.9242113,1.0535900592803955,-0.14834847953170538,0.12123900242007875,-0.5236,-0.5236,0.12,-1.0,1.0926539707183838,1.0343899536132812,0.0,0.0,-1.5707918088883162,2.356198977679014,1.0335900592803955,2.1911949920654297,3.9269907865673304,1.0,0.0,0.0,1.0,720.0,0.0
1788870513.9776516,1788870513.9775834,1.047605037689209,-0.1352585102431476,0.10852000168503755,-0.5236,-0.5236,0.12,-1.0,1.0827729511260986,1.0288500595092773,0.0,0.0,-1.5707918088883162,2.356198977679014,1.027605037689209,2.202778081893921,3.9269907865673304,1.0,0.0,0.0,1.0,720.0,0.0
1788870514.052636,1788870514.0525653,1.0386680364608765,-0.12216854095458984,0.09550610331792028,-0.5236,-0.5236,0.12,-1.0,1.068297963142395,1.0207520532608032,0.0,0.0,-1.5707918088883162,2.356198977679014,1.0186680364608764,2.2208909797668457,3.9269907865673304,1.0,0.0,0.0,1.0,720.0,0.0
1788870514.1083632,1788870514.1082394,1.0327370166778564,-0.113441894762218,0.08619216965488079,-0.5236,-0.5236,0.12,-1.0,1.0588719654083252,1.0154900360107422,0.0,0.0,-1.5707918088883162,2.356198977679014,1.0127370166778564,2.2334658908843994,3.9269907865673304,1.0,0.0,0.0,1.0,720.0,0.0
1788870514.178974,1788870514.1788917,1.0238800048828125,-0.09598860237747431,0.07121076829795857,-0.5236,-0.5236,0.12,-1.0,1.0450639533996582,1.0078029441833496,0.0,0.0,-1.5707918088883162,2.356198977679014,1.0038800048828125,2.253123025894165,3.9269907865673304,1.0,0.0,0.0,1.0,720.0,0.0
1788870514.2519314,1788870514.2517493,1.0150630474090576,-0.08289863308891654,0.059747950068682054,-0.5236,-0.5236,0.12,-1.0,1.0316419410705566,1.0003609466552734,0.0,0.0,-1.5707918088883162,2.356198977679014,0.9950630474090576,2.2737710285186767,3.9269907865673304,1.0,0.0,0.0,1.0,720.0,0.0
1788870514.3267803,1788870514.3266659,1.0062979459762573,-0.06980866380035877,0.036826290171335485,-0.5236,-0.5236,0.12,-1.0,1.018593053817749,0.9931570100784302,0.0,0.0,-1.5707918088883162,2.356198977679014,0.9862979459762573,2.295459966659546,3.9269907865673304,1.0,0.0,0.0,1.0,720.0,0.0
1788870514.3799016,1788870514.3798037,1.0004849433898926,-0.06108201760798693,0.02457115149542601,-0.5236,-0.5236,0.12,-1.0,1.0100979614257812,0.9884890127182007,0.0,0.0,-1.5707918088883162,2.356198977679014,0.9804849433898926,2.3105270671844482,3.9269907865673304,1.0,0.0,0.0,1.0,720.0,0.0
1788870514.4538367,1788870514.4536674,0.9918034076690674,-0.04362872522324324,0.0056440426895728625,-0.5236,-0.5236,0.12,-1.0,0.9976529884338379,0.9816850233078003,0.0,0.0,-1.5707918088883162,2.356198977679014,0.9718034076690674,2.3340890216827392,3.9269907865673304,1.0,0.0,0.0,1.0,720.0,0.0
1788870514.5092618,1788870514.509162,0.9860432744026184,-0.03490207903087139,-0.007594798237376446,-0.5236,-0.5236,0.12,-1.0,0.989552001953125,0.977280478477478,0.0,0.0,-1.5707918088883162,2.356198977679014,0.9660432744026184,2.350461940765381,3.9269907865673304,1.0,0.0,0.0,1.0,720.0,0.0
1788870514.5801482,1788870514.5800824,0.9774566888809204,-0.021812109742313623,-0.034085860608929715,-0.5236,-0.5236,0.12,-1.0,0.97768728017807,0.9708714294433594,0.0,0.0,-1.5707918088883162,2.356198977679014,0.9574566888809204,2.3760719108581543,3.9269907865673304,1.0,0.0,0.0,1.0,720.0,0.0
1788870514.6358619,1788870514.635763,0.9717655181884766,-0.013085463549941778,-0.04828964191317153,-0.5236,-0.5236,0.12,-1.0,0.9699656176567077,0.9667290258407593,0.0,0.0,-1.5707918088883162,2.356198977679014,0.9517655181884765,2.3938760566711426,3.9269907865673304,1.0,0.0,0.0,1.0,720.0,0.0
1788870514.7039995,1788870514.703809,0.9632682800292969,0.004367828834801912,-0.07036509804593748,-0.5236,-0.5236,0.12,-1.0,0.9586586761474609,0.9607115197181701,0.0,0.0,-1.5707918088883162,2.356198977679014,0.9432682800292969,2.4217428970336914,3.9269907865673304,1.0,0.0,0.0,1.0,720.0,0.0
1788870514.779639,1788870514.7795053,0.9548354148864746,0.01745779812335968,-0.09847790183391893,-0.5236,-0.5236,0.12,-1.0,0.9476774740219116,0.9549295711517334,0.0,0.0,-1.5707918088883162,2.356198977679014,0.9348354148864746,2.4510800647735596,3.9269907865673304,1.0,0.0,0.0,1.0,720.0,0.0
1788870514.8545933,1788870514.854504,0.9464668035507202,0.030547767411917448,-0.12179346692838904,-0.5236,-0.5236,0.12,-1.0,0.9370106267929077,0.9493784117698669,0.0,0.0,-1.5707918088883162,2.356198977679014,0.9264668035507202,2.481971960067749,3.9269907865673304,1.0,0.0,0.0,1.0,720.0,0.0
1788870514.9297068,1788870514.9295728,0.9381541013717651,0.04800105979666114,-0.15270600467303408,-0.5236,-0.5236,0.12,-1.0,0.9266539025306701,0.9440604853630066,0.0,0.0,-1.5707918088883162,2.356198977679014,0.9181541013717651,2.5145311164855957,3.9269907865673304,1.0,0.0,0.0,1.0,720.0,0.0
1788870515.0062253,1788870515.0060446,0.9299073815345764,0.061091029085218906,-0.17765193466558576,-0.5236,-0.5236,0.12,-1.0,0.9166015791893005,0.9389763283729553,0.0,0.0,-1.5707918088883162,2.356198977679014,0.9099073815345764,2.548864107131958,3.9269907865673304,1.0,0.0,0.0,1.0,720.0,0.0
1788870515.0613756,1788870515.0612862,0.9244508743286133,0.06981767527759075,-0.199502413429759,-0.5236,-0.5236,0.12,-1.0,0.9100665259361267,0.9357179808616638,0.0,0.0,-1.5707918088883162,2.356198977679014,0.9044508743286133,2.5728099155426025,3.9269907865673304,1.0,0.0,0.0,1.0,720.0,0.0
1788870515.1294062,1788870515.1292763,0.9163206219673157,0.08727096766233444,-0.22524458616893295,-0.5236,-0.5236,0.12,-1.0,0.9005090999603271,0.9310251879692077,0.0,0.0,-1.5707918088883162,2.356198977679014,0.8963206219673157,2.6103839683532715,3.9269907865673304,1.0,0.0,0.0,1.0,720.0,0.0
1788870515.2029073,1788870515.2027612,0.9082543253898621,0.10036093695089221,-0.25150078230692474,-0.5236,-0.5236,0.12,-1.0,0.891240816116333,0.926567177772522,0.0,0.0,-1.5707918088883162,2.356198977679014,0.888254325389862,2.6500880527496338,3.9269907865673304,1.0,0.0,0.0,1.0,720.0,0.0
1788870515.2765312,1788870515.276444,0.9002649188041687,0.11345090623944998,-0.29069071370241156,-0.5236,-0.5236,0.12,-1.0,0.8822560715675354,0.9223444867134094,0.0,0.0,-1.5707918088883162,2.356198977679014,0.8802649188041687,2.6920730876922607,3.9269907865673304,1.0,0.0,0.0,1.0,720.0,0.0
1788870515.3311954,1788870515.3310845,0.8949810862541199,0.12217755243182182,-0.30882341401603436,-0.5236,-0.5236,0.12,-1.0,0.8764226245880127,0.919661979675293,0.0,0.0,-1.5707918088883162,2.356198977679014,0.8749810862541199,2.721420030593872,3.9269907865673304,1.0,0.0,0.0,1.0,720.0,0.0
1788870515.400688,1788870515.400532,0.8871086835861206,0.1396308448165655,-0.3409482385991387,-0.5236,-0.5236,0.12,-1.0,0.8679019021987915,0.9158360767364502,0.0,0.0,-1.5707918088883162,2.356198977679014,0.8671086835861206,2.7676079082489013,3.9269907865673304,1.0,0.0,0.0,1.0,720.0,0.0
1788870515.4545195,1788870515.4543867,0.8819035887718201,0.14835749100893736,-0.35960399011962446,-0.5236,-0.5236,0.12,-1.0,0.8623739290237427,0.9134198832511902,0.0,0.0,-1.5707918088883162,2.356198977679014,0.86190358877182,2.799936990737915,3.9269907865673304,1.0,0.0,0.0,1.0,720.0,0.0
1788870515.527529,1788870515.527399,0.8741648197174072,0.16144746029749513,-0.3958051000447245,-0.5236,-0.5236,0.12,-1.0,0.854304711818695,0.9099954175949097,0.0,0.0,-1.5707918088883162,2.356198977679014,0.8541648197174072,2.8509030151367187,3.9269907865673304,1.0,0.0,0.0,1.0,720.0,0.0
1788870515.6013682,1788870515.6013117,0.8665024042129517,0.17890075268223882,-0.4293267522948886,-0.5236,-0.5236,0.12,-1.0,0.8465024042129516,0.9068152117729187,0.0,0.0,-1.5707918088883162,2.356198977679014,0.8465024042129516,2.905046920776367,3.9269907865673304,1.0,0.0,0.0,1.0,720.0,0.0
1788870515.6548536,1788870515.6547627,0.8614357113838196,0.18762739887461066,-0.44881181073978405,-0.5236,-0.5236,0.12,-1.0,0.8414357113838196,0.9048321056365967,0.0,0.0,-1.5707918088883162,2.356198977679014,0.8414357113838196,2.9430448818206787,3.9269907865673304,1.0,0.0,0.0,1.0,720.0,0.0
1788870515.7261083,1788870515.7259874,0.8539056181907654,0.20071736816316843,-0.49034305562356556,-0.5236,-0.5236,0.12,-1.0,0.8339056181907654,0.9005120801925659,0.0,0.0,-1.5707918088883162,2.356198977679014,0.8339056181907654,3.00311110496521,3.9269907865673304,1.0,0.0,0.0,1.0,720.0,0.0
1788870515.8003843,1788870515.800316,0.8464642763137817,0.2138073374517262,-0.5193591756361358,-0.5236,-0.5236,0.12,-1.0,0.8264642763137817,0.8938830900192261,0.0,0.0,-1.5707918088883162,2.356198977679014,0.8264642763137817,3.0665321159362793,3.9269907865673304,1.0,0.0,0.0,1.0,720.0,0.0
1788870515.8516312,1788870515.8515046,0.8415449261665344,0.22689730674028397,-0.5385147713260238,-0.5236,-0.5236,0.12,-1.0,0.8215449261665344,0.8895857143402099,0.0,0.0,-1.5707918088883162,2.356198977679014,0.8215449261665344,3.0924138832092285,3.9269907865673304,1.0,0.0,0.0,1.0,720.0,0.0
1788870515.9278426,1788870515.9276204,0.834237277507782,0.23998727602884173,-0.5792829458519653,-0.5236,-0.5236,0.12,-1.0,0.814237277507782,0.8833188819885254,0.0,0.0,-1.5707918088883162,2.356198977679014,0.814237277507782,3.132880907058716,3.9269907865673304,1.0,0.0,0.0,1.0,720.0,0.0
1788870516.0011444,1788870516.001045,0.8270214200019836,0.2530772453173995,-0.6080217710879079,-0.5236,-0.5236,0.12,-1.0,0.8070214200019836,0.8772675800323486,0.0,0.0,-1.5707918088883162,2.356198977679014,0.8070214200019836,3.175425033569336,3.9269907865673304,1.0,0.0,0.0,1.0,720.0,0.0
1788870516.0539365,1788870516.0537639,0.8222604990005493,0.26616721460595727,-0.6268173825618564,-0.5236,-0.5236,0.12,-1.0,0.8022604990005493,0.8733554291725159,0.0,0.0,-1.5707918088883162,2.356198977679014,0.8022604990005493,3.2050189781188965,3.9269907865673304,1.0,0.0,0.0,1.0,720.0,0.0
1788870516.1280205,1788870516.1279366,0.8151875138282776,0.27925718389451504,-0.666876261962464,-0.5236,-0.5236,0.12,-1.0,0.7951875138282776,0.8676656293869018,0.0,0.0,-1.5707918088883162,2.356198977679014,0.7951875138282776,3.2513520526885986,3.9269907865673304,1.0,0.0,0.0,1.0,720.0,0.0
1788870516.1810608,1788870516.1809275,0.8105245232582092,0.2879838300868869,-0.688952892828862,-0.5236,-0.5236,0.12,-1.0,0.7905245232582092,0.8639914202690124,0.0,0.0,-1.5707918088883162,2.356198977679014,0.7905245232582092,3.28359411239624,3.9269907865673304,1.0,0.0,0.0,1.0,720.0,0.0
1788870516.2507217,1788870516.250667,0.8036094903945923,0.30107379937544465,-0.7165924633769213,-0.5236,-0.5236,0.12,-1.0,0.7836094903945923,0.8586584734916687,0.0,0.0,-1.5707918088883162,2.356198977679014,0.7836094903945923,3.334140043258667,3.9269907865673304,1.0,0.0,0.0,1.0,720.0,0.0
1788870516.324667,1788870516.3245525,0.7967835068702698,0.31852709176018834,-0.7553441725143417,-0.5236,-0.5236,0.12,-1.0,0.7767835068702698,0.8535417127609253,0.0,0.0,-1.5707918088883162,2.356198977679014,0.7767835068702698,3.3874339866638183,3.9269907865673304,1.0,0.0,0.0,1.0,720.0,0.0
1788870516.3761714,1788870516.376085,0.7922846078872681,0.3272537379525602,-0.7764901857099828,-0.5236,-0.5236,0.12,-1.0,0.772284607887268,0.8502499866485596,0.0,0.0,-1.5707918088883162,2.356198977679014,0.772284607887268,3.424593906402588,3.9269907865673304,1.0,0.0,0.0,1.0,720.0,0.0
1788870516.4541342,1788870516.4540098,0.7856199145317078,0.34034370724111795,-0.8030805395103742,-0.5236,-0.5236,0.12,-1.0,0.7656199145317077,0.8454913902282715,0.0,0.0,-1.5707918088883162,2.356198977679014,0.7656199145317077,3.4829590129852295,3.9269907865673304,1.0,0.0,0.0,1.0,720.0,0.0
1788870516.5271637,1788870516.5268452,0.7790529727935791,0.35779699962586164,-0.832280757638999,-0.5236,-0.5236,0.12,-1.0,0.7590529727935791,0.8409501719474792,0.0,0.0,-1.5707918088883162,2.356198977679014,0.7590529727935791,3.5446519660949707,3.9269907865673304,1.0,0.0,0.0,1.0,720.0,0.0
1788870516.5841064,1788870516.5840144,0.7747266292572021,0.3665236458182335,-0.8517856021827551,-0.5236,-0.5236,0.12,-1.0,0.7547266292572021,0.8380440282821655,0.0,0.0,-1.5707918088883162,2.356198977679014,0.7547266292572021,3.5877609062194824,3.9269907865673304,1.0,0.0,0.0,1.0,720.0,0.0
1788870516.6543438,1788870516.654245,0.7683215141296387,0.37961361510679126,-0.8859164741870503,-0.5236,-0.5236,0.12,-1.0,0.7483215141296387,0.8338643717765808,0.0,0.0,-1.5707918088883162,2.356198977679014,0.7483215141296387,3.6555928993225097,3.9269907865673304,1.0,0.0,0.0,1.0,720.0,0.0
1788870516.7293775,1788870516.7291892,0.7620214223861694,0.392703584395349,-0.9127274150253888,-0.5236,-0.5236,0.12,-1.0,0.7420214223861694,0.8299047756195068,0.0,0.0,-1.5707918088883162,2.356198977679014,0.7420214223861694,3.727519016265869,3.9269907865673304,1.0,0.0,0.0,1.0,720.0,0.0
1788870516.8036711,1788870516.803546,0.7558180093765259,0.4101568767800927,-0.9386570840007306,-0.5236,-0.5236,0.12,-1.0,0.7358180093765259,0.8261676239967346,0.0,0.0,-1.5707918088883162,2.356198977679014,0.7358180093765259,3.803885917663574,3.9269907865673304,1.0,0.0,0.0,1.0,720.0,0.0
1788870516.8779688,1788870516.8772109,0.749718427658081,0.4232468460686505,-0.9611278001616841,-0.5236,-0.5236,0.12,-1.0,0.729718427658081,0.8226532745361328,0.0,0.0,-1.5707918088883162,2.356198977679014,0.729718427658081,3.885066967010498,3.9269907865673304,1.0,0.0,0.0,1.0,720.0,0.0
1788870516.9400682,1788870516.939903,0.7457131147384644,0.43197349226102233,-0.984820231999826,-0.5236,-0.5236,0.12,-1.0,0.7257131147384643,0.8204346704483032,0.0,0.0,-1.5707918088883162,2.356198977679014,0.7257131147384643,3.942064027786255,3.9269907865673304,1.0,0.0,0.0,1.0,720.0,0.0
1788870517.005029,1788870517.0049167,0.7397891283035278,0.449426784645766,-1.0048283863458702,-0.5236,-0.5236,0.12,-1.0,0.7197891283035278,0.8172958898544311,0.0,0.0,-1.5707918088883162,2.356198977679014,0.7197891283035278,4.032237987518311,3.9269907865673304,1.0,0.0,0.0,1.0,720.0,0.0
1788870517.0780478,1788870517.077952,0.7339714169502258,0.4625167539343238,-1.0253090552331643,-0.5236,-0.5236,0.12,-1.0,0.7139714169502258,0.8143902826309204,0.0,0.0,-1.5707918088883162,2.356198977679014,0.7139714169502258,4.12848279953003,3.9269907865673304,1.0,0.0,0.0,1.0,720.0,0.0
1788870517.1522818,1788870517.1521978,0.7282633781433105,0.47560672322288156,-1.0512811085155036,-0.5236,-0.5236,0.12,-1.0,0.7082633781433105,0.8117142724990845,0.0,0.0,-1.5707918088883162,2.356198977679014,0.7082633781433105,4.231381874084473,3.9269907865673304,1.0,0.0,0.0,1.0,720.0,0.0
1788870517.2287145,1788870517.2286189,0.7226670980453491,0.49306001560762525,-1.0678448887449832,-0.5236,-0.5236,0.12,-1.0,0.7026670980453491,0.8092760252952576,0.0,0.0,-1.5707918088883162,2.356198977679014,0.7026670980453491,4.341579895019532,3.9269907865673304,1.0,0.0,0.0,1.0,720.0,0.0
1788870517.2828329,1788870517.2827282,0.7189921736717224,0.5017866617999971,-1.0795560622284925,-0.5236,-0.5236,0.12,-1.0,0.6989921736717224,0.8077826905250549,0.0,0.0,-1.5707918088883162,2.356198977679014,0.6989921736717224,4.419492225646973,3.9269907865673304,1.0,0.0,0.0,1.0,720.0,0.0
1788870517.3515892,1788870517.3515353,0.713576078414917,0.5148766310885549,-1.0944205069637498,-0.5236,-0.5236,0.12,-1.0,0.693576078414917,0.8057458209991455,0.0,0.0,-1.5707918088883162,2.356198977679014,0.693576078414917,4.57132194519043,3.9269907865673304,1.0,0.0,0.0,1.0,720.0,0.0
1788870517.4268968,1788870517.4267697,0.7082756161689758,0.5279666003771126,-1.1167431456810728,-0.5236,-0.5236,0.12,-1.0,0.6882756161689758,0.8039560127258301,0.0,0.0,-1.5707918088883162,2.356198977679014,0.6882756161689758,4.743116836547852,3.9269907865673304,1.0,0.0,0.0,1.0,720.0,0.0
1788870517.4829795,1788870517.482673,0.7048038840293884,0.5410565696656704,-1.1264273794595598,-0.5236,-0.5236,0.12,-1.0,0.6848038840293884,0.8029048252105713,0.0,0.0,-1.5707918088883162,2.356198977679014,0.6848038840293884,4.866903762817383,3.9269907865673304,1.0,0.0,0.0,1.0,720.0,0.0
1788870517.553463,1788870517.5532477,0.699687123298645,0.5541465389542282,-1.1397037380014858,-0.5236,-0.5236,0.12,-1.0,0.679687123298645,0.8015374946594238,0.0,0.0,-1.5707918088883162,2.356198977679014,0.679687123298645,5.068301181793213,3.9269907865673304,1.0,0.0,0.0,1.0,720.0,0.0
1788870517.6073768,1788870517.607316,0.6963428854942322,0.5628731851466,-1.1544561926718488,-0.5236,-0.5236,0.12,-1.0,0.6763428854942322,0.8007700848579407,0.0,0.0,-1.5707918088883162,2.356198977679014,0.6763428854942322,5.214275817871094,3.9269907865673304,1.0,0.0,0.0,1.0,720.0,0.0
1788870517.6771126,1788870517.6770422,0.6914262771606445,0.5803264775313437,-1.166388600854785,-0.5236,-0.5236,0.12,-1.0,0.6714262771606445,0.799841980934143,0.0,0.0,-1.5707918088883162,2.356198977679014,0.6714262771606445,5.453344802856446,3.9269907865673304,1.0,0.0,0.0,1.0,720.0,0.0
1788870517.732302,1788870517.7322164,0.6882054805755615,0.5890531237237155,-1.174226598839484,-0.5236,-0.5236,0.12,-1.0,0.6682054805755615,0.7993687796592712,0.0,0.0,-1.5707918088883162,2.356198977679014,0.6682054805755615,5.6230220603942875,3.9269907865673304,1.0,0.0,0.0,1.0,720.0,0.0
1788870517.804835,1788870517.8046503,0.6834787130355835,0.6021430930122733,-1.1917860555584885,-0.5236,-0.5236,0.12,-1.0,0.6634787130355835,0.7988952803611755,0.0,0.0,-1.5707918088883162,2.356198977679014,0.6634787130355835,5.805798988342286,3.9269907865673304,1.0,0.0,0.0,1.0,720.0,0.0
1788870517.878408,1788870517.8782258,0.6788738965988159,0.6152330623008311,-1.2023511530445226,-0.5236,-0.5236,0.12,-1.0,0.6588738965988159,0.7987013864517212,0.0,0.0,-1.5707918088883162,2.356198977679014,0.6588738965988159,6.003929119110108,3.9269907865673304,1.0,0.0,0.0,1.0,720.0,0.0
1788870517.9571502,1788870517.9570024,0.6743847131729126,0.6326863546855748,-1.219213108504257,-0.5236,-0.5236,0.12,-1.0,0.6543847131729126,0.7987968730926513,0.0,0.0,-1.5707918088883162,2.356198977679014,0.6543847131729126,6.2193918037414555,3.9269907865673304,1.0,0.0,0.0,1.0,720.0,0.0
1788870518.01693,1788870518.0166159,0.6714572906494141,0.6414130008779466,-1.226470150131683,-0.5236,-0.5236,0.12,-1.0,0.651457290649414,0.7990255761146545,0.0,0.0,-1.5707918088883162,2.356198977679014,0.651457290649414,6.373742084503174,3.9269907865673304,1.0,0.0,0.0,1.0,720.0,0.0
1788870518.0833127,1788870518.0832138,0.6671720743179321,0.6545029701665044,-1.2369794919914383,-0.5236,-0.5236,0.12,-1.0,0.6471720743179321,0.7996247816085815,0.0,0.0,-1.5707918088883162,2.356198977679014,0.6471720743179321,6.623313884735108,3.9269907865673304,1.0,0.0,0.0,1.0,720.0,0.0
1788870518.1540556,1788870518.1539364,0.6630116105079651,0.6719562625512481,-1.2542278548148846,-0.5236,-0.5236,0.12,-1.0,0.6430116105079651,0.800538580417633,0.0,0.0,-1.5707918088883162,2.356198977679014,0.6430116105079651,6.851281147003174,3.9269907865673304,1.0,0.0,0.0,1.0,720.0,0.0
1788870518.2279377,1788870518.2277365,0.6589676737785339,0.6850462318398058,-1.2644656804261079,-0.5236,-0.5236,0.12,-1.0,0.6389676737785339,0.8017756152153015,0.0,0.0,-1.5707918088883162,2.356198977679014,0.6389676737785339,7.059527854919434,3.9269907865673304,1.0,0.0,0.0,1.0,720.0,0.0
1788870518.284982,1788870518.2848802,0.6563407778739929,0.6937728780321777,-1.2709530355371887,-0.5236,-0.5236,0.12,-1.0,0.6363407778739929,0.8027835297584534,0.0,0.0,-1.5707918088883162,2.356198977679014,0.6363407778739929,7.207231025695801,3.9269907865673304,1.0,0.0,0.0,1.0,720.0,0.0
1788870518.3560886,1788870518.355919,0.6525062918663025,0.7068628473207355,-1.2800399512581673,-0.5236,-0.5236,0.12,-1.0,0.6325062918663025,0.8045779871940613,0.0,0.0,-1.5707918088883162,2.356198977679014,0.6325062918663025,7.443434219360352,3.9269907865673304,1.0,0.0,0.0,1.0,720.0,0.0
1788870518.4342747,1788870518.434181,0.6484273076057434,0.4843333694152534,-1.2949337987880372,-0.5236,-0.5236,0.12,-1.0,0.6284273076057434,0.8067282247543335,0.0,0.0,-1.5707918088883162,2.356198977679014,0.6284273076057434,7.6897640037536625,3.9269907865673304,1.0,0.0,0.0,1.0,720.0,0.0
1788870518.5092697,1788870518.5091019,0.6428815126419067,0.49742333870381117,-1.3032413498429687,-0.5236,-0.5236,0.12,-1.0,0.6228815126419067,0.8092453289031982,0.0,0.0,-1.5707918088883162,2.356198977679014,0.6228815126419067,7.919910888671875,3.9269907865673304,1.0,0.0,0.0,1.0,720.0,0.0
1788870518.584077,1788870518.5839014,0.6374490261077881,0.5148766310885549,-1.310720969429067,-0.5236,-0.5236,0.12,-1.0,0.6174490261077881,0.8121437835693359,0.0,0.0,-1.5707918088883162,2.356198977679014,0.6174490261077881,8.167509536743164,3.9269907865673304,1.0,0.0,0.0,1.0,720.0,0.0
1788870518.6543272,1788870518.6541352,0.6321197748184204,0.5279666003771126,-1.317405664502457,-0.5236,-0.5236,0.12,-1.0,0.6121197748184204,0.8154356288909912,0.0,0.0,-1.5707918088883162,2.356198977679014,0.6121197748184204,8.472738723754883,3.9269907865673304,1.0,0.0,0.0,1.0,720.0,0.0
1788870518.7334301,1788870518.7332127,0.626910924911499,0.5410565696656704,-1.3234202705934588,-0.5236,-0.5236,0.12,-1.0,0.606910924911499,0.8191445875167847,0.0,0.0,-1.5707918088883162,2.356198977679014,0.606910924911499,8.928511123657227,3.9269907865673304,1.0,0.0,0.0,1.0,720.0,0.0
1788870518.813453,1788870518.8131006,0.6218181252479553,0.5541465389542282,-1.3343186529263402,-0.5236,-0.5236,0.12,-1.0,0.6018181252479553,0.8232825803756714,0.0,0.0,-1.5707918088883162,2.356198977679014,0.6018181252479553,8.991446952819825,3.9269907865673304,1.0,0.0,0.0,1.0,720.0,0.0
1788870518.8864255,1788870518.886078,0.6168342232704163,0.5715998313389719,-1.3391826222594765,-0.5236,-0.5236,0.12,-1.0,0.5968342232704162,0.8278680849075317,0.0,0.0,-1.5707918088883162,2.356198977679014,0.5968342232704162,9.149746398925782,3.9269907865673304,1.0,0.0,0.0,1.0,720.0,0.0
1788870518.9625278,1788870518.9623842,0.6119673252105713,0.5846898006275296,-1.3435316917575848,-0.5236,-0.5236,0.12,-1.0,0.5919673252105713,0.832921724319458,0.0,0.0,-1.5707918088883162,2.356198977679014,0.5919673252105713,9.316224555969239,3.9269907865673304,1.0,0.0,0.0,1.0,720.0,0.0
1788870519.0332441,1788870519.0331082,0.6087911128997803,0.5934164468199015,-1.3464445987557698,-0.5236,-0.5236,0.12,-1.0,0.5887911128997803,0.8365644025802612,0.0,0.0,-1.5707918088883162,2.356198977679014,0.5887911128997803,9.432036857604981,3.9269907865673304,1.0,0.0,0.0,1.0,720.0,0.0
1788870519.1067467,1788870519.1066167,0.6041204929351807,0.6108697392046452,-1.3503820298683578,-0.5236,-0.5236,0.12,-1.0,0.5841204929351806,0.8424492287635803,0.0,0.0,-1.5707918088883162,2.356198977679014,0.5841204929351806,9.613434295654297,3.9269907865673304,1.0,0.0,0.0,1.0,720.0,0.0
1788870519.1843495,1788870519.1841562,0.5980793237686157,0.6283230315893888,-1.3538196292748386,-0.5236,-0.5236,0.12,-1.0,0.5780793237686157,0.8511357712745666,0.0,0.0,-1.5707918088883162,2.356198977679014,0.5780793237686157,9.870716552734375,3.9269907865673304,1.0,0.0,0.0,1.0,720.0,0.0
1788870519.25726,1788870519.2571511,0.5936906933784485,0.6414130008779466,-1.3468409061408138,-0.5236,-0.5236,0.12,-1.0,0.5736906933784485,0.8583066272735596,0.0,0.0,-1.5620651626959443,2.356198977679014,0.5736906933784485,9.940780143737793,3.9182641403749585,1.0,0.0,0.0,1.0,718.0,0.0
1788870519.3347585,1788870519.3346179,0.5894159078598022,0.6588662932626903,-1.3353593692624275,-0.5236,-0.5236,0.12,-1.0,0.5694159078598022,0.8660728144645691,0.0,0.0,-1.5489751934073865,2.356198977679014,0.5694159078598022,9.945014457702637,3.9051741710864007,1.0,0.0,0.0,1.0,715.0,0.0
1788870519.4085388,1788870519.4084103,0.5852668285369873,0.6719562625512481,-1.323626808408585,-0.5236,-0.5236,0.12,-1.0,0.5652668285369873,0.8744782018661499,0.0,0.0,-1.5358852241188288,2.356198977679014,0.5652668285369873,9.949271659851075,3.892084201797843,1.0,0.0,0.0,1.0,712.0,0.0
1788870519.485455,1788870519.4849226,0.5812451243400574,0.6850462318398058,-1.312043660312958,-0.5236,-0.5236,0.12,-1.0,0.5612451243400574,0.8835512208938598,0.0,0.0,-1.522795254830271,2.356198977679014,0.5612451243400574,9.953531723022461,3.878994232509285,1.0,0.0,0.0,1.0,710.0,0.0
1788870519.5583084,1788870519.558201,0.5786318182945251,0.6981362011283636,-1.3042853439883233,-0.5236,-0.5236,0.12,-1.0,0.5586318182945251,0.8872232246398926,0.0,0.0,-1.5140686086378992,2.356198977679014,0.5586318182945251,9.956388931274414,3.8702675863169134,1.0,0.0,0.0,1.0,710.0,0.0
1788870519.6462708,1788870519.6460407,0.5735663175582886,0.7155894935131073,-1.2887388175768866,-0.5236,-0.5236,0.12,-1.0,0.5535663175582886,0.8895203280448913,0.0,0.0,-1.4966153162531555,2.356198977679014,0.5535663175582886,9.962126235961914,3.8528142939321697,1.0,0.0,0.0,1.0,710.0,0.0
1788870519.7097251,1788870519.7095487,0.5711203813552856,0.7243161397054791,-1.2809249151391326,-0.5236,-0.5236,0.12,-1.0,0.5511203813552856,0.8909073877334595,0.0,0.0,-1.4878886700607836,2.356198977679014,0.5511203813552856,9.96501205444336,3.844087647739798,1.0,0.0,0.0,1.0,710.0,0.0
1788870519.7864175,1788870519.7862897,0.5675557255744934,0.7417694320902228,-1.2691609377516229,-0.5236,-0.5236,0.12,-1.0,0.5475557255744934,0.8932943749427795,0.0,0.0,-1.4747987007722259,2.356198977679014,0.5475557255744934,9.969364624023438,3.83099767845124,1.0,0.0,0.0,1.0,710.0,0.0
1788870519.8571165,1788870519.8570092,0.5641130208969116,0.7548594013787806,-1.25733270403153,-0.5236,-0.5236,0.12,-1.0,0.5441130208969116,0.8960621762275696,0.0,0.0,-1.461708731483668,2.356198977679014,0.5441130208969116,9.973745803833008,3.8179077091626823,1.0,0.0,0.0,1.0,710.0,0.0
1788870519.9341936,1788870519.9339921,0.5597255825996399,0.7723126937635243,-1.2415036194374767,-0.5236,-0.5236,0.12,-1.0,0.5397255825996399,0.9003696250915527,0.0,0.0,-1.4442554390989244,2.356198977679014,0.5397255825996399,9.979637603759766,3.8004544167779386,1.0,0.0,0.0,1.0,710.0,4.0
1788870520.0109992,1788870520.01053,0.5565853118896484,0.789765986148268,-1.225202453771644,-0.5236,-0.5236,0.12,-1.0,0.5365853118896484,0.90408287525177,0.0,0.0,-1.4268021467141807,2.356198977679014,0.5365853118896484,9.915702323913575,3.783001124393195,1.0,0.0,0.0,1.0,709.0,6.0
1788870520.0822675,1788870520.0821505,0.5535697937011719,0.8028559554368258,-1.2132602425701258,-0.5236,-0.5236,0.12,-1.0,0.5335697937011719,0.9082256960868835,0.0,0.0,-1.413712177425623,2.356198977679014,0.5335697937011719,9.919974784851075,3.769911155104637,1.0,0.0,0.0,1.0,709.0,9.0
1788870520.1552262,1788870520.1550667,0.5506867170333862,0.8159459247253835,-1.2013183954485702,-0.5236,-0.5236,0.12,-1.0,0.5306867170333862,0.9128175187110901,0.0,0.0,-1.4006222081370652,2.356198977679014,0.5306867170333862,9.924302558898926,3.7568211858160794,1.0,0.0,0.0,1.0,709.0,11.0
1788870520.2319174,1788870520.2316937,0.5479363799095154,0.8333992171101272,-1.1893447108212127,-0.5236,-0.5236,0.12,-1.0,0.5279363799095154,0.9178798007965088,0.0,0.0,-1.3875322388485074,2.356198977679014,0.5279363799095154,9.928691368103028,3.7437312165275216,1.0,0.0,0.0,1.0,709.0,14.0
1788870520.3045812,1788870520.3044565,0.5453109741210938,0.846489186398685,-1.177293805090646,-0.5236,-0.5236,0.12,-1.0,0.5253109741210937,0.9234288740158081,0.0,0.0,-1.3744422695599496,2.356198977679014,0.5253109741210937,9.933128814697266,3.730641247238964,1.0,0.0,0.0,1.0,709.0,17.0
1788870520.3806577,1788870520.380485,0.5428196787834167,0.8595791556872427,-1.1652486134127245,-0.5236,-0.5236,0.12,-1.0,0.5228196787834167,0.9294876265525818,0.0,0.0,-1.3613523002713919,2.356198977679014,0.5228196787834167,9.937627296447754,3.717551277950406,2.0,0.0,0.0,1.0,709.0,20.0
1788870520.4582093,1788870520.4580834,0.5404617786407471,0.8770324480719864,-1.1531205411439605,-0.5236,-0.5236,0.12,-1.0,0.520461778640747,0.9360794234275818,0.0,0.0,-1.348262330982834,2.356198977679014,0.520461778640747,9.94217441558838,3.7044613086618483,2.0,0.0,0.0,1.0,709.0,21.0
1788870520.5372565,1788870520.5370667,0.5382320880889893,0.8901224173605442,-1.1413902955164066,-0.5236,-0.5236,0.12,-1.0,0.5182320880889892,0.9432338881492615,0.0,0.0,-1.3351723616942763,2.356198977679014,0.5182320880889892,9.946809272766114,3.6913713393732905,2.0,0.0,0.0,1.0,709.0,21.0
1788870520.612472,1788870520.6123266,0.5361378788948059,0.903212386649102,-1.1294588388978883,-0.5236,-0.5236,0.12,-1.0,0.5161378788948059,0.9509755182266235,0.0,0.0,-1.3220823924057186,2.356198977679014,0.5161378788948059,9.95150993347168,3.6782813700847328,2.0,0.0,0.0,1.0,709.0,22.0
1788870520.684121,1788870520.6840315,0.5341795086860657,0.9163023559376597,-1.1193506375541198,-0.5236,-0.5236,0.12,-1.0,0.5141795086860657,0.9593351292610168,0.0,0.0,-1.3089924231171608,2.356198977679014,0.5141795086860657,9.956284980773926,3.665191400796175,2.0,0.0,0.0,1.0,709.0,21.0
1788870520.7561517,1788870520.7559366,0.5323485732078552,0.9337556483224034,-1.1074705565457714,-0.5236,-0.5236,0.12,-1.0,0.5123485732078552,0.9683425831794739,0.0,0.0,-1.295902453828603,2.356198977679014,0.5123485732078552,9.961136322021485,3.6521014315076172,2.0,0.0,0.0,1.0,709.0,24.0
1788870520.8322866,1788870520.8321886,0.5306547284126282,0.9468456176109612,-1.096147515898973,-0.5236,-0.5236,0.12,-1.0,0.5106547284126282,0.978038113117218,0.0,0.0,-1.2828124845400453,2.356198977679014,0.5106547284126282,9.966078262329102,3.6390114622190595,2.0,0.0,0.0,1.0,708.0,26.0
1788870520.9076002,1788870520.9074643,0.5290974974632263,0.959935586899519,-1.0832747909588396,-0.5236,-0.5236,0.12,-1.0,0.5090974974632263,0.9884580183029175,0.0,0.0,-1.2697225152514875,2.356198977679014,0.5090974974632263,9.971129875183106,3.6259214929305017,2.0,0.0,0.0,1.0,704.0,24.0
1788870520.987688,1788870520.9873602,0.5276713967323303,0.9773888792842627,-1.0709876124112834,-0.5236,-0.5236,0.12,-1.0,0.5076713967323303,0.9996429491043091,0.0,0.0,-1.2566325459629297,2.356198977679014,0.5076713967323303,9.976270179748536,3.612831523641944,2.0,0.0,0.0,1.0,701.0,24.0
1788870521.0567868,1788870521.0560403,0.5263804793357849,0.9904788485728204,-1.0544034627747998,-0.5236,-0.5236,0.12,-1.0,0.5063804793357849,1.0116380262374878,0.0,0.0,-1.239179253578186,2.356198977679014,0.5063804793357849,9.910758476257325,3.5953782312572002,2.0,0.0,0.0,1.0,697.0,23.0
1788870521.129975,1788870521.1298938,0.5255963802337646,0.9992054947651923,-1.0469521545486837,-0.5236,-0.5236,0.12,-1.0,0.5055963802337646,1.020107011795044,0.0,0.0,-1.2304526073858142,2.356198977679014,0.5055963802337646,9.914123992919922,3.5866515850648284,2.0,0.0,0.0,1.0,696.0,24.0
1788870521.188199,1788870521.1881096,0.5245317816734314,1.016658787149936,-1.0346327161497628,-0.5236,-0.5236,0.12,-1.0,0.5045317816734314,1.033560972213745,0.0,0.0,-1.2173626380972564,2.356198977679014,0.5045317816734314,9.919243316650391,3.5735616157762706,2.0,0.0,0.0,1.0,693.0,24.0
1788870521.2557194,1788870521.2555327,0.5236008763313293,1.0297487564384937,-1.0220584326612485,-0.5236,-0.5236,0.12,-1.0,0.5036008763313293,1.0479680109024048,0.0,0.0,-1.2042726688086987,2.356198977679014,0.5036008763313293,9.924470405578614,3.560471646487713,2.0,0.0,0.0,1.0,690.0,23.0
1788870521.3329816,1788870521.3328774,0.5228086709976196,1.0428387257270515,-1.0096367211052093,-0.5236,-0.5236,0.12,-1.0,0.5028086709976196,1.0633909511566162,0.0,0.0,-1.1911826995201409,2.356198977679014,0.5028086709976196,9.929833869934082,3.547381677199155,2.0,0.0,0.0,1.0,687.0,23.0
1788870521.4049916,1788870521.404856,0.5221536755561829,1.0602920181117952,-0.9974427778580507,-0.5236,-0.5236,0.12,-1.0,0.5021536755561828,1.0798940467834472,0.0,0.0,-1.1780927302315831,2.356198977679014,0.5021536755561828,9.935279350280762,3.5342917079105973,2.0,0.0,0.0,1.0,685.0,22.0
1788870521.485006,1788870521.4848871,0.5216302871704102,1.073381987400353,-0.9848067952830974,-0.5236,-0.5236,0.12,-1.0,0.5016302871704101,1.0975570487976074,0.0,0.0,-1.1650027609430254,2.356198977679014,0.5016302871704101,9.940869789123536,3.5212017386220396,2.0,0.0,0.0,1.0,682.0,22.0
1788870521.5573912,1788870521.5572767,0.5213592052459717,1.0821086335927248,-0.9769218498459762,-0.5236,-0.5236,0.12,-1.0,0.5013592052459717,1.1100159692764282,0.0,0.0,-1.1562761147506535,2.356198977679014,0.5013592052459717,9.944669227600098,3.5124750924296677,2.0,0.0,0.0,1.0,681.0,22.0
1788870521.6186388,1788870521.6185563,0.5210673809051514,1.0951986028812826,-0.9642293544172539,-0.5236,-0.5236,0.12,-1.0,0.5010673809051513,1.1297939825057983,0.0,0.0,-1.1431861454620957,2.356198977679014,0.5010673809051513,9.950458984375,3.49938512314111,2.0,0.0,0.0,1.0,678.0,22.0
1788870521.682846,1788870521.6825876,0.5209081768989563,1.1126518952660263,-0.9520207467290485,-0.5236,-0.5236,0.12,-1.0,0.5009081768989563,1.1509740161895752,0.0,0.0,-1.130096176173538,2.356198977679014,0.5009081768989563,9.956413726806641,3.486295153852552,2.0,0.0,0.0,1.0,676.0,22.0
1788870521.7542696,1788870521.7541733,0.520887017250061,1.125741864554584,-0.9392010553945093,-0.5236,-0.5236,0.12,-1.0,0.500887017250061,1.173658947944641,0.0,0.0,-1.1170062068849802,2.356198977679014,0.500887017250061,9.962480049133301,3.4732051845639944,2.0,0.0,0.0,1.0,677.0,23.0
1788870521.8291063,1788870521.8289952,0.5210047960281372,1.1388318338431418,-0.926967737256996,-0.5236,-0.5236,0.12,-1.0,0.5010047960281372,1.1979689407348633,0.0,0.0,-1.1039162375964224,2.356198977679014,0.5010047960281372,9.96869514465332,3.4601152152754366,2.0,0.0,0.0,1.0,677.0,21.0
1788870521.8867376,1788870521.8865988,0.521156907081604,1.1519218031316996,-0.9189780361935104,-0.5236,-0.5236,0.12,-1.0,0.501156907081604,1.2151429462432861,0.0,0.0,-1.0951895914040506,2.356198977679014,0.501156907081604,9.972924690246582,3.451388569083065,2.0,0.0,0.0,1.0,678.0,21.0
1788870521.9546332,1788870521.9544597,0.5214980840682983,1.1650117724202573,-0.9055714779581133,-0.5236,-0.5236,0.12,-1.0,0.5014980840682983,1.2424690532684326,0.0,0.0,-1.0820996221154928,2.356198977679014,0.5014980840682983,9.979393463134766,3.438298599794507,2.0,0.0,0.0,1.0,678.0,22.0
1788870522.031686,1788870522.0314894,0.5219786763191223,1.178101741708815,-0.8895518103271672,-0.5236,-0.5236,0.12,-1.0,0.5019786763191223,1.2718089628219604,0.0,0.0,-1.0646463297307491,2.356198977679014,0.5019786763191223,9.912991027832032,3.4208453074097633,2.0,0.0,0.0,1.0,678.0,22.0
1788870522.1070485,1788870522.1069102,0.5225939750671387,1.1955550340935588,-0.8768791895011185,-0.5236,-0.5236,0.12,-1.0,0.5025939750671387,1.2971809911727905,0.0,0.0,-1.0515563604421914,2.356198977679014,0.5025939750671387,9.919463615417481,3.4077553381212056,2.0,0.0,0.0,1.0,678.0,22.0
1788870522.1817,1788870522.1815908,0.5233427882194519,1.2086450033821166,-0.8677344612486506,-0.5236,-0.5236,0.12,-1.0,0.5033427882194519,1.3172490406036377,0.0,0.0,-1.0384663911536336,2.356198977679014,0.5033427882194519,9.926107864379883,3.394665368832648,2.0,0.0,0.0,1.0,678.0,22.0
1788870522.259262,1788870522.2591062,0.5242301225662231,1.2217349726706743,-0.8663107392743313,-0.5236,-0.5236,0.12,-1.0,0.5042301225662231,1.338638048171997,0.0,0.0,-1.0253764218650758,2.356198977679014,0.5042301225662231,9.932957153320313,3.38157539954409,2.0,0.0,0.0,1.0,679.0,22.0
1788870522.3310409,1788870522.330944,0.5252553820610046,1.239188265055418,-0.8601395125129728,-0.5236,-0.5236,0.18229554403422782,0.0,0.5052553820610046,1.3614289569854736,0.0,0.0,-1.012286452576518,2.356198977679014,0.5052553820610046,9.939940910339356,3.3684854302555323,2.0,0.0,0.0,0.0,679.0,22.0
1788870522.4078362,1788870522.4075031,0.5264099836349487,1.2522782343439758,-0.8580706064978455,-0.5236,-0.5236,0.18329361834502506,0.0,0.5064099836349487,1.3857300090789795,0.0,0.0,-0.9991964832879603,2.356198977679014,0.5064099836349487,9.947126846313477,3.3553954609669745,2.0,0.0,0.0,0.0,681.0,22.0
1788870522.4831035,1788870522.4828854,0.527702808380127,1.2653682036325336,-0.8545393048038624,-0.5236,-0.5236,0.18434412725330862,0.0,0.5077028083801269,1.4116480159759521,0.0,0.0,-0.9861065139994025,2.356198977679014,0.5077028083801269,9.954482536315918,3.3423054916784167,2.0,0.0,0.0,0.0,681.0,22.0
1788870522.5554051,1788870522.5552893,0.5295704007148743,1.2871848191134632,-0.8495859897455961,-0.5236,-0.5236,0.18587039285388984,0.0,0.5095704007148742,1.448392014503479,0.0,0.0,-0.9686532216146588,2.356198977679014,0.5095704007148742,9.960132102966309,3.324852199293673,3.0,0.0,0.0,0.0,682.0,22.0
1788870522.6314762,1788870522.6313245,0.531852126121521,1.3046381114982069,-0.8406640092088733,-0.5236,-0.5236,0.18766344645735653,0.0,0.5118859815597534,1.4911680030822754,0.0,0.0,-0.9468366061337292,2.356198977679014,0.511852126121521,9.911723594665528,3.3030355838127434,3.0,0.0,0.0,0.0,681.0,22.0
1788870522.706726,1788870522.7066398,0.5344045758247375,1.3264547269791365,-0.830673050394387,-0.5236,-0.5236,0.18962620753570833,0.0,0.5146760749816894,1.5382050085067749,0.0,0.0,-0.9293833137489855,2.356198977679014,0.5144045758247375,9.938008766174317,3.2855822914279997,3.0,0.0,0.0,0.0,681.0,22.0
1788870522.7806358,1788870522.7805293,0.5372223258018494,1.3439080193638802,-0.8228171012740967,-0.5236,-0.5236,0.191725785386474,0.0,0.5179533171653747,1.5899740266799927,0.0,0.0,-0.9119300213642418,2.356198977679014,0.5172223258018493,9.96496437072754,3.268128999043256,3.0,0.0,0.0,0.0,683.0,23.0
1788870522.8557088,1788870522.855532,0.5402941703796387,1.3657246348448098,-0.8156464799235671,-0.5236,-0.5236,0.19394430968060902,0.0,0.5217202115058899,1.647057991027832,0.0,0.0,-0.8901134058833122,2.356198977679014,0.5202941703796387,9.91734073638916,3.2463123835623264,3.0,0.0,0.0,0.0,683.0,23.0
1788870522.932568,1788870522.932374,0.5439897775650024,1.3875412503257394,-0.8036874051048322,-0.5236,-0.5236,0.1965405673495634,0.0,0.5264602708816528,1.7175860214233398,0.0,0.0,-0.8682967904023826,2.356198977679014,0.5239897775650024,9.906388740539551,3.224495768081397,3.0,0.0,0.0,0.0,683.0,23.0
1788870523.0103729,1788870523.0099404,0.5467246174812317,1.404994542710483,-0.7961117666520822,-0.5236,-0.5236,0.19844339206048,0.0,0.530087571144104,1.770827989578247,0.0,0.0,-0.8552068211138248,2.356198977679014,0.5267246174812317,9.93113468170166,3.211405798792839,3.0,0.0,0.0,0.0,683.0,23.0
1788870523.0682447,1788870523.0679913,0.5511124134063721,1.4268111581914127,-0.7832985373498698,-0.5236,-0.5236,0.2014657543338964,0.0,0.5360873746871948,1.859304051399231,0.0,0.0,-0.8333902056328952,2.356198977679014,0.531112413406372,9.931458930969239,3.1895891833119094,3.0,0.0,0.0,0.0,684.0,23.0
1788870523.1362896,1788870523.1361268,0.5558369159698486,1.4529910967685282,-0.7722249491979468,-0.5236,-0.5236,0.20472307285414804,0.0,0.5427645850181579,1.9596969890594482,0.0,0.0,-0.8115735901519656,2.356198977679014,0.5358369159698486,9.932290534973145,3.16777256783098,3.0,0.0,0.0,0.0,686.0,23.0
1788870523.2099776,1788870523.209681,0.5608881711959839,1.4748077122494578,-0.7599243584926068,-0.5236,-0.5236,0.20823276098427954,0.0,0.5501339244842529,2.0415689754486084,0.0,0.0,-0.789756974671036,2.356198977679014,0.5408881711959839,9.933582763671875,3.14595595235005,3.0,0.0,0.0,0.0,686.0,24.0
1788870523.282177,1788870523.281995,0.5662702918052673,1.4966243277303874,-0.7476156668432351,-0.5236,-0.5236,0.21208742270799336,0.0,0.5582098174095154,2.042958002090454,0.0,0.0,-0.7679403591901064,2.356198977679014,0.5462702918052673,9.93536994934082,3.1241393368691206,3.0,0.0,0.0,0.0,687.0,24.0
1788870523.3592443,1788870523.3590322,0.5719810724258423,1.518440943211317,-0.7347196626143466,-0.5236,-0.5236,0.21631847498305057,0.0,0.5670112776756286,2.01760290145874,0.0,0.0,-0.7461237437091768,2.356198977679014,0.5519810724258423,9.937636833190918,3.102322721388191,3.0,0.0,0.0,0.0,688.0,24.0
1788870523.4337068,1788870523.4335575,0.5780078768730164,1.5446208817884326,-0.7195445235886859,-0.5236,-0.5236,0.22089819125340315,0.0,0.5765576767921448,2.0170259284973144,0.0,0.0,-0.7243071282282472,2.356198977679014,0.5580078768730163,9.940393905639649,3.0805061059072614,3.0,0.0,0.0,0.0,688.0,24.0
1788870523.5114472,1788870523.5113077,0.5843573808670044,1.5664374972693622,-0.7058715530051901,-0.5236,-0.5236,0.22591642984790578,0.0,0.5818853783607483,1.9906160640716553,0.0,0.0,-0.7024905127473176,2.356198977679014,0.5643573808670044,9.943769912719727,3.0586894904263318,3.0,0.0,0.0,0.0,689.0,24.0
1788870523.5878837,1788870523.5877411,0.5918774008750916,1.5664374972693622,-0.6890689605046446,-0.5236,-0.5236,0.23202609054400608,0.0,0.5847539710998535,1.976142029762268,0.0,0.0,-0.6806738972663879,2.356198977679014,0.5718774008750915,9.977570037841797,3.036872874945402,3.0,0.0,0.0,0.0,690.0,24.0
1788870523.6547728,1788870523.6546588,0.600436270236969,1.5664374972693622,-0.6734832572959135,-0.5236,-0.5236,0.23399999999999999,0.0,0.5885124015808105,1.9573370027542114,0.0,0.0,-0.6544939586892724,2.356198977679014,0.580436270236969,9.954811553955079,3.0106929363682866,3.0,0.0,0.0,0.0,690.0,26.0
1788870523.7319489,1788870523.731477,0.6098278760910034,1.5664374972693622,-0.6578525790929002,-0.5236,-0.5236,0.23399999999999999,0.0,0.5931343841552734,1.960862021446228,0.0,0.0,-0.6283140201121569,2.356198977679014,0.5898278760910034,9.932813148498536,2.984512997791171,3.0,0.0,0.0,0.0,691.0,26.0
1788870523.8081143,1788870523.8079722,0.6160559058189392,1.3831779272295535,-0.6391316845841903,-0.5236,-0.5236,0.23399999999999999,0.0,0.5986239719390869,1.939867000579834,0.0,0.0,-0.6064974046312273,2.356198977679014,0.5960559058189392,9.976464729309082,2.9626963823102415,3.0,0.0,0.0,0.0,693.0,26.0
1788870523.8807604,1788870523.8805885,0.6206982135772705,1.409357865806669,-0.6225896852978605,-0.5236,-0.5236,0.23399999999999999,0.0,0.6049942183494568,1.9181510019302368,0.0,0.0,-0.5803174660541117,2.356198977679014,0.6006982135772705,9.955448608398438,2.936516443733126,3.0,0.0,0.0,0.0,694.0,27.0
1788870523.9615688,1788870523.9613767,0.6257675886154175,1.4355378043837845,-0.6056733595190219,-0.5236,-0.5236,0.23399999999999999,0.0,0.6122640776634216,1.8957099723815918,0.0,0.0,-0.5541375274769962,2.356198977679014,0.6057675886154175,9.935058097839356,2.9103365051560104,3.0,0.0,0.0,0.0,695.0,27.0
1788870524.0346518,1788870524.0344608,0.6312596797943115,1.4617177429609,-0.5885463290166514,-0.5236,-0.5236,0.23399999999999999,0.0,0.6204523849487305,1.8941390323638916,0.0,0.0,-0.5279575888998806,2.356198977679014,0.6112596797943115,9.915302734375,2.884156566578895,3.0,0.0,0.0,0.0,696.0,28.0
1788870524.112489,1788870524.1123018,0.6371697187423706,1.4878976815380156,-0.5694230408343609,-0.5236,-0.5236,0.23399999999999999,0.0,0.6295804190635681,1.8697809982299805,0.0,0.0,-0.506140973418951,2.356198977679014,0.6171697187423706,9.96177433013916,2.8623399510979652,3.0,0.0,0.0,0.0,698.0,29.0
1788870524.1834853,1788870524.1832664,0.6413394808769226,1.5053509739227593,-0.5561302197324699,-0.5236,-0.5236,0.23399999999999999,0.0,0.6362004089355469,1.8672400522232055,0.0,0.0,-0.48868768103420734,2.356198977679014,0.6213394808769226,9.949306945800782,2.8448866587132215,3.0,0.0,0.0,0.0,698.0,29.0
1788870524.2621446,1788870524.2620122,0.6502243280410767,1.5402575586922467,-0.5319626731760697,-0.5236,-0.5236,0.23399999999999999,0.0,0.6507618832588196,1.839624981880188,0.0,0.0,-0.45378109626471996,2.356198977679014,0.6302243280410766,9.92521427154541,2.809980073943734,3.0,0.0,0.0,0.0,698.0,30.0
1788870524.3390737,1788870524.3389606,0.6573643088340759,1.5664374972693622,-0.5116223693514497,-0.5236,-0.5236,0.23399999999999999,0.0,0.6628849911689758,1.8128620195388794,0.0,0.0,-0.43196448078379035,2.356198977679014,0.6373643088340759,9.974263648986817,2.7881634584628046,3.0,0.0,0.0,0.0,700.0,31.0
1788870524.4062462,1788870524.4061437,0.6651955842971802,1.5664374972693622,-0.49285856057467087,-0.5236,-0.5236,0.23399999999999999,0.0,0.6760750818252563,1.8053509998321533,0.0,0.0,-0.4057845422066748,2.356198977679014,0.6451955842971802,9.95759246826172,2.761983519885689,3.0,0.0,0.0,0.0,701.0,31.0
1788870524.4914727,1788870524.4912448,0.6738904118537903,1.5664374972693622,-0.47391570021396545,-0.5236,-0.5236,0.23399999999999999,0.0,0.6903781104087829,1.7769529628753662,0.0,0.0,-0.3796046036295593,2.356198977679014,0.6538904118537903,9.941593627929688,2.7358035813085735,3.0,0.0,0.0,0.0,702.0,32.0
1788870524.5574412,1788870524.557321,0.6801726818084717,1.5664374972693622,-0.46108600694049223,-0.5236,-0.5236,0.23399999999999999,0.0,0.7005544114112854,1.7705700206756592,0.0,0.0,-0.3621513112448156,2.356198977679014,0.6601726818084717,9.931345443725586,2.71835028892383,3.0,0.0,0.0,0.0,702.0,32.0
1788870524.6284661,1788870524.628328,0.6903408169746399,1.5664374972693622,-0.44194559554510415,-0.5236,-0.5236,0.23399999999999999,0.0,0.7168217706680298,1.760042052268982,0.0,0.0,-0.33597137266770005,2.356198977679014,0.6703408169746399,9.916521530151368,2.6921703503467143,3.0,0.0,0.0,0.0,703.0,32.0
1788870524.6874163,1788870524.6871567,0.7014176845550537,1.5664374972693622,-0.41887168696607563,-0.5236,-0.5236,0.23399999999999999,0.0,0.7343433904647827,1.7294029998779297,0.0,0.0,-0.31415475718677044,2.356198977679014,0.6814176845550537,9.969290237426758,2.6703537348657846,3.0,0.0,0.0,0.0,705.0,33.0
1788870524.7556038,1788870524.7554352,0.7134330868721008,1.5664374972693622,-0.3980135362851332,-0.5236,-0.5236,0.23399999999999999,0.0,0.753189902305603,1.71670494556427,0.0,0.0,-0.2879748186096549,2.356198977679014,0.6934330868721008,9.955831031799317,2.644173796288669,3.0,0.0,0.0,0.0,706.0,34.0
1788870524.8347328,1788870524.834606,0.7264096736907959,1.5664374972693622,-0.3781825906515746,-0.5236,-0.5236,0.23399999999999999,0.0,0.7734296727180481,1.7028670120239258,0.0,0.0,-0.26179488003253937,2.356198977679014,0.7064096736907959,9.943165283203125,2.6179938577115536,3.0,0.0,0.0,0.0,706.0,34.0
1788870524.9057405,1788870524.9054642,0.7403681874275208,1.5664374972693622,-0.36052373045767705,-0.5236,-0.5236,0.23399999999999999,0.0,0.7951314258575439,1.6879260349273681,0.0,0.0,-0.23561494145542383,2.356198977679014,0.7203681874275207,9.931265335083008,2.591813919134438,3.0,0.0,0.0,0.0,708.0,36.0
1788870524.9916847,1788870524.9915388,0.7553548812866211,1.5664374972693622,-0.33915864684186725,-0.5236,-0.5236,0.23399999999999999,0.0,0.8183960723876953,1.6718929815292358,0.0,0.0,-0.2094350028783083,2.356198977679014,0.7353548812866211,9.920049171447754,2.5656339805573225,3.0,0.0,0.0,0.0,708.0,36.0
1788870525.0662317,1788870525.0661106,0.771404504776001,1.5664374972693622,-0.3165904178562851,-0.5236,-0.5236,0.23399999999999999,0.0,0.8433195161819458,1.6547560501098633,0.0,0.0,-0.18761838739737868,2.356198977679014,0.751404504776001,9.977161865234375,2.543817365076393,3.0,0.0,0.0,0.0,709.0,37.0
1788870525.1318517,1788870525.1317022,0.7827165722846985,1.5664374972693622,-0.3034483752136698,-0.5236,-0.5236,0.23399999999999999,0.0,0.8609117078781128,1.642721037864685,0.0,0.0,-0.170165095012635,2.356198977679014,0.7627165722846985,9.970636825561524,2.526364072691649,3.0,0.0,0.0,0.0,710.0,37.0
1788870525.1909764,1788870525.1907372,0.8006365895271301,1.5664374972693622,-0.2831825965307833,-0.5236,-0.5236,0.23399999999999999,0.0,0.8888501930236816,1.6237959671020508,0.0,0.0,-0.14398515643551946,2.356198977679014,0.7806365895271301,9.96143482208252,2.5001841341145337,3.0,0.0,0.0,0.0,710.0,38.0
1788870525.2586665,1788870525.258514,0.8197463154792786,1.5664374972693622,-0.26303177934102917,-0.5236,-0.5236,0.23399999999999999,0.0,0.9187711882591247,1.6037950325012207,0.0,0.0,-0.11780521785840392,2.356198977679014,0.7997463154792785,9.95307300567627,2.474004195537418,3.0,0.0,0.0,0.0,711.0,38.0
1788870525.3294656,1788870525.329291,0.8331751823425293,1.5664374972693622,-0.24954966852526,-0.5236,-0.5236,0.23399999999999999,0.0,0.9398926901817322,1.589868049621582,0.0,0.0,-0.10035192547366023,2.356198977679014,0.8131751823425293,9.947986106872559,2.4565509031526744,3.0,0.0,0.0,0.0,711.0,38.0
1788870525.3894744,1788870525.3892162,0.8543959856033325,1.5664374972693622,-0.23049736702448353,-0.5236,-0.5236,0.23399999999999999,0.0,0.9641024875640869,1.585355978012085,0.0,0.0,-0.0741719868965447,2.356198977679014,0.8343959856033325,9.940930824279786,2.430370964575559,3.0,0.0,0.0,0.0,712.0,39.0
1788870525.4585924,1788870525.4584963,0.8769714832305908,1.5664374972693622,-0.2104528327191678,-0.5236,-0.5236,0.23399999999999999,0.0,0.989531021118164,1.562358956336975,0.0,0.0,-0.04799204831942916,2.356198977679014,0.8569714832305908,9.93466709136963,2.4041910259984434,3.0,0.0,0.0,0.0,712.0,40.0
1788870525.533228,1788870525.5331047,0.9009807109832764,1.5664374972693622,-0.19038835894292813,-0.5236,-0.5236,0.23399999999999999,0.0,1.0167980003356933,1.5383209991455078,0.0,0.0,-0.021812109742313623,2.356198977679014,0.8809807109832763,9.929288368225098,2.378011087421328,3.0,0.0,0.0,0.0,713.0,40.0
1788870525.6031523,1788870525.6030238,0.9178212881088257,1.5664374972693622,-0.17698422558519442,-0.5236,-0.5236,0.23399999999999999,0.0,1.0360519695281982,1.5386789846420288,0.0,0.0,-0.004358817357569933,2.356198977679014,0.8978212881088257,9.926117401123047,2.360557795036584,3.0,0.0,0.0,0.0,713.0,40.0
1788870525.6623075,1788870525.6621199,0.9444023966789246,1.5664374972693622,-0.15762987857204125,-0.5236,-0.5236,0.23399999999999999,0.0,1.0666509675979614,1.5126989889144897,0.0,0.0,0.021821121219545603,2.356198977679014,0.9244023966789245,9.922094802856446,2.3343778564594686,3.0,0.0,0.0,0.0,714.0,42.0
1788870525.7296789,1788870525.7295508,0.9726545810699463,1.5664374972693622,-0.13731990818264667,-0.46638919798452705,-0.46638919798452705,0.23399999999999999,0.0,1.0994360256195068,1.5024950313568115,0.0,0.0,0.04800105979666114,2.356198977679014,0.9526545810699463,9.918855171203614,2.308197917882353,3.0,0.0,0.0,0.0,715.0,42.0
1788870525.8087516,1788870525.8085158,1.0003470182418823,1.5664374972693622,-0.11690272518549395,-0.40177886381086464,-0.40177886381086464,0.23399999999999999,0.0,1.134574990272522,1.491085033416748,0.0,0.0,0.07418099837377667,2.356198977679014,0.9803470182418823,9.91650245666504,2.2820179793052375,3.0,0.0,0.0,0.0,715.0,42.0
1788870525.8826041,1788870525.8823738,1.0234559774398804,1.5664374972693622,-0.09505139303345755,-0.33344877953820434,-0.33344877953820434,0.25800126771482496,0.0,1.172242980003357,1.4615490245819092,0.0,0.0,0.10036093695089221,2.356198977679014,1.0034559774398804,9.914954643249512,2.255838040728122,3.0,0.0,0.0,0.0,715.0,43.0
1788870525.955532,1788870525.9554417,1.0461989641189575,1.5664374972693622,-0.07590818160740322,-0.2700689606620445,-0.2700689606620445,0.2868498131068896,0.0,1.2091539907455444,1.4435050296783447,0.0,0.0,0.12217755243182182,2.356198977679014,1.0261989641189575,9.936937789916993,2.2340214252471924,3.0,0.0,0.0,0.0,716.0,43.0
1788870526.029709,1788870526.0295603,1.0679550170898438,1.5664374972693622,-0.057753413727396515,-0.21038833494798156,-0.21038833494798156,0.25362940679255885,0.0,1.24419997215271,1.438940029144287,0.0,0.0,0.1396308448165655,2.356198977679014,1.0479550170898437,9.975808601379395,2.2165681328624487,3.0,0.0,0.0,0.0,717.0,43.0
1788870526.1041174,1788870526.103953,1.0899399518966675,1.5664374972693622,-0.04485127743169341,-0.16358336193138773,-0.16358336193138773,0.21304417207761955,0.0,1.2792310523986816,1.4244350004196167,0.0,0.0,0.16144746029749513,2.356198977679014,1.0699399518966675,9.913880805969239,2.194751517381519,3.0,0.0,0.0,0.0,717.0,44.0
1788870526.1782868,1788870526.1782107,1.1123160123825073,1.5664374972693622,-0.052492435678300656,-0.1666580644988098,-0.1666580644988098,0.3168189446834363,0.0,1.314352970123291,1.3992019701004028,0.0,0.0,-0.22252497216686606,2.356198977679014,1.0923160123825073,9.31445930480957,2.5787239498458803,2.0,0.0,0.0,0.0,718.0,54.0
1788870526.2512197,1788870526.2511356,1.1317789554595947,1.5664374972693622,-0.04257158767100575,-0.14535777573269582,-0.14535777573269582,0.3063982405889993,0.0,1.3442499446868896,1.4983889865875244,0.0,0.0,-0.21379832597449422,2.356198977679014,1.1117789554595947,9.292801361083985,2.5699973036535084,2.0,0.0,0.0,0.0,719.0,55.0
1788870526.3043594,1788870526.3042269,1.1418410539627075,1.5664374972693622,-0.04115468627529464,-0.13579382997646874,-0.13579382997646874,0.29917759312171166,0.0,1.359330039024353,1.4971610116958618,0.0,0.0,-0.20507167978212237,2.356198977679014,1.1218410539627075,9.235268096923829,2.5612706574611366,2.0,0.0,0.0,0.0,719.0,56.0
1788870526.375642,1788870526.3754992,1.161195993423462,1.5664374972693622,-0.03274204417267501,-0.11408032793973266,-0.11408032793973266,0.29105970855475216,0.0,1.3886250066757202,1.4746880340576172,0.0,0.0,-0.19634503358975053,2.356198977679014,1.141195993423462,9.185442428588868,2.5525440112687647,2.0,0.0,0.0,0.0,719.0,57.0
1788870526.4284942,1788870526.4283185,1.175197958946228,1.5664374972693622,0.0015580743142220089,-0.030734011918062507,-0.030734011918062507,0.4454976314919328,0.0,1.409540991783142,1.4553479957580566,0.0,0.0,-1.5707918088883162,2.356198977679014,1.155197958946228,9.216129760742188,3.9269907865673304,1.0,0.0,0.0,0.0,720.0,79.0
1788870526.5033567,1788870526.5031705,1.1955660581588745,1.5664374972693622,0.008203487915642722,0.009155609355620943,0.009155609355620943,0.4519023178269345,0.0,1.439900975227356,1.4342920589447021,0.0,0.0,-1.5707918088883162,2.356198977679014,1.1755660581588745,9.148026924133301,3.9269907865673304,1.0,0.0,0.0,0.0,720.0,82.0
1788870526.5579762,1788870526.5577931,1.2084729671478271,1.5664374972693622,0.015959759488390676,0.0384965440606814,0.0384965440606814,0.4263378713634331,0.0,1.4588509607315063,1.4195020008087158,0.0,0.0,-1.5707918088883162,2.356198977679014,1.1884729671478271,9.15433261871338,3.9269907865673304,1.0,0.0,0.0,0.0,720.0,81.0
1788870526.626468,1788870526.6263645,1.2276910543441772,1.5664374972693622,0.020361979857809315,0.05715979809969728,0.05715979809969728,0.40645239551569584,0.0,1.4846780109405517,1.388998966217041,0.0,0.0,-1.5707918088883162,2.356198977679014,1.2076910543441772,9.063847045898438,3.9269907865673304,1.0,0.0,0.0,0.0,720.0,84.0
1788870526.683625,1788870526.6830926,1.2395529747009277,1.5664374972693622,0.024150273718825808,0.07124455256007899,0.07124455256007899,0.3927529801189451,0.0,1.498887996673584,1.3647399950027466,0.0,0.0,-1.5707918088883162,2.356198977679014,1.2195529747009277,9.04490421295166,3.9269907865673304,1.0,0.0,0.0,0.0,720.0,85.0
1788870526.7529416,1788870526.7528622,1.232835054397583,0.026184444315731525,0.02906126758966293,0.4906569065093994,0.4906569065093994,0.12,1.0,1.5151179838180542,1.3312970209121704,0.0,0.0,-1.5707918088883162,2.356198977679014,1.212835054397583,8.979899864196778,3.9269907865673304,1.0,0.0,0.0,1.0,720.0,87.0
1788870526.8260314,1788870526.825868,1.1913939714431763,0.01745779812335968,0.032299348972927265,0.5009342950820923,0.5009342950820923,0.12,1.0,1.5261549758911133,1.3051149654388428,0.0,0.0,-1.5707918088883162,2.356198977679014,1.1713939714431763,8.951327781677247,3.9269907865673304,1.0,0.0,0.0,1.0,720.0,89.0
1788870526.8791053,1788870526.8790123,1.1727700233459473,0.013094475027173758,0.034888050511723744,0.505553034210205,0.505553034210205,0.12,1.0,1.5316409873962402,1.2843220043182373,0.0,0.0,-1.5707918088883162,2.356198977679014,1.1527700233459472,8.941783409118653,3.9269907865673304,1.0,0.0,0.0,1.0,720.0,91.0
1788870526.9536488,1788870526.9534924,1.1629459857940674,0.008731151930987835,0.03492440647339841,0.5079893955230712,0.5079893955230712,0.12,1.0,1.5323070096969604,1.2692069816589355,0.0,0.0,-1.5707918088883162,2.356198977679014,1.1429459857940674,8.924783210754395,3.9269907865673304,1.0,0.0,0.0,1.0,720.0,91.0
1788870527.008427,1788870527.0083382,1.1631220579147339,0.008731151930987835,0.034894344625197936,0.507945729637146,0.507945729637146,0.12,1.0,1.5321739721298218,1.2693520593643188,0.0,0.0,-1.5707918088883162,2.356198977679014,1.1431220579147339,8.924858551025391,3.9269907865673304,1.0,0.0,0.0,1.0,720.0,91.0
1788870527.0798426,1788870527.0796869,1.163362979888916,0.008731151930987835,0.03485471084100203,0.5078859809875488,0.5078859809875488,0.12,1.0,1.5319920587539673,1.2695359992980957,0.0,0.0,-1.5707918088883162,2.356198977679014,1.143362979888916,8.925016860961914,3.9269907865673304,1.0,0.0,0.0,1.0,720.0,91.0
1788870527.1562726,1788870527.156159,1.1635370254516602,0.008731151930987835,0.034820074517102194,0.5078428176879882,0.5078428176879882,0.12,1.0,1.5318629550933838,1.2696599769592285,0.0,0.0,-1.5707918088883162,2.356198977679014,1.1435370254516601,8.925080757141114,3.9269907865673304,1.0,0.0,0.0,1.0,720.0,91.0
1788870527.2299943,1788870527.2296622,1.1636500358581543,0.008731151930987835,0.034794550530272396,0.5078147911071778,0.5078147911071778,0.12,1.0,1.531777958869934,1.2697419929504394,0.0,0.0,-1.5707918088883162,2.356198977679014,1.1436500358581543,8.925189476013184,3.9269907865673304,1.0,0.0,0.0,1.0,720.0,91.0
1788870527.304697,1788870527.3045971,1.1584999561309814,-0.004358817357569933,0.027295058665149106,0.5090920108795166,0.5090920108795166,0.12,1.0,1.5162889766693115,1.1384999561309814,0.0,0.0,-1.5707918088883162,2.356198977679014,1.1384999561309814,8.883583526611329,3.9269907865673304,1.0,0.0,0.0,1.0,720.0,92.0
1788870527.3812635,1788870527.3811557,1.1501970291137695,-0.021812109742313623,0.02470739160089517,0.5111511367797852,0.5111511367797852,0.12,1.0,1.4971420574188232,1.1301970291137695,0.0,0.0,-1.5707918088883162,2.356198977679014,1.1301970291137695,8.921880226135254,3.9269907865673304,1.0,0.0,0.0,1.0,720.0,92.0
1788870527.4541416,1788870527.4540687,1.1292970180511475,-0.04362872522324324,0.018697030821278996,0.5163343395233154,0.5163343395233154,0.12,1.0,1.4785350370407104,1.1092970180511474,0.0,0.0,-1.5707918088883162,2.356198977679014,1.1092970180511474,8.895388107299805,3.9269907865673304,1.0,0.0,0.0,1.0,720.0,93.0
1788870527.5320716,1788870527.5319602,1.1225249767303467,-0.06108201760798693,0.010132271007601867,0.518013805770874,0.518013805770874,0.12,1.0,1.4604569482803345,1.1025249767303467,0.0,0.0,-1.5707918088883162,2.356198977679014,1.1025249767303467,8.868354301452637,3.9269907865673304,1.0,0.0,0.0,1.0,720.0,95.0
1788870527.6045544,1788870527.6044247,1.1164560317993164,-0.07853530999273062,0.007062274743375725,0.5195189041137696,0.5195189041137696,0.12,1.0,1.4428349542617798,1.0964560317993164,0.0,0.0,-1.5707918088883162,2.356198977679014,1.0964560317993164,8.904134254455567,3.9269907865673304,1.0,0.0,0.0,1.0,720.0,94.0
1788870527.6803849,1788870527.680167,1.1113920211791992,-0.09598860237747431,-0.0018555180774671748,0.5207747787475585,0.5207747787475585,0.12,1.0,1.425520043373108,1.0913920211791992,0.0,0.0,-1.5707918088883162,2.356198977679014,1.0913920211791992,8.873607139587403,3.9269907865673304,1.0,0.0,0.0,1.0,720.0,95.0
1788870527.7554095,1788870527.75529,1.106943964958191,-0.113441894762218,-0.0047236480122003375,0.5218778966903687,0.5218778966903687,0.12,1.0,1.4086530017852783,1.086943964958191,0.0,0.0,-1.5707918088883162,2.356198977679014,1.086943964958191,8.906443099975586,3.9269907865673304,1.0,0.0,0.0,1.0,720.0,95.0
1788870527.8264241,1788870527.826283,1.09102201461792,-0.1352585102431476,-0.01108170104533351,0.5236,0.5236,0.12,1.0,1.3922159481048584,1.07102201461792,0.0,0.0,-1.5707918088883162,2.356198977679014,1.07102201461792,8.87414119720459,3.9269907865673304,1.0,0.0,0.0,1.0,720.0,96.0
1788870527.900981,1788870527.9007926,1.0878829956054688,-0.1527118026278913,-0.019311171634582857,0.5236,0.5236,0.12,1.0,1.3762010145187378,1.0678829956054687,0.0,0.0,-1.5707918088883162,2.356198977679014,1.0678829956054687,8.841234664916993,3.9269907865673304,1.0,0.0,0.0,1.0,720.0,97.0
1788870527.9542613,1788870527.9541116,1.0821939706802368,-0.16580177191644907,-0.021635663276699215,0.5236,0.5236,0.12,1.0,1.3657519626617431,1.0621939706802368,0.0,0.0,-1.5707918088883162,2.356198977679014,1.0621939706802368,8.883008460998536,3.9269907865673304,1.0,0.0,0.0,1.0,720.0,96.0
1788870528.0270288,1788870528.0268767,1.0686370134353638,-0.18761838739737868,-0.029331819007606563,0.5236,0.5236,0.12,1.0,1.350398998260498,1.0486370134353638,0.0,0.0,-1.5707918088883162,2.356198977679014,1.0486370134353638,8.848643760681153,3.9269907865673304,1.0,0.0,0.0,1.0,720.0,98.0
1788870528.0824094,1788870528.0823314,1.0637730360031128,-0.20070835668593645,-0.03210359315455523,0.5236,0.5236,0.12,1.0,1.3403960275650024,1.0437730360031128,0.0,0.0,-1.5707918088883162,2.356198977679014,1.0437730360031128,8.89003704071045,3.9269907865673304,1.0,0.0,0.0,1.0,720.0,97.0
1788870528.1514657,1788870528.1513383,1.0623970031738281,-0.21816164907068014,-0.04140890206818724,0.5236,0.5236,0.12,1.0,1.3257319736480713,1.042397003173828,0.0,0.0,-1.5707918088883162,2.356198977679014,1.042397003173828,8.855096321105957,3.9269907865673304,1.0,0.0,0.0,1.0,720.0,98.0
1788870528.2059486,1788870528.2058604,1.0580710172653198,-0.2312516183592379,-0.044166141141146434,0.5236,0.5236,0.12,1.0,1.3161749649047851,1.0380710172653198,0.0,0.0,-1.5707918088883162,2.356198977679014,1.0380710172653198,8.831774215698243,3.9269907865673304,1.0,0.0,0.0,1.0,720.0,99.0
1788870528.2772186,1788870528.277043,1.0467239618301392,-0.2530682338401675,-0.05085178970308506,0.5236,0.5236,0.12,1.0,1.3021650123596191,1.0267239618301391,0.0,0.0,-1.5707918088883162,2.356198977679014,1.0267239618301391,8.861049156188965,3.9269907865673304,1.0,0.0,0.0,1.0,720.0,100.0
1788870528.3514962,1788870528.3514175,1.0361230373382568,-0.27488484932109714,-0.057878400727581554,0.5236,0.5236,0.12,1.0,1.288527946472168,1.0161230373382568,0.0,0.0,-1.5707918088883162,2.356198977679014,1.0161230373382568,8.825734596252442,3.9269907865673304,1.0,0.0,0.0,1.0,720.0,100.0
1788870528.4088085,1788870528.408677,1.0327999591827393,-0.2879748186096549,-0.06130906360756455,0.5236,0.5236,0.12,1.0,1.279631953239441,1.0127999591827392,0.0,0.0,-1.5707918088883162,2.356198977679014,1.0127999591827392,8.866706352233887,3.9269907865673304,1.0,0.0,0.0,1.0,720.0,99.0
1788870528.4783251,1788870528.4782465,1.0232700109481812,-0.3097914340905845,-0.06899688851762667,0.5236,0.5236,0.12,1.0,1.266579966545105,1.0032700109481811,0.0,0.0,-1.5707918088883162,2.356198977679014,1.0032700109481811,8.83100555419922,3.9269907865673304,1.0,0.0,0.0,1.0,720.0,101.0
1788870528.5314364,1788870528.5313263,1.0204980373382568,-0.3228814033791423,-0.07257885175434849,0.5236,0.5236,0.12,1.0,1.258059959411621,1.0004980373382568,0.0,0.0,-1.5707918088883162,2.356198977679014,1.0004980373382568,8.872062187194825,3.9269907865673304,1.0,0.0,0.0,1.0,720.0,100.0
1788870528.602204,1788870528.602123,1.0119669437408447,-0.3446980188600719,-0.07889344432231656,0.5236,0.5236,0.12,1.0,1.2455500173568725,0.9919669437408447,0.0,0.0,-1.5707918088883162,2.356198977679014,0.9919669437408447,8.835916976928711,3.9269907865673304,1.0,0.0,0.0,1.0,720.0,102.0
1788870528.6765156,1788870528.6764002,1.0040600299835205,-0.3665146343410015,-0.08483667819954073,0.5236,0.5236,0.12,1.0,1.233345012664795,0.9840600299835205,0.0,0.0,-1.5707918088883162,2.356198977679014,0.9840600299835205,8.86478946685791,3.9269907865673304,1.0,0.0,0.0,1.0,720.0,102.0
1788870528.7297547,1788870528.7296307,1.0021189451217651,-0.3796046036295593,-0.0891556658815655,0.5236,0.5236,0.12,1.0,1.2253750371932983,0.9821189451217651,0.0,0.0,-1.5707918088883162,2.356198977679014,0.9821189451217651,8.840372543334961,3.9269907865673304,1.0,0.0,0.0,1.0,720.0,103.0
1788870528.799476,1788870528.7994037,0.9950835704803467,-0.4014212191104889,-0.09503160930494799,0.5236,0.5236,0.12,1.0,1.2136599826812744,0.9750835704803467,0.0,0.0,-1.5707918088883162,2.356198977679014,0.9750835704803467,8.869218330383301,3.9269907865673304,1.0,0.0,0.0,1.0,720.0,102.0
1788870528.8517928,1788870528.8517063,0.993601381778717,-0.41451118839904666,-0.10074198503554609,0.5236,0.5236,0.12,1.0,1.2060040044784546,0.973601381778717,0.0,0.0,-1.5707918088883162,2.356198977679014,0.973601381778717,8.84453914642334,3.9269907865673304,1.0,0.0,0.0,1.0,720.0,103.0
1788870528.9257302,1788870528.925655,0.9873818755149841,-0.4363278038799763,-0.10710140145540865,0.5236,0.5236,0.12,1.0,1.1947469520568847,0.9673818755149841,0.0,0.0,-1.5707918088883162,2.356198977679014,0.9673818755149841,8.873344879150391,3.9269907865673304,1.0,0.0,0.0,1.0,720.0,103.0
1788870528.97841,1788870528.9783115,0.9779735207557678,-0.45378109626471996,-0.1125024465574417,0.5236,0.5236,0.12,1.0,1.1873839902877807,0.9579735207557678,0.0,0.0,-1.5707918088883162,2.356198977679014,0.9579735207557678,8.848392944335938,3.9269907865673304,1.0,0.0,0.0,1.0,720.0,104.0
1788870529.0506878,1788870529.0506074,0.9727156162261963,-0.4755977117456496,-0.11625274189925186,0.5236,0.5236,0.12,1.0,1.1765539455413818,0.9527156162261963,0.0,0.0,-1.5707918088883162,2.356198977679014,0.9527156162261963,8.877072792053223,3.9269907865673304,1.0,0.0,0.0,1.0,720.0,104.0
1788870529.1064887,1788870529.1063795,0.9721297025680542,-0.48868768103420734,-0.12036767031226757,0.5236,0.5236,0.12,1.0,1.1694700527191162,0.9521297025680542,0.0,0.0,-1.5707918088883162,2.356198977679014,0.9521297025680542,8.851875762939454,3.9269907865673304,1.0,0.0,0.0,1.0,720.0,105.0
1788870529.1778965,1788870529.1773827,0.9675650000572205,-0.510504296515137,-0.1272045299864823,0.5236,0.5236,0.12,1.0,1.1590430545806885,0.9475650000572204,0.0,0.0,-1.5707918088883162,2.356198977679014,0.9475650000572204,8.880534629821778,3.9269907865673304,1.0,0.0,0.0,1.0,720.0,105.0
1788870529.2315183,1788870529.2314527,0.9596443176269531,-0.5279575888998806,-0.13244670824839186,0.5236,0.5236,0.12,1.0,1.15221999168396,0.9396443176269531,0.0,0.0,-1.5707918088883162,2.356198977679014,0.9396443176269531,8.85508487701416,3.9269907865673304,1.0,0.0,0.0,1.0,720.0,106.0
1788870529.3034651,1788870529.303379,0.9558842182159424,-0.5497742043808103,-0.139360382429416,0.5236,0.5236,0.12,1.0,1.1421750593185425,0.9358842182159424,0.0,0.0,-1.5707918088883162,2.356198977679014,0.9358842182159424,8.883745651245118,3.9269907865673304,1.0,0.0,0.0,1.0,720.0,105.0
1788870529.3759046,1788870529.3758106,0.952521026134491,-0.5715908198617399,-0.1467233866353702,0.5236,0.5236,0.12,1.0,1.132343988418579,0.932521026134491,0.0,0.0,-1.5707918088883162,2.356198977679014,0.932521026134491,8.845233421325684,3.9269907865673304,1.0,0.0,0.0,1.0,720.0,106.0
1788870529.4292932,1788870529.4291446,0.9456995725631714,-0.5890441122464836,-0.15021195359502473,0.5236,0.5236,0.12,1.0,1.1259089517593384,0.9256995725631714,0.0,0.0,-1.5707918088883162,2.356198977679014,0.9256995725631714,8.885986785888672,3.9269907865673304,1.0,0.0,0.0,1.0,720.0,107.0
1788870529.50328,1788870529.5029805,0.9430444240570068,-0.6108607277274132,-0.15729640044493487,0.5236,0.5236,0.12,1.0,1.116423945426941,0.9230444240570068,0.0,0.0,-1.5707918088883162,2.356198977679014,0.9230444240570068,8.847856025695801,3.9269907865673304,1.0,0.0,0.0,1.0,720.0,107.0
1788870529.5571916,1788870529.557102,0.9368947148323059,-0.6283140201121569,-0.16248282391684174,0.5236,0.5236,0.12,1.0,1.1102100419998169,0.9168947148323059,0.0,0.0,-1.5707918088883162,2.356198977679014,0.9168947148323059,8.886128883361817,3.9269907865673304,1.0,0.0,0.0,1.0,720.0,107.0
1788870529.6260695,1788870529.625984,0.9348841905593872,-0.6501306355930865,-0.16650551418197576,0.5236,0.5236,0.12,1.0,1.1010520267486572,0.9148841905593872,0.0,0.0,-1.5707918088883162,2.356198977679014,0.9148841905593872,8.850226860046387,3.9269907865673304,1.0,0.0,0.0,1.0,720.0,108.0
1788870529.6827564,1788870529.68268,0.9293420910835266,-0.6675839279778302,-0.17174589742255855,0.5236,0.5236,0.12,1.0,1.0950490045547485,0.9093420910835266,0.0,0.0,-1.5707918088883162,2.356198977679014,0.9093420910835266,8.886158447265625,3.9269907865673304,1.0,0.0,0.0,1.0,720.0,109.0
1788870529.7524137,1788870529.7518716,0.9279351830482483,-0.6894005434587598,-0.1786393048925478,0.5236,0.5236,0.12,1.0,1.0861979532241821,0.9079351830482483,0.0,0.0,-1.5707918088883162,2.356198977679014,0.9079351830482483,8.851991157531739,3.9269907865673304,1.0,0.0,0.0,1.0,720.0,109.0
1788870529.805155,1788870529.8048131,0.9229487776756287,-0.7068538358435035,-0.18232408009810536,0.5236,0.5236,0.12,1.0,1.0803949642181396,0.9029487776756286,0.0,0.0,-1.5707918088883162,2.356198977679014,0.9029487776756286,8.88605926513672,3.9269907865673304,1.0,0.0,0.0,1.0,720.0,109.0
1788870529.8758307,1788870529.8757217,0.9221047163009644,-0.7286704513244331,-0.18981399767890872,0.5236,0.5236,0.12,1.0,1.0718329954147339,0.9021047163009643,0.0,0.0,-1.5707918088883162,2.356198977679014,0.9021047163009643,8.908911209106446,3.9269907865673304,1.0,0.0,0.0,1.0,720.0,109.0
1788870529.931274,1788870529.931186,0.917635977268219,-0.7461237437091768,-0.19294366401149357,0.5236,0.5236,0.12,1.0,1.0662189531326294,0.897635977268219,0.0,0.0,-1.5707918088883162,2.356198977679014,0.897635977268219,8.885778884887696,3.9269907865673304,1.0,0.0,0.0,1.0,720.0,109.0
1788870530.0022595,1788870530.0021942,0.9173045754432678,-0.7679403591901064,-0.2002179027762965,0.5236,0.5236,0.12,1.0,1.0579320001602173,0.8973045754432678,0.0,0.0,-1.5707918088883162,2.356198977679014,0.8973045754432678,8.908665161132813,3.9269907865673304,1.0,0.0,0.0,1.0,720.0,109.0
1788870530.0770667,1788870530.0769756,0.9114168882369995,-0.7941202977672219,-0.20828900980193985,0.5236,0.5236,0.12,1.0,1.04980299949646,0.8914168882369995,0.0,0.0,-1.5707918088883162,2.356198977679014,0.8914168882369995,8.873689155578614,3.9269907865673304,1.0,0.0,0.0,1.0,720.0,108.0
1788870530.1314034,1788870530.1313164,0.9077751040458679,-0.8115735901519656,-0.21225100871670008,0.5236,0.5236,0.12,1.0,1.0444689798355102,0.8877751040458679,0.0,0.0,-1.5707918088883162,2.356198977679014,0.8877751040458679,8.908260803222657,3.9269907865673304,1.0,0.0,0.0,1.0,720.0,108.0
1788870530.2028916,1788870530.2023668,0.9082400798797607,-0.8333902056328952,-0.21950092530436638,0.5236,0.5236,0.12,1.0,1.0365929412841797,0.8882400798797607,0.0,0.0,-1.5707918088883162,2.356198977679014,0.8882400798797607,8.931404571533204,3.9269907865673304,1.0,0.0,0.0,1.0,720.0,108.0
1788870530.277647,1788870530.2775035,0.9034894704818726,-0.8595701442100108,-0.2253286599009792,0.5236,0.5236,0.12,1.0,1.0288619804382324,0.8834894704818725,0.0,0.0,-1.5707918088883162,2.356198977679014,0.8834894704818725,8.895904045104981,3.9269907865673304,1.0,0.0,0.0,1.0,720.0,107.0
1788870530.3311298,1788870530.3310688,0.9005761742591858,-0.8770234365947545,-0.22910978109211286,0.5236,0.5236,0.12,1.0,1.0237870025634765,0.8805761742591858,0.0,0.0,-1.5707918088883162,2.356198977679014,0.8805761742591858,8.93088291168213,3.9269907865673304,1.0,0.0,0.0,1.0,720.0,107.0
1788870530.4030511,1788870530.40297,0.9017502069473267,-0.8988400520756841,-0.23644563666689264,0.5236,0.5236,0.12,1.0,1.0162859964370727,0.8817502069473266,0.0,0.0,-1.5707918088883162,2.356198977679014,0.8817502069473266,8.954254608154297,3.9269907865673304,1.0,0.0,0.0,1.0,720.0,107.0
1788870530.4563012,1788870530.456104,0.899215817451477,-0.9162933444604278,-0.24059867670026727,0.5236,0.5236,0.12,1.0,1.0113600301742554,0.879215817451477,0.0,0.0,-1.5707918088883162,2.356198977679014,0.879215817451477,8.930182914733887,3.9269907865673304,1.0,0.0,0.0,1.0,720.0,106.0
1788870530.5302877,1788870530.5301878,0.8957393169403076,-0.9424732830375433,-0.24549200465287924,0.5236,0.5236,0.12,1.0,1.0040830183029175,0.8757393169403076,0.0,0.0,-1.5707918088883162,2.356198977679014,0.8757393169403076,8.953652839660645,3.9269907865673304,1.0,0.0,0.0,1.0,720.0,106.0
1788870530.6089602,1788870530.6080463,0.8926454186439514,-0.9686532216146588,-0.2504370056897297,0.5236,0.5236,0.12,1.0,0.9969349908828735,0.8726454186439514,0.0,0.0,-1.5707918088883162,2.356198977679014,0.8726454186439514,8.9175,3.9269907865673304,1.0,0.0,0.0,1.0,720.0,105.0
1788870530.6885555,1788870530.6884084,0.8946682214736938,-0.9904698370955884,-0.2568987979883752,0.5236,0.5236,0.12,1.0,0.989909987449646,0.8746682214736938,0.0,0.0,-1.5707918088883162,2.356198977679014,0.8746682214736938,8.941024284362793,3.9269907865673304,1.0,0.0,0.0,1.0,720.0,105.0
1788870530.7615602,1788870530.7614784,0.8921650052070618,-1.016649775672704,-0.26296723764572394,0.5236,0.5236,0.12,1.0,0.9830070543289184,0.8721650052070617,0.0,0.0,-1.5707918088883162,2.356198977679014,0.8721650052070617,8.964812736511231,3.9269907865673304,1.0,0.0,0.0,1.0,720.0,104.0
1788870530.830403,1788870530.8301694,0.8900058269500732,-1.0428297142498195,-0.27731662600253326,0.5236,0.5236,0.12,1.0,0.9762204098701477,0.8700058269500732,0.0,0.0,-1.5707918088883162,2.356198977679014,0.8700058269500732,8.9888529586792,3.9269907865673304,1.0,0.0,0.0,1.0,720.0,56.0
1788870530.9083166,1788870530.9081285,0.8881723284721375,-1.069009652826935,-0.2931478271612899,0.5236,0.5236,0.12,1.0,0.9695473718643188,0.8681723284721374,0.0,0.0,-1.5707918088883162,2.356198977679014,0.8681723284721374,9.013184051513672,3.9269907865673304,1.0,0.0,0.0,1.0,720.0,56.0
1788870530.9819338,1788870530.9817376,0.8915048241615295,-1.0820996221154928,-0.30233755963313025,0.5236,0.5236,0.12,1.0,0.9651607084274292,0.8715048241615295,0.0,0.0,-1.5707918088883162,2.356198977679014,0.8715048241615295,8.988405685424805,3.9269907865673304,1.0,0.0,0.0,1.0,720.0,56.0
1788870531.0457213,1788870531.0452483,0.8900805711746216,-1.1082795606926084,-0.31807093554026866,0.5236,0.5236,0.12,1.0,0.9586701798439026,0.8700805711746216,0.0,0.0,-1.5707918088883162,2.356198977679014,0.8700805711746216,9.012759666442872,3.9269907865673304,1.0,0.0,0.0,1.0,720.0,56.0
1788870531.1116517,1788870531.1114655,0.8889442086219788,-1.134459499269724,-0.33483224002278034,0.5236,0.5236,0.12,1.0,0.9522874760627746,0.8689442086219787,0.0,0.0,-1.5707918088883162,2.356198977679014,0.8689442086219787,9.037470321655274,3.9269907865673304,1.0,0.0,0.0,1.0,720.0,56.0
1788870531.183626,1788870531.1835063,0.8880919814109802,-1.1606394378468394,-0.34932500817091744,0.5236,0.5236,0.12,1.0,0.94601402759552,0.8680919814109802,0.0,0.0,-1.5707918088883162,2.356198977679014,0.8680919814109802,8.999922256469727,3.9269907865673304,1.0,0.0,0.0,1.0,720.0,56.0
1788870531.259685,1788870531.2592854,0.8915358185768127,-1.182456053327769,-0.36631640884462796,0.5236,0.5236,0.12,1.0,0.939736704826355,0.8715358185768127,0.0,0.0,-1.5707918088883162,2.356198977679014,0.8715358185768127,9.024634819030762,3.9269907865673304,1.0,0.0,0.0,1.0,720.0,56.0
1788870531.3370504,1788870531.3367383,0.8911185264587402,-1.2086359919048846,-0.3837236116136917,0.5236,0.5236,0.12,1.0,0.9333581733703613,0.8711185264587402,0.0,0.0,-1.5707918088883162,2.356198977679014,0.8711185264587402,9.049699287414551,3.9269907865673304,1.0,0.0,0.0,1.0,720.0,50.0
1788870531.4104035,1788870531.4102705,0.8909575939178467,-1.2348159304820001,-0.401385903879563,0.5236,0.5236,0.12,1.0,0.9268861222267151,0.8709575939178467,0.0,0.0,-1.5707918088883162,2.356198977679014,0.8709575939178467,9.07505844116211,3.9269907865673304,1.0,0.0,0.0,1.0,720.0,45.0
1788870531.492209,1788870531.4920366,0.8910390734672546,-1.2609958690591156,-0.41888451298894863,0.5236,0.5236,0.12,1.0,0.9203120875358581,0.8710390734672546,0.0,0.0,-1.5707918088883162,2.356198977679014,0.8710390734672546,9.100752334594727,3.9269907865673304,1.0,0.0,0.0,1.0,720.0,40.0
1788870531.5815313,1788870531.5813878,0.8949620127677917,-1.2740858383476734,-0.429070609797699,-0.5236,0.23746153919999996,0.23399999999999999,0.0,0.9158729124069214,0.8749620127677917,0.0,0.0,-1.5707918088883162,2.356198977679014,0.8749620127677917,9.075135688781739,3.9269907865673304,1.0,0.0,0.0,0.0,720.0,37.0
1788870531.6504045,1788870531.6503232,0.895344078540802,-1.300265776924789,-0.4467411074570123,-0.5236,0.016614508799999955,0.23399999999999999,0.0,0.9091388988494873,0.875344078540802,0.0,0.0,-1.5707918088883162,2.356198977679014,0.875344078540802,9.101033668518067,3.9269907865673304,1.0,0.0,0.0,0.0,720.0,32.0
1788870531.7190773,1788870531.7189603,0.8961741924285889,-1.3351723616942763,-0.49471677953672233,-0.5236,-0.20272344640000006,0.23399999999999999,0.0,0.9000177192687988,0.9062346029281616,0.0,0.0,-0.7155804820358753,2.356198977679014,0.9000177192687988,9.904845695495606,3.0717794597148895,2.0,0.0,0.0,0.0,719.0,13.0
1788870531.8014395,1788870531.8013153,0.8969554901123047,-1.3613523002713919,-0.5087180298848725,-0.5236,-0.4664167584000001,0.23399999999999999,0.0,0.8916758704185486,0.9300373005867004,0.0,0.0,-0.7286704513244331,2.356198977679014,0.8916758704185486,9.915547828674317,3.0848694290034473,2.0,0.0,0.0,0.0,719.0,7.0
1788870531.8610058,1788870531.8609061,0.8951742053031921,-1.3744422695599496,-0.5135137351937179,-0.5236,-0.5236,0.23399999999999999,0.0,0.8870745706558227,0.9391702818870544,0.0,0.0,-0.733033774420619,2.356198977679014,0.8870745706558227,9.95643280029297,3.089232752099633,2.0,0.0,0.0,0.0,719.0,5.0
1788870531.9310489,1788870531.9309773,0.8901041746139526,-1.3918955619446933,-0.511010067837852,-0.5236,-0.5236,0.23399999999999999,0.0,0.880053322315216,0.9469826030731201,0.0,0.0,-0.7286704513244331,2.356198977679014,0.880053322315216,9.943535308837891,3.0848694290034473,2.0,0.0,0.0,0.0,719.0,2.0
1788870532.0060945,1788870532.0059135,0.8804764151573181,-1.3962588850408792,-0.4987688572588531,-0.5236,-0.5236,0.23399999999999999,0.0,0.8782049822807312,0.9372839140892029,0.0,0.0,-0.7155804820358753,2.356198977679014,0.8782049822807312,9.972293357849122,3.0717794597148895,2.0,0.0,0.0,0.0,719.0,2.0
1788870532.062361,1788870532.062167,0.875717282295227,-1.3875322388485074,-0.48235068899136885,-0.5236,-0.5236,0.23399999999999999,0.0,0.8789874720573425,0.9230938959121704,0.0,0.0,-0.6981271896511316,2.356198977679014,0.8789874720573425,9.943592529296875,3.054326167330146,2.0,0.0,0.0,0.0,719.0,4.0
1788870532.1278884,1788870532.1277616,0.8643627166748047,-1.3788055926561356,-0.4570818213660198,-0.5236,-0.5236,0.23399999999999999,0.0,0.880935411453247,0.9013085174560547,0.0,0.0,-0.6719472510740161,2.356198977679014,0.880935411453247,9.919002990722657,3.0281462287530303,2.0,0.0,0.0,0.0,718.0,7.0
1788870532.2028446,1788870532.2027287,0.853028416633606,-1.3700789464637637,-0.43565145765020497,-0.5236,-0.5236,0.23399999999999999,0.0,0.8833104181289673,0.880557816028595,0.0,0.0,-0.6501306355930865,2.356198977679014,0.8833104181289673,9.97670696258545,3.0063296132721007,2.0,0.0,0.0,0.0,719.0,10.0
1788870532.27698,1788870532.276876,0.8442708253860474,-1.356988977175206,-0.41046880437109234,-0.5236,-0.5236,0.23399999999999999,0.0,0.8861182737350464,0.8607401061058044,0.0,0.0,-0.623950697015971,2.356198977679014,0.8861145186424255,9.953281860351563,2.980149674694985,2.0,0.0,0.0,0.0,719.0,13.0
1788870532.3314419,1788870532.3313642,0.8357967734336853,-1.35262565407902,-0.39355515340595704,-0.5236,-0.5236,0.23399999999999999,0.0,0.8884417223930359,0.8479988980293274,0.0,0.0,-0.6064974046312273,2.356198977679014,0.8882236886024475,9.938173751831055,2.9626963823102415,2.0,0.0,0.0,0.0,719.0,15.0
1788870532.4032416,1788870532.4031017,0.8267552852630615,-1.3395356847904623,-0.368228202114663,-0.5236,-0.5236,0.23399999999999999,0.0,0.8928060936927795,0.8295472073554992,0.0,0.0,-0.5803174660541117,2.356198977679014,0.8917441773414612,9.916043739318848,2.936516443733126,2.0,0.0,0.0,0.0,719.0,17.0
1788870532.4785755,1788870532.4784594,0.8151975274085999,-1.3308090385980904,-0.3425952450509767,-0.5236,-0.5236,0.23399999999999999,0.0,0.89823810338974,0.8118151831626892,0.0,0.0,-0.5541375274769962,2.356198977679014,0.895694773197174,9.894769172668457,2.9103365051560104,2.0,0.0,0.0,0.0,719.0,20.0
1788870532.5360582,1788870532.535795,0.8067535161972046,-1.3264457155019045,-0.3255388099120049,-0.5236,-0.5236,0.23399999999999999,0.0,0.9024590063095093,0.8003625082969665,0.0,0.0,-0.5366842350922525,2.356198977679014,0.8985665845870972,9.881065826416016,2.8928832127712667,2.0,0.0,0.0,0.0,719.0,22.0
1788870532.6063724,1788870532.6062257,0.7972872853279114,-1.3133557462133467,-0.3032861328648495,-0.5236,-0.5236,0.23399999999999999,0.0,0.9097013282775879,0.7836965131759643,0.0,0.0,-0.5148676196113229,2.356198977679014,0.903228919506073,9.964113693237305,2.871066597290337,2.0,0.0,0.0,0.0,719.0,25.0
1788870532.6777017,1788870532.6775515,0.7856004238128662,-1.3046291000209749,-0.2774052557750161,-0.5236,-0.5236,0.23399999999999999,0.0,0.9180549788475036,0.7675983119010925,0.0,0.0,-0.48868768103420734,2.356198977679014,0.9083149838447571,9.943102340698243,2.8448866587132215,2.0,0.0,0.0,0.0,719.0,28.0
1788870532.734692,1788870532.7346065,0.7771576046943665,-1.300265776924789,-0.2601821884887912,-0.5236,-0.5236,0.23399999999999999,0.0,0.9242527890205383,0.7571576046943664,0.0,0.0,-0.47123438864946365,2.356198977679014,0.9119397211074829,9.929908256530762,2.827433366328478,2.0,0.0,0.0,0.0,719.0,30.0
1788870532.8040457,1788870532.8039408,0.7672696113586426,-1.2871758076362312,-0.23437389604658534,-0.5236,-0.5236,0.23399999999999999,0.0,0.9345127749443054,0.7472696113586426,0.0,0.0,-0.4450544500723481,2.356198977679014,0.9177251863479614,9.911316375732422,2.8012534277513623,2.0,0.0,0.0,0.0,719.0,33.0
1788870532.8799849,1788870532.8786337,0.7554323077201843,-1.2784491614438593,-0.20830588459857602,-0.5236,-0.5236,0.23399999999999999,0.0,0.9459547209739685,0.7354323077201843,0.0,0.0,-0.4188745114952326,2.356198977679014,0.9239250826835632,9.894166450500489,2.775073489174247,2.0,0.0,0.0,0.0,719.0,36.0
1788870532.965612,1788870532.9651053,0.743558406829834,-1.2697225152514875,-0.1821864768412404,-0.5236,-0.5236,0.23399999999999999,0.0,0.9586126017570495,0.723558406829834,0.0,0.0,-0.39269457291811705,2.356198977679014,0.9305336284637451,9.878495674133301,2.7488935505971313,2.0,0.0,0.0,0.0,719.0,39.0
1788870533.0356262,1788870533.0355058,0.7401229739189148,-1.2653591921553016,-0.17343081645972871,-0.5236,-0.5236,0.23399999999999999,0.0,0.9631088781356811,0.7201229739189148,0.0,0.0,-0.3839679267257452,2.356198977679014,0.9328266787528992,9.873606185913086,2.7401669044047594,2.0,0.0,0.0,0.0,719.0,40.0
1788870533.1063962,1788870533.106267,0.7281593084335327,-1.2566325459629297,-0.14731511435466454,-0.5021988661123098,-0.5021988661123098,0.23399999999999999,0.0,0.9774545240402222,0.7081593084335327,0.0,0.0,-0.35778798814862967,2.356198977679014,0.9399776268005371,9.860002975463868,2.713986965827644,2.0,0.0,0.0,0.0,719.0,43.0
1788870533.1913552,1788870533.191096,0.7112141847610474,-1.2479058997705579,-0.08167037650554233,-0.3336013032061078,-0.3336013032061078,0.2578905744493488,0.0,0.9986460018157959,0.6912141847610473,0.0,0.0,-1.5707918088883162,2.356198977679014,0.6912141847610473,8.873857955932618,3.9269907865673304,1.0,0.0,0.0,0.0,720.0,59.0
1788870533.256552,1788870533.2563472,0.699192225933075,-1.239179253578186,-0.05510372211175024,-0.22351272849215287,-0.22351272849215287,0.3377867898643657,0.0,1.0161549854278564,0.6791922259330749,0.0,0.0,-1.5707918088883162,2.356198977679014,0.6791922259330749,8.86224983215332,3.9269907865673304,1.0,0.0,0.0,0.0,720.0,62.0
1788870533.337767,1788870533.3376696,0.688345193862915,-1.2304526073858142,-0.031907166643940714,-0.13852587183007306,-0.13852587183007306,0.3994655628429569,0.0,1.0336489486694336,0.668345193862915,0.0,0.0,-1.5707918088883162,2.356198977679014,0.668345193862915,8.8811869430542,3.9269907865673304,1.0,0.0,0.0,0.0,720.0,63.0
1788870533.4048624,1788870533.4047644,0.6773462295532227,-1.2348159304820001,-0.011450254474877295,-0.06720633157274707,-0.06720633157274707,0.4512253514177924,0.0,1.0484590339660644,0.6573462295532226,0.0,0.0,-1.5707918088883162,2.356198977679014,0.6573462295532226,8.813149909973145,3.9269907865673304,1.0,0.0,0.0,0.0,720.0,64.0
1788870533.483706,1788870533.4836009,0.6613696813583374,-1.2566325459629297,0.01102767683454484,0.0045400966375563154,0.0045400966375563154,0.49670504827679257,0.0,1.0676319408416748,0.6413696813583374,0.0,0.0,-1.5707918088883162,2.356198977679014,0.6413696813583374,8.767640571594239,3.9269907865673304,1.0,0.0,0.0,0.0,720.0,64.0
1788870533.5556693,1788870533.555578,0.6499735116958618,-1.2828124845400453,0.02094450200066199,0.048277713472749756,0.048277713472749756,0.4649626983964001,0.0,1.0787379550933838,0.6299735116958618,0.0,0.0,-1.5707918088883162,2.356198977679014,0.6299735116958618,8.782292823791504,3.9269907865673304,1.0,0.0,0.0,0.0,720.0,59.0
1788870533.6283243,1788870533.628256,0.639687180519104,-1.3220823924057186,0.029903293446427667,0.0814666913618229,0.0814666913618229,0.44087596883595737,0.0,1.0789140272140503,0.6231897282600403,0.0,0.0,-1.5707918088883162,2.356198977679014,0.619687180519104,8.713205795288086,3.9269907865673304,1.0,0.0,0.0,0.0,720.0,54.0
1788870533.6835325,1788870533.683456,0.6337553262710571,-1.3613523002713919,0.02751172975912036,0.08606628206897649,0.08606628206897649,0.4375378395985273,0.0,1.0767240333557129,0.6227125930786133,0.0,0.0,-1.5707918088883162,2.356198977679014,0.6137553262710571,8.744833450317383,3.9269907865673304,1.0,0.0,0.0,0.0,720.0,48.0
1788870533.7519536,1788870533.7518308,0.6281914710998535,-1.4224388236179948,0.02310448676425628,0.07757393497262702,0.07757393497262702,0.4437011167119972,0.0,1.0713950204849243,0.6239027786254883,0.0,0.0,-1.5707918088883162,2.356198977679014,0.6081914710998535,8.701976280212403,3.9269907865673304,1.0,0.0,0.0,0.0,720.0,38.0
1788870533.8268402,1788870533.826712,0.6263462901115417,-1.4835253469645977,0.011760814391625378,0.04961640472902895,0.04961640472902895,0.46399115012026165,0.0,1.064149956703186,0.6272442150115967,0.0,0.0,-1.5707918088883162,2.356198977679014,0.6063462901115417,8.729773025512696,3.9269907865673304,1.0,0.0,0.0,0.0,720.0,28.0
1788870533.8818426,1788870533.8816829,0.6262618899345398,-1.527158577926457,0.006680958576779215,0.029850268630694135,0.029850268630694135,0.4783363214674107,0.0,1.0592189836502075,0.6297862935066223,0.0,0.0,-1.5707918088883162,2.356198977679014,0.6062618899345398,8.682068328857422,3.9269907865673304,1.0,0.0,0.0,0.0,720.0,21.0
1788870533.9529877,1788870533.9528732,0.6278703808784485,-1.5707918088883162,-0.00464459014260018,-0.001448801330216161,-0.001448801330216161,0.4989485399054963,0.0,1.0519159841537475,0.6335912156105041,0.0,0.0,-1.5707918088883162,2.356198977679014,0.6078703808784485,8.716079216003418,3.9269907865673304,1.0,0.0,0.0,0.0,720.0,14.0
1788870534.02868,1788870534.0284193,0.6296700835227966,-1.5707918088883162,-0.045727825328967096,-0.10286496913595114,-0.10286496913595114,0.4253462790839163,0.0,1.0455720233917236,0.6363944220542908,0.0,0.0,-0.26179488003253937,2.356198977679014,1.018025975227356,9.875998001098633,2.6179938577115536,2.0,0.0,0.0,0.0,719.0,0.0
1788870534.1045127,1788870534.1043837,0.6310731172561646,-1.5707918088883162,-0.05003656692274908,-0.14294140064774327,-0.14294140064774327,0.39626101557268445,0.0,1.0398139762878418,0.6384411263465881,0.0,0.0,-0.2661582031287253,2.356198977679014,1.0206399965286255,9.84979103088379,2.6223571808077395,2.0,0.0,0.0,0.0,719.0,0.0
1788870534.1764278,1788870534.1763184,0.6316345930099487,-1.5707918088883162,-0.05378171268859418,-0.16335345661677395,-0.16335345661677395,0.3814470712101335,0.0,1.0352020072937012,0.6390073108673096,0.0,0.0,-0.2705215262249112,2.356198977679014,1.0231159734725952,9.939291458129883,2.6267205039039254,2.0,0.0,0.0,0.0,719.0,0.0
1788870534.2299297,1788870534.2297714,0.6307600140571594,-1.5707918088883162,-0.04954385679962492,-0.15998427621619202,-0.15998427621619202,0.3838922365123129,0.0,1.0342819499969482,0.637252311706543,0.0,0.0,-0.2661582031287253,2.356198977679014,1.0214769649505615,9.904429893493653,2.6223571808077395,2.0,0.0,0.0,0.0,719.0,0.0
1788870534.3012621,1788870534.3011267,0.6274533271789551,-1.5707918088883162,-0.036637343586279014,-0.1300629324981226,-0.1300629324981226,0.40560749742305846,0.0,1.0362909841537475,0.6315567898750305,0.0,0.0,-0.2530682338401675,2.356198977679014,1.0213769483566284,9.824619750976563,2.6092672115191817,2.0,0.0,0.0,0.0,718.0,0.0
1788870534.3542488,1788870534.354169,0.6247314214706421,-1.5620651626959443,-0.027791713052260997,-0.10127231698650141,-0.10127231698650141,0.4265021381686964,0.0,1.038629035949707,0.6270891237258911,0.0,0.0,-0.24434158764779568,2.356198977679014,1.0220060157775879,9.814813117980957,2.60054056532681,2.0,0.0,0.0,0.0,718.0,0.0
1788870534.426846,1788870534.426739,0.6204268932342529,-1.5489751934073865,-0.01467484338510909,-0.06325334427859479,-0.06325334427859479,0.45409421156251717,0.0,1.0425449419021606,0.6203697729110718,0.0,0.0,-0.2312516183592379,2.356198977679014,1.0232519912719726,9.787482719421387,2.587450596038252,2.0,0.0,0.0,0.0,718.0,0.0
1788870534.5030134,1788870534.5028975,0.616292417049408,-1.5358852241188288,-0.005364854441741989,-0.0309932772330805,-0.0309932772330805,0.4775067888682762,0.0,1.0459070014953613,0.6142982053756714,0.0,0.0,-0.22252497216686606,2.356198977679014,1.0241830158233642,9.841456871032715,2.5787239498458803,2.0,0.0,0.0,0.0,719.0,0.0
1788870534.5572238,1788870534.5571375,0.6136885285377502,-1.5315219010226429,0.003110204271436435,-0.002331125601906536,-0.002331125601906536,0.4983081976151175,0.0,1.0476499605178833,0.6106716203689575,0.0,0.0,-0.21379832597449422,2.356198977679014,1.0245330142974853,9.721291999816895,2.5699973036535084,2.0,0.0,0.0,0.0,718.0,0.0
1788870534.6275933,1788870534.6269932,0.6102368235588074,-1.522795254830271,0.008248933793675065,0.017778274017260186,0.017778274017260186,0.4870975093075652,0.0,1.0490699815750122,0.6061370778083801,0.0,0.0,-0.2094350028783083,2.356198977679014,1.024402003288269,9.75597999572754,2.5656339805573225,2.0,0.0,0.0,0.0,718.0,0.0
1788870534.7009826,1788870534.700877,0.6075062155723572,-1.522795254830271,0.012799421844601828,0.03400418713708615,0.03400418713708615,0.4753216365315265,0.0,1.0487270164489746,0.6028693723678589,0.0,0.0,-0.20507167978212237,2.356198977679014,1.0233210134506225,9.658657531738282,2.5612706574611366,2.0,0.0,0.0,0.0,717.0,0.0
1788870534.7544603,1788870534.7543967,0.6061248183250427,-1.518431931734085,0.013098647427632722,0.039542226379023146,0.039542226379023146,0.4713024331091887,0.0,1.0474599409103393,0.6039727139472961,0.0,0.0,-0.20507167978212237,2.356198977679014,1.0220349836349487,9.62404582977295,2.5612706574611366,2.0,0.0,0.0,0.0,717.0,0.0
1788870534.833409,1788870534.83332,0.604640781879425,-1.522795254830271,0.009428644143483256,0.03298283079510944,0.03298283079510944,0.4760628806299817,0.0,1.044558982849121,0.6067467737197876,0.0,0.0,-0.2094350028783083,2.356198977679014,1.0195530462265014,9.660691719055176,2.5656339805573225,2.0,0.0,0.0,0.0,717.0,0.0
1788870534.90152,1788870534.9013114,0.6038525104522705,-1.527158577926457,0.005750210854196845,0.022775321551933764,0.022775321551933764,0.4834709278270916,0.0,1.0405740547180176,0.6106023001670837,0.0,0.0,-0.21379832597449422,2.356198977679014,1.016458969116211,9.625159721374512,2.5699973036535084,2.0,0.0,0.0,0.0,716.0,0.0
1788870534.9573584,1788870534.957223,0.6035345196723938,-1.527158577926457,0.0018603438764020711,0.01099976674872077,0.01099976674872077,0.49201697600360217,0.0,1.0376159954071045,0.6134971189498901,0.0,0.0,-0.21816164907068014,2.356198977679014,1.0141830253601074,9.637393455505372,2.5743606267496943,2.0,0.0,0.0,0.0,716.0,0.0
1788870535.0280597,1788870535.0279522,0.6033949255943298,-1.5620651626959443,-0.002061706275071164,-0.0013182920315431758,-0.0013182920315431758,0.49904325635602287,0.0,1.0333610582351684,0.6176960277557373,0.0,0.0,-0.22252497216686606,2.356198977679014,1.010804991722107,9.597761611938477,2.5787239498458803,2.0,0.0,0.0,0.0,716.0,0.0
1788870535.0871587,1788870535.0870812,0.6049004197120667,-1.5707918088883162,-0.0020608743146174995,-0.005011846074206152,-0.005011846074206152,0.49636267855577093,0.0,1.0308639812469482,0.6201656866073608,0.0,0.0,-0.22252497216686606,2.356198977679014,1.008710961341858,9.49525115966797,2.5787239498458803,2.0,0.0,0.0,0.0,715.0,0.0
1788870535.1521707,1788870535.1519568,0.6077542901039124,-1.5707918088883162,-0.0056854368557879365,-0.014238932379226825,-0.014238932379226825,0.4896661682503701,0.0,1.0275399494171142,0.6234329152107239,0.0,0.0,-0.226888295263052,2.356198977679014,1.0057409811019897,9.53618953704834,2.583087272942066,2.0,0.0,0.0,0.0,715.0,0.0
1788870535.2264454,1788870535.2260008,0.6102054715156555,-1.5707918088883162,-0.005208356258335833,-0.015938397732440313,-0.015938397732440313,0.4884327900337523,0.0,1.0248919534683227,0.6260008025169372,0.0,0.0,-0.226888295263052,2.356198977679014,1.003116946220398,9.472755889892579,2.583087272942066,2.0,0.0,0.0,0.0,714.0,0.0
1788870535.2807803,1788870535.2807043,0.6117379069328308,-1.5707918088883162,-0.00495249390969485,-0.01587510567744856,-0.01587510567744856,0.4884787239162902,0.0,1.0232790517807007,0.6275523710250854,0.0,0.0,-0.226888295263052,2.356198977679014,1.0014600563049316,9.440776329040528,2.583087272942066,2.0,0.0,0.0,0.0,714.0,0.0
1788870535.3529077,1788870535.3523653,0.613679826259613,-1.5707918088883162,-0.004510899922617442,-0.01486694752989764,-0.01486694752989764,0.4892103894931988,0.0,1.0213780212402344,0.6293495106697082,0.0,0.0,-0.226888295263052,2.356198977679014,0.9992999839782715,9.424806098937989,2.583087272942066,2.0,0.0,0.0,0.0,713.0,0.0
1788870535.408859,1788870535.4084916,0.6148437261581421,-1.5707918088883162,-0.004138376298082283,-0.013730047166673608,-0.013730047166673608,0.49003548906925903,0.0,1.020274977684021,0.6303745913505554,0.0,0.0,-0.226888295263052,2.356198977679014,0.9979840326309204,9.421950798034668,2.583087272942066,2.0,0.0,0.0,0.0,713.0,0.0
1788870535.480931,1788870535.4808025,0.6165348887443542,-1.5707918088883162,0.00019114025406750785,-0.003690859980890865,-0.003690859980890865,0.4973213774011869,0.0,1.0186790037155151,0.6318527269363403,0.0,0.0,-0.22252497216686606,2.356198977679014,0.9960720348358154,9.26116512298584,2.5787239498458803,2.0,0.0,0.0,0.0,712.0,0.0
1788870535.5557396,1788870535.5556524,0.6182026267051697,-1.5707918088883162,0.000873126845518227,0.0008485461396935687,0.0008485461396935687,0.4993841720147373,0.0,1.0170899438858032,0.6333253192901611,0.0,0.0,-0.22252497216686606,2.356198977679014,0.9941810178756714,9.252417068481446,2.5787239498458803,2.0,0.0,0.0,0.0,711.0,0.0
1788870535.6281235,1788870535.6280396,0.6199095249176025,-1.5707918088883162,0.0015180168101282389,0.0036549214965953254,0.0036549214965953254,0.4973474595708437,0.0,1.0154429483413696,0.6348480987548828,0.0,0.0,-0.22252497216686606,2.356198977679014,0.9922450590133667,9.239477615356446,2.5787239498458803,2.0,0.0,0.0,0.0,711.0,0.0
1788870535.701617,1788870535.7015433,0.6219418048858643,-1.5707918088883162,0.002053725476616648,0.005696821516599889,0.005696821516599889,0.4958655611606036,0.0,1.0132709550857544,0.6369135189056396,0.0,0.0,-0.22252497216686606,2.356198977679014,0.9900289583206177,9.186586837768555,2.5787239498458803,2.0,0.0,0.0,0.0,710.0,0.0
1788870535.7562616,1788870535.7561874,0.6234077215194702,-1.5707918088883162,0.002520570851209801,0.0073551251616899216,0.0073551251616899216,0.4946620558414015,0.0,1.0116439867019653,0.6384746837615967,0.0,0.0,-0.22252497216686606,2.356198977679014,0.9884530115127563,9.138297538757325,2.5787239498458803,2.0,0.0,0.0,0.0,709.0,0.0
1788870535.8285089,1788870535.8284335,0.6257067918777466,-1.5707918088883162,-0.0008313966472310983,0.00034420905870931643,0.00034420905870931643,0.4997501920505929,0.0,1.0090520191192627,0.6384460735321045,0.0,0.0,-0.226888295263052,2.356198977679014,0.9859969425201416,9.211710433959961,2.583087272942066,2.0,0.0,0.0,0.0,709.0,0.0
1788870535.9022236,1788870535.9021418,0.6281114220619202,-1.5707918088883162,-0.00034375282613650156,-0.0006667436129329685,-0.0006667436129329685,0.4995161142610494,0.0,1.0063030529022217,0.6382006216049194,0.0,0.0,-0.226888295263052,2.356198977679014,0.9834459829330444,9.118472557067872,2.583087272942066,2.0,0.0,0.0,0.0,708.0,0.0
1788870535.9551146,1788870535.9549944,0.6297670006752014,-1.5707918088883162,-7.598567590741635e-05,-0.0003702309979125032,-0.0003702309979125032,0.4997313067624012,0.0,1.0043970155715942,0.6381078767776489,0.0,0.0,-0.226888295263052,2.356198977679014,0.9816989707946777,9.052257041931153,2.583087272942066,2.0,0.0,0.0,0.0,707.0,0.0
1788870536.0285723,1788870536.0283325,0.6320751905441284,-1.5707918088883162,-0.00339192376314171,-0.007708978528811181,-0.007708978528811181,0.49440524858489643,0.0,1.00183198928833,0.6376995849609375,0.0,0.0,-0.2312516183592379,2.356198977679014,0.9792284178733826,9.132074813842774,2.587450596038252,2.0,0.0,0.0,0.0,707.0,0.0
1788870536.1023917,1788870536.102306,0.6342999935150146,-1.5707918088883162,-0.0028923283767642886,-0.00879150912259536,-0.00879150912259536,0.49361960758864354,0.0,0.999394040107727,0.6371729779243469,0.0,0.0,-0.2312516183592379,2.356198977679014,0.976831476688385,9.063359718322754,2.587450596038252,2.0,0.0,0.0,0.0,706.0,0.0
1788870536.1565714,1788870536.1564991,0.6344146728515625,-1.5620651626959443,-0.0026882806843117886,-0.008659201469637015,-0.008659201469637015,0.49371562918551937,0.0,0.9977710056304931,0.6368201184272766,0.0,0.0,-0.2312516183592379,2.356198977679014,0.9752359199523926,9.017498474121094,2.587450596038252,2.0,0.0,0.0,0.0,706.0,0.0
1788870536.2252917,1788870536.2250829,0.6337239742279053,-1.5577018395997584,-0.0019592225570813308,-0.006986418968753286,-0.006986418968753286,0.49492964245965193,0.0,0.9956749486923218,0.6359774279594421,0.0,0.0,-0.2312516183592379,2.356198977679014,0.9730288791656494,8.973473052978516,2.587450596038252,2.0,0.0,0.0,0.0,705.0,0.0
1788870536.2795494,1788870536.2794602,0.6331890821456909,-1.5577018395997584,-0.0015893983446161335,-0.005656177982566125,-0.005656177982566125,0.4958950579958458,0.0,0.9943890380859375,0.635311107635498,0.0,0.0,-0.2312516183592379,2.356198977679014,0.9716331768035888,8.950117568969727,2.587450596038252,2.0,0.0,0.0,0.0,705.0,0.0
1788870536.3528857,1788870536.3527484,0.6323533058166504,-1.5577018395997584,-0.0009018337433395556,-0.003716960979850442,-0.003716960979850442,0.4973024347357846,0.0,0.9924950408935547,0.6342763113975525,0.0,0.0,-0.2312516183592379,2.356198977679014,0.9695746111869812,8.915237884521485,2.587450596038252,2.0,0.0,0.0,0.0,704.0,0.0
1788870536.405016,1788870536.4048924,0.6318176984786987,-1.5577018395997584,0.0033667415845880103,0.00642641285552201,0.00642641285552201,0.4953360640085975,0.0,0.991178970336914,0.6336340713500976,0.0,0.0,-0.2312516183592379,2.356198977679014,0.968182008266449,8.886332969665528,2.587450596038252,2.0,0.0,0.0,0.0,704.0,0.0
1788870536.4778848,1788870536.4777806,0.6310245990753174,-1.5577018395997584,0.004128915158639385,0.011176693812008826,0.011176693812008826,0.49188857209976444,0.0,0.9891739892959595,0.6326976823806763,0.0,0.0,-0.2312516183592379,2.356198977679014,0.9660789179801941,8.839314918518067,2.587450596038252,2.0,0.0,0.0,0.0,703.0,0.0
1788870536.5343778,1788870536.5342274,0.6305286288261414,-1.5577018395997584,0.00457322229720997,0.013597026089352982,0.013597026089352982,0.4901320284301869,0.0,0.9877669620513916,0.6321363258361816,0.0,0.0,-0.2312516183592379,2.356198977679014,0.9646438765525818,8.801842193603516,2.587450596038252,2.0,0.0,0.0,0.0,702.0,0.0
1788870536.601858,1788870536.6017513,0.6300290822982788,-1.5577018395997584,0.005169801762512569,0.01565946377483405,0.01565946377483405,0.4886352249151319,0.0,0.9852059888839722,0.6317059206962585,0.0,0.0,-0.2312516183592379,2.356198977679014,0.9622492003440857,8.712457160949707,2.587450596038252,2.0,0.0,0.0,0.0,701.0,0.0
1788870536.6548562,1788870536.6547236,0.6298511028289795,-1.5577018395997584,0.0015879572726791868,0.008254863423251593,0.008254863423251593,0.49400907543767075,0.0,0.9832379627227783,0.6316609787940979,0.0,0.0,-0.23561494145542383,2.356198977679014,0.9604959297180176,8.79067180633545,2.591813919134438,2.0,0.0,0.0,0.0,701.0,0.0
1788870536.725462,1788870536.7251468,0.6297106742858887,-1.5577018395997584,0.0020336868244685124,0.007031917513784947,0.007031917513784947,0.49489662212521335,0.0,0.9801070499420166,0.6317677903175354,0.0,0.0,-0.23561494145542383,2.356198977679014,0.9577399897575378,8.664368133544922,2.591813919134438,2.0,0.0,0.0,0.0,700.0,0.0
1788870536.7776082,1788870536.7775443,0.6297029852867126,-1.5620651626959443,-0.0017589945996888125,-0.001830572649167456,-0.001830572649167456,0.4986714713394125,0.0,0.9779612231254577,0.6319538760185242,0.0,0.0,-0.23997826455160975,2.356198977679014,0.9558784770965576,8.731714706420899,2.596177242230624,2.0,0.0,0.0,0.0,700.0,0.0
1788870536.8505852,1788870536.8504837,0.6295415759086609,-1.5620651626959443,-0.0012986339462559462,-0.003458111834363557,-0.003458111834363557,0.49749029316833815,0.0,0.9750019717216492,0.6319659757614136,0.0,0.0,-0.23997826455160975,2.356198977679014,0.9531984734535217,8.622476081848145,2.596177242230624,2.0,0.0,0.0,0.0,699.0,0.0
1788870536.904218,1788870536.9040282,0.6293960809707642,-1.5620651626959443,-0.0048178100902496555,-0.011829328152468295,-0.011829328152468295,0.4914149260925555,0.0,0.9730726885795593,0.6319054174423218,0.0,0.0,-0.24434158764779568,2.356198977679014,0.9514164733886719,8.711483459472657,2.60054056532681,2.0,0.0,0.0,0.0,699.0,0.0
1788870536.9768808,1788870536.97668,0.6289721131324768,-1.5620651626959443,-0.004220202810537171,-0.013002052741343754,-0.013002052741343754,0.49056382726946024,0.0,0.9705564785003662,0.6314586806297302,0.0,0.0,-0.24434158764779568,2.356198977679014,0.9489468145370483,8.638438682556153,2.60054056532681,2.0,0.0,0.0,0.0,698.0,0.0
1788870537.0329728,1788870537.0328119,0.6286122798919678,-1.5620651626959443,-0.0037739150276005842,-0.012354185484228435,-0.012354185484228435,0.49103401359051413,0.0,0.9690065789222717,0.6310394811630249,0.0,0.0,-0.24434158764779568,2.356198977679014,0.9473768281936645,8.598457794189454,2.60054056532681,2.0,0.0,0.0,0.0,697.0,0.0
1788870537.102572,1788870537.1024175,0.6278334259986877,-1.5620651626959443,-0.003042194252800303,-0.010520770771541212,-0.010520770771541212,0.4923646048640457,0.0,0.9675484108924866,0.6300210762023926,0.0,0.0,-0.24434158764779568,2.356198977679014,0.945258777141571,8.568117599487305,2.60054056532681,2.0,0.0,0.0,0.0,696.0,0.0
1788870537.177411,1788870537.177336,0.626914918422699,-1.5577018395997584,-0.002269915989239756,-0.008240843047359418,-0.008240843047359418,0.4940192506531769,0.0,0.9689295101165771,0.6288209962844848,0.0,0.0,-0.24434158764779568,2.356198977679014,0.9432788896560669,8.547133903503418,2.60054056532681,2.0,0.0,0.0,0.0,695.0,0.0
1788870537.2313309,1788870537.231241,0.6262807846069336,-1.5577018395997584,-0.0018160081314517707,-0.006540111128659792,-0.006540111128659792,0.4952535480731652,0.0,0.9698638725280762,0.6280060219764709,0.0,0.0,-0.24434158764779568,2.356198977679014,0.9419837999343872,8.531839828491211,2.60054056532681,2.0,0.0,0.0,0.0,695.0,0.0
1788870537.3004634,1788870537.3003929,0.6253467798233032,-1.5577018395997584,-0.0009717614695386946,-0.004138779030364615,-0.004138779030364615,0.49699630246077436,0.0,0.9711956191062927,0.6268324065208435,0.0,0.0,-0.24434158764779568,2.356198977679014,0.9400244760513305,8.501382331848145,2.60054056532681,2.0,0.0,0.0,0.0,694.0,0.0
1788870537.353962,1788870537.3537996,0.6247497200965881,-1.5577018395997584,-0.0004928967140732015,-0.0023457223486333563,-0.0023457223486333563,0.4982976041014502,0.0,0.972007315158844,0.6261064219474792,0.0,0.0,-0.24434158764779568,2.356198977679014,0.9386905837059021,8.47455738067627,2.60054056532681,2.0,0.0,0.0,0.0,693.0,0.0
1788870537.4260333,1788870537.4259374,0.6238884925842285,-1.5533385165035725,0.0003266193155193643,2.7910562173369145e-05,2.7910562173369145e-05,0.4999797440534265,0.0,0.9731244850158691,0.6250918912887573,0.0,0.0,-0.24434158764779568,2.356198977679014,0.93665442943573,8.426215629577637,2.60054056532681,2.0,0.0,0.0,0.0,692.0,0.0
1788870537.4800246,1788870537.479946,0.6233454942703247,-1.5533385165035725,0.0007982320362182286,0.0017964129297808426,0.0017964129297808426,0.49869626257960903,0.0,0.973786096572876,0.6244774270057678,0.0,0.0,-0.24434158764779568,2.356198977679014,0.9352655816078186,8.387605171203614,2.60054056532681,2.0,0.0,0.0,0.0,691.0,0.0
1788870537.5529041,1788870537.552781,0.6225823760032654,-1.5533385165035725,0.0014990626985736252,0.003896824323739173,0.003896824323739173,0.49717189984144217,0.0,0.9746615099906921,0.6236449289321899,0.0,0.0,-0.24434158764779568,2.356198977679014,0.9335555243492126,8.321618537902832,2.60054056532681,2.0,0.0,0.0,0.0,690.0,0.0
1788870537.6296303,1788870537.6295056,0.6218894124031067,-1.5533385165035725,0.002178067263933779,0.006047917968333417,0.006047917968333417,0.4956107547212248,0.0,0.9753871965408325,0.6229275274276733,0.0,0.0,-0.24434158764779568,2.356198977679014,0.9331431198120117,8.24604175567627,2.60054056532681,2.0,0.0,0.0,0.0,689.0,0.0
1788870537.6849043,1788870537.684771,0.6214606165885925,-1.5533385165035725,0.002778336608968114,0.008037849394588601,0.008037849394588601,0.49416657224991656,0.0,0.9758013892173767,0.622503023147583,0.0,0.0,-0.24434158764779568,2.356198977679014,0.9335694718360901,8.191414337158204,2.60054056532681,2.0,0.0,0.0,0.0,688.0,0.0
1788870537.7505052,1788870537.7504177,0.6208851933479309,-1.5533385165035725,-0.0005752218299373505,0.0011228579193169155,0.0011228579193169155,0.499185091655194,0.0,0.9762919950485229,0.6219699788093567,0.0,0.0,-0.2487049107439816,2.356198977679014,0.9341385769844055,8.25764129638672,2.604903888422996,2.0,0.0,0.0,0.0,687.0,0.0
1788870537.8037682,1788870537.8036556,0.6205706000328064,-1.5577018395997584,-0.00010034777705180428,0.00011207835519903309,0.00011207835519903309,0.49991865971165844,0.0,0.9764833259582519,0.6217214870452881,0.0,0.0,-0.2487049107439816,2.356198977679014,0.934444408416748,8.189081649780274,2.604903888422996,2.0,0.0,0.0,0.0,686.0,0.0
1788870537.8741982,1788870537.8741064,0.6201686859130859,-1.5577018395997584,-0.0035321705375278793,-0.00787843849750274,-0.00787843849750274,0.49428226388645713,0.0,0.9766462850570679,0.6229880857467651,0.0,0.0,-0.2530682338401675,2.356198977679014,0.9348274874687195,8.238060455322266,2.6092672115191817,2.0,0.0,0.0,0.0,685.0,0.0
1788870537.9277241,1788870537.927445,0.6197913289070129,-1.5577018395997584,-0.0029644291703389224,-0.009003852890810007,-0.009003852890810007,0.49346550019383534,0.0,0.9770132112503052,0.6244751024246216,0.0,0.0,-0.2530682338401675,2.356198977679014,0.9352031755447388,8.182341079711914,2.6092672115191817,2.0,0.0,0.0,0.0,684.0,0.0
1788870538.0027235,1788870538.002597,0.6191794872283936,-1.5577018395997584,-0.00223105669910873,-0.007698722873246558,-0.007698722873246558,0.494412691574038,0.0,0.9776478219032287,0.626630585193634,0.0,0.0,-0.2530682338401675,2.356198977679014,0.9358148980140686,8.103387336730957,2.6092672115191817,2.0,0.0,0.0,0.0,682.0,0.0
1788870538.059242,1788870538.0590668,0.618617594242096,-1.5577018395997584,-0.001677834085365068,-0.00606796521319172,-0.00606796521319172,0.4955962055366447,0.0,0.9784019994735718,0.6277786898612976,0.0,0.0,-0.2530682338401675,2.356198977679014,0.9363897252082825,8.071734886169434,2.6092672115191817,2.0,0.0,0.0,0.0,681.0,0.0
1788870538.1277795,1788870538.1276636,0.617689311504364,-1.5533385165035725,-0.0009782159823488313,-0.004011593364418899,-0.004011593364418899,0.49708860680198785,0.0,0.9796622800827026,0.6293828892707825,0.0,0.0,-0.2530682338401675,2.356198977679014,0.9373383927345276,8.02914665222168,2.6092672115191817,2.0,0.0,0.0,0.0,680.0,0.0
1788870538.201076,1788870538.2010007,0.6174349188804626,-1.5707918088883162,-0.00016904616357914473,-0.0015821414157429542,-0.0015821414157429542,0.4988517690260078,0.0,0.9809089708328247,0.6309941816329956,0.0,0.0,-0.2530682338401675,2.356198977679014,0.9382980871200561,7.982944946289063,2.6092672115191817,2.0,0.0,0.0,0.0,678.0,0.0
1788870538.2553802,1788870538.2553208,0.6185762286186218,-1.5707918088883162,0.00028160470323622513,0.00015615211052625796,0.00015615211052625796,0.4998866734110008,0.0,0.9816889572143555,0.6321105766296387,0.0,0.0,-0.2530682338401675,2.356198977679014,0.938919882774353,7.947621803283692,2.6092672115191817,2.0,0.0,0.0,0.0,678.0,1.0
1788870538.3245003,1788870538.3243566,0.620331883430481,-1.5707918088883162,0.0007109616118655047,0.001639399643736608,0.001639399643736608,0.49881021416229965,0.0,0.9827600526809692,0.633868019580841,0.0,0.0,-0.2530682338401675,2.356198977679014,0.9398113894462585,7.887106876373291,2.6092672115191817,2.0,0.0,0.0,0.0,679.0,4.0
1788870538.3784034,1788870538.3783178,0.6215581297874451,-1.5707918088883162,-0.0030659766021836252,-0.006375967695770338,-0.006375967695770338,0.49537267432316134,0.0,0.9833589601516723,0.635137300491333,0.0,0.0,-0.25743155693635345,2.356198977679014,0.9403521227836609,7.997230033874512,2.6136305346153677,2.0,0.0,0.0,0.0,680.0,5.0
1788870538.458168,1788870538.458068,0.6234493255615234,-1.5707918088883162,-0.002636411351131137,-0.007818351735264848,-0.007818351735264848,0.4943258715443074,0.0,0.9841580200195312,0.6371270823478699,0.0,0.0,-0.25743155693635345,2.356198977679014,0.9411123204231262,7.91730115890503,2.6136305346153677,2.0,0.0,0.0,0.0,681.0,8.0
1788870538.531987,1788870538.5317662,0.6254050731658936,-1.5707918088883162,-0.00196880259749894,-0.006755623338977081,-0.006755623338977081,0.4950971411978394,0.0,0.9848379898071289,0.6392211127281189,0.0,0.0,-0.25743155693635345,2.356198977679014,0.9418092775344848,7.830197792053223,2.6136305346153677,2.0,0.0,0.0,0.0,682.0,11.0
1788870538.605402,1788870538.6053092,0.6271029710769653,-1.5707918088883162,0.00276144648059376,0.004158953114836897,0.004158953114836897,0.4969816612229984,0.0,0.9860169696807861,0.6408837246894836,0.0,0.0,-0.25743155693635345,2.356198977679014,0.9427572894096374,7.774474124908448,2.6136305346153677,2.0,0.0,0.0,0.0,682.0,11.0
1788870538.6829188,1788870538.6826963,0.6287000775337219,-1.5707918088883162,0.0031267846309070684,0.008251683507682902,0.008251683507682902,0.4940113832449971,0.0,0.9873579549789429,0.642401020526886,0.0,0.0,-0.25743155693635345,2.356198977679014,0.9438056755065918,7.726109962463379,2.6136305346153677,2.0,0.0,0.0,0.0,683.0,12.0
1788870538.7545936,1788870538.7544894,0.6302971839904785,-1.5707918088883162,0.003509103355657055,0.010335896568976674,0.010335896568976674,0.49249877636323314,0.0,0.9886690187454223,0.643939893245697,0.0,0.0,-0.25743155693635345,2.356198977679014,0.9448557901382446,7.673202018737793,2.6136305346153677,2.0,0.0,0.0,0.0,684.0,14.0
1788870538.8340344,1788870538.83391,0.6322479844093323,-1.5707918088883162,-0.00047794184138232103,0.0020301792459966033,0.0020301792459966033,0.4985266078810567,0.0,0.9892790126800537,0.6460789847373962,0.0,0.0,-0.26179488003253937,2.356198977679014,0.9455591249465942,7.733489971160889,2.6179938577115536,2.0,0.0,0.0,0.0,685.0,15.0
1788870538.9059124,1788870538.9056802,0.6343845725059509,-1.5707918088883162,-0.0015010454678777618,-0.002753288074247205,-0.002753288074247205,0.4980018153777427,0.0,0.989564995765686,0.6485057878494263,0.0,0.0,-0.26179488003253937,2.356198977679014,0.9460797715187073,7.6163339424133305,2.6179938577115536,2.0,0.0,0.0,0.0,686.0,16.0
1788870538.9835398,1788870538.9829867,0.6366403102874756,-1.5707918088883162,-0.007007665439392623,-0.016523157006513634,-0.016523157006513634,0.48800840400596796,0.0,0.9896629858016968,0.6511050868034363,0.0,0.0,-0.2661582031287253,2.356198977679014,0.9464850234985351,7.648865203857422,2.6223571808077395,2.0,0.0,0.0,0.0,687.0,15.0
1788870539.067622,1788870539.0674124,0.6386538147926331,-1.5707918088883162,-0.007771356490798998,-0.022364785641343848,-0.022364785641343848,0.48376887214722947,0.0,0.990261058807373,0.6532761263847351,0.0,0.0,-0.2661582031287253,2.356198977679014,0.9471251773834228,7.5553598213195805,2.6223571808077395,2.0,0.0,0.0,0.0,687.0,16.0
1788870539.1298833,1788870539.1297033,0.6398851871490479,-1.5707918088883162,-0.012898917682667186,-0.03560301130157765,-0.03560301130157765,0.47416129813865643,0.0,0.9908699798583984,0.6545396256446838,0.0,0.0,-0.2661582031287253,2.356198977679014,0.9476597714424133,7.506114940643311,2.6223571808077395,2.0,0.0,0.0,0.0,688.0,13.0
1788870539.1901379,1788870539.189993,0.6413739919662476,-1.5707918088883162,-0.021713203047359353,-0.05931847821655825,-0.05931847821655825,0.45694992031647796,0.0,0.9923829841613769,0.6558630871772766,0.0,0.0,-0.2661582031287253,2.356198977679014,0.948765377998352,7.471083145141602,2.6223571808077395,2.0,0.0,0.0,0.0,689.0,12.0
1788870539.259504,1788870539.2593827,0.6423991918563843,-1.5707918088883162,-0.023574916988628878,-0.07060335751949616,-0.07060335751949616,0.44875997735407075,0.0,0.9945859718322754,0.6564976978302002,0.0,0.0,-0.2661582031287253,2.356198977679014,0.9502497720718384,7.477340202331543,2.6223571808077395,2.0,0.0,0.0,0.0,690.0,13.0
1788870539.3304217,1788870539.3302703,0.6428945064544678,-1.5707918088883162,-0.027389772840792692,-0.08253409841922449,-0.08253409841922449,0.44010130366824807,0.0,0.9977479982376098,0.6563033270835876,0.0,0.0,-0.2661582031287253,2.356198977679014,0.9522678065299988,7.538582782745362,2.6223571808077395,2.0,0.0,0.0,0.0,691.0,13.0
1788870539.4114263,1788870539.4089446,0.6425272226333618,-1.5707918088883162,-0.044865450523736555,-0.12525883869893725,-0.12525883869893725,0.40909404372498825,0.0,1.0023950147628784,0.654787700176239,0.0,0.0,-0.25743155693635345,2.356198977679014,0.9551065969467163,7.3620028305053715,2.6136305346153677,2.0,0.0,0.0,0.0,691.0,12.0
1788870539.48808,1788870539.487978,0.641566276550293,-1.5707918088883162,-0.05536812270320202,-0.16160224646485372,-0.16160224646485372,0.3827180029475852,0.0,1.0080539989471435,0.6524321246147156,0.0,0.0,-0.2530682338401675,2.356198977679014,0.9585723090171814,7.393054943084717,2.6092672115191817,2.0,0.0,0.0,0.0,692.0,12.0
1788870539.5554366,1788870539.5553076,0.6405745148658752,-1.5707918088883162,-0.0653170348281805,-0.19479083195458047,-0.19479083195458047,0.35863155816894465,0.0,1.0125080156326294,0.6503500747680664,0.0,0.0,-0.2487049107439816,2.356198977679014,0.9613026189804077,7.390985946655274,2.604903888422996,2.0,0.0,0.0,0.0,693.0,12.0
1788870539.6129448,1788870539.6128407,0.6382672786712646,-1.5707918088883162,-0.06588586858840699,-0.20602159522440577,-0.20602159522440577,0.35048088963851376,0.0,1.0151639986038208,0.6460013198852539,0.0,0.0,-0.23997826455160975,2.356198977679014,0.9663054752349853,7.389382820129395,2.596177242230624,2.0,0.0,0.0,0.0,694.0,13.0
1788870539.679991,1788870539.6788738,0.6347424983978271,-1.5707918088883162,-0.07646943749449343,-0.23309801855498705,-0.23309801855498705,0.3308303150288482,0.0,1.0199340391159057,0.6398520874977112,0.0,0.0,-0.226888295263052,2.356198977679014,0.9726669001579284,7.349623184204102,2.583087272942066,2.0,0.0,0.0,0.0,695.0,12.0
1788870539.7528515,1788870539.7527432,0.6303095817565918,-1.5577018395997584,-0.07036028075821528,-0.22753643446489835,-0.22753643446489835,0.3348666060033205,0.0,1.0265500354766846,0.6324931788444519,0.0,0.0,-0.2094350028783083,2.356198977679014,0.9802069473266601,7.233137111663819,2.5656339805573225,2.0,0.0,0.0,0.0,695.0,12.0
1788870539.82636,1788870539.826219,0.6252428889274597,-1.5446118703112006,-0.06417639854154887,-0.21201606307253895,-0.21201606307253895,0.34613043550885253,0.0,1.0343400049209595,0.6245751786231994,0.0,0.0,-0.19634503358975053,2.356198977679014,0.9886530447006225,7.308966140747071,2.5525440112687647,2.0,0.0,0.0,0.0,696.0,12.0
1788870539.881256,1788870539.881167,0.6214600801467896,-1.5315219010226429,-0.05149809700324993,-0.17896055620904155,-0.17896055620904155,0.3701202991607414,0.0,1.0404000091552734,0.6188924717903137,0.0,0.0,-0.18325506430119276,2.356198977679014,0.9948839950561523,7.229942779541016,2.539454041980207,2.0,0.0,0.0,0.0,696.0,13.0
1788870539.9511652,1788870539.9510534,0.6156088709831238,-1.5140686086378992,-0.04514003547588247,-0.1548018463286892,-0.1548018463286892,0.3876533582794081,0.0,1.0498720216751098,0.6104761171340942,0.0,0.0,-0.16580177191644907,2.356198977679014,1.004548053741455,7.173973064422608,2.5220007495954633,2.0,0.0,0.0,0.0,696.0,12.0
1788870540.0046213,1788870540.0045347,0.6115285158157349,-1.5053419624455273,-0.03408853882993954,-0.12279888087767135,-0.12279888087767135,0.41087934542873356,0.0,1.0564440298080444,0.6048533129692077,0.0,0.0,-0.15707512572407722,2.356198977679014,1.0113470363616943,7.231138210296631,2.5132741034030914,2.0,0.0,0.0,0.0,697.0,13.0
1788870540.0783412,1788870540.0781586,0.6052895784378052,-1.4922519931569695,-0.026832091497294652,-0.09694354921724142,-0.09694354921724142,0.42964371905547794,0.0,1.0662150192260742,0.5966219711303711,0.0,0.0,-0.13962183333933353,2.356198977679014,1.0178750562667847,7.110095958709717,2.4958208110183477,2.0,0.0,0.0,0.0,697.0,13.0
1788870540.135632,1788870540.1355567,0.6012182831764221,-1.4835253469645977,-0.02686099008583293,-0.08925168255743819,-0.08925168255743819,0.43522605161988825,0.0,1.0723459529876709,0.5914711165428161,0.0,0.0,-0.1308951871469617,2.356198977679014,1.0212100553512573,7.0875019836425786,2.487094164825976,2.0,0.0,0.0,0.0,697.0,12.0
1788870540.2015047,1788870540.2013965,0.5952965021133423,-1.47043537767604,-0.02289558269267266,-0.07806160999881823,-0.07806160999881823,0.4433471890764879,0.0,1.0807280349731445,0.5842662858963013,0.0,0.0,-0.12216854095458984,2.356198977679014,1.0259879636764526,7.1324977684021,2.478367518633604,2.0,0.0,0.0,0.0,699.0,13.0
1788870540.2759094,1788870540.2757332,0.589408814907074,-1.461708731483668,-0.020210554413653464,-0.06869012488622923,-0.06869012488622923,0.45014849607187335,0.0,1.0884380149841308,0.577374677658081,0.0,0.0,-0.113441894762218,2.356198977679014,1.0306329536437988,7.106092910766602,2.469640872441232,2.0,0.0,0.0,0.0,699.0,13.0
1788870540.3289392,1788870540.328807,0.5854126214981079,-1.4573454083874822,-0.02112255764287447,-0.06792156658590758,-0.06792156658590758,0.4507062732951779,0.0,1.0935530471801758,0.5727833914756775,0.0,0.0,-0.10907857166603208,2.356198977679014,1.033807020187378,7.125699977874756,2.4652775493450463,2.0,0.0,0.0,0.0,700.0,13.0
1788870540.3983696,1788870540.3982542,0.5792515873908997,-1.4486187621951103,-0.019350554431195644,-0.06372171190165053,-0.06372171190165053,0.4537542961752727,0.0,1.1011719512939453,0.5658402252197265,0.0,0.0,-0.10035192547366023,2.356198977679014,1.0386810111999512,7.051368217468262,2.4565509031526744,2.0,0.0,0.0,0.0,700.0,13.0
1788870540.4525259,1788870540.4524264,0.575107991695404,-1.4442554390989244,-0.020698720438966565,-0.06548164735378026,-0.06548164735378026,0.452477032096187,0.0,1.1060819435119629,0.5612525749206543,0.0,0.0,-0.09598860237747431,2.356198977679014,1.041931014060974,7.031878929138184,2.4521875800564885,2.0,0.0,0.0,0.0,701.0,13.0
1788870540.526456,1788870540.5263777,0.5687345266342163,-1.4355287929065526,-0.019311268093414186,-0.06290173473538185,-0.06290173473538185,0.4543493903753913,0.0,1.1136630582809448,0.5542502212524414,0.0,0.0,-0.08726195618510246,2.356198977679014,1.0470050382614136,6.92409990310669,2.4434609338641167,2.0,0.0,0.0,0.0,701.0,13.0
1788870540.5813513,1788870540.581287,0.5644317865371704,-1.4311654698103666,-0.01867574997125555,-0.06070420035622699,-0.06070420035622699,0.45594423961923936,0.0,1.1187070417404175,0.5495719122886658,0.0,0.0,-0.08289863308891654,2.356198977679014,1.0504460144042969,6.89435194015503,2.4390976107679307,2.0,0.0,0.0,0.0,702.0,14.0
1788870540.6512215,1788870540.6511068,0.5577732920646667,-1.4268021467141807,-0.01750299524953029,-0.05741796946581595,-0.05741796946581595,0.4583292047421504,0.0,1.12661705493927,0.5423698830604553,0.0,0.0,-0.07853530999273062,2.356198977679014,1.055868010520935,6.9311909484863286,2.434734287671745,2.0,0.0,0.0,0.0,703.0,14.0
1788870540.7039127,1788870540.7037904,0.5532534718513489,-1.4224388236179948,-0.019178087211856695,-0.06018430619430379,-0.06018430619430379,0.4563215501263647,0.0,1.1319570350646972,0.5375175881385803,0.0,0.0,-0.0741719868965447,2.356198977679014,1.0595769691467285,6.899665813446045,2.430370964575559,2.0,0.0,0.0,0.0,703.0,13.0
1788870540.775789,1788870540.7757223,0.5463594198226929,-1.413712177425623,-0.017582045931090143,-0.05743907474393306,-0.05743907474393306,0.45831388769538856,0.0,1.1400819826126098,0.5301602292060852,0.0,0.0,-0.06980866380035877,2.356198977679014,1.0652810144424438,6.923393230438233,2.426007641479373,2.0,0.0,0.0,0.0,704.0,13.0
1788870540.8280287,1788870540.827964,0.5417119264602661,-1.413712177425623,-0.016702983851452448,-0.054646406250433405,-0.054646406250433405,0.460340652453849,0.0,1.1454939651489258,0.525237123966217,0.0,0.0,-0.06544534070417285,2.356198977679014,1.0691330242156982,6.8801631736755375,2.421644318383187,2.0,0.0,0.0,0.0,705.0,14.0
1788870540.8981497,1788870540.898039,0.5345218181610107,-1.404985531233251,-0.014875694300860592,-0.04971547710905775,-0.04971547710905775,0.4639192488513332,0.0,1.1540210056304931,0.5176431941986084,0.0,0.0,-1.5707918088883162,-0.12653186405077577,0.5145218181610107,9.961751441955567,1.4442599448375404,2.0,0.0,0.0,0.0,705.0,14.0
1788870540.951252,1788870540.9511783,0.5296581983566284,-1.4006222081370652,-0.015004684020925462,-0.04852513533959036,-0.04852513533959036,0.4647831332523981,0.0,1.1597549724578857,0.5125328707695007,0.0,0.0,-1.5707918088883162,-0.12216854095458984,0.5096581983566284,9.94614170074463,1.4486232679337263,2.0,0.0,0.0,0.0,706.0,14.0
1788870541.0265498,1788870541.0264652,0.522289514541626,-1.3962588850408792,-0.013013569337929035,-0.04370793591883815,-0.04370793591883815,0.4682791908915995,0.0,1.168351035118103,0.5095876860618591,0.0,0.0,-1.5707918088883162,-0.113441894762218,0.502289514541626,9.947280387878418,1.4573499141260982,2.0,0.0,0.0,0.0,706.0,14.0
1788870541.0825336,1788870541.0824394,0.5173681974411011,-1.3918955619446933,-0.01337147164676715,-0.043064477264409866,-0.043064477264409866,0.46874617769198673,0.0,1.1739740180969238,0.5093158888816833,0.0,0.0,-0.04799204831942916,2.356198977679014,1.0897290515899658,6.801742057800293,2.4041910259984434,2.0,0.0,0.0,0.0,707.0,14.0
1788870541.151025,1788870541.1508532,0.5103737711906433,-1.4398921160027385,-0.011627843800238019,-0.03896571329185612,-0.03896571329185612,0.4717208345093481,0.0,1.1828000354766846,0.5088125276565552,0.0,0.0,-0.039265402127057314,2.356198977679014,1.096284966468811,6.639856796264649,2.3954643798060715,2.0,0.0,0.0,0.0,707.0,14.0
1788870541.226862,1788870541.2267685,0.5053220987319946,-1.5009786393493414,-0.013213212605522665,-0.041287310223927606,-0.041287310223927606,0.47003594750746275,0.0,1.1916169929504394,0.5083920168876648,0.0,0.0,-0.03490207903087139,2.356198977679014,1.102957944869995,6.611226062774659,2.3911010567098856,2.0,0.0,0.0,0.0,708.0,14.0
1788870541.2812488,1788870541.281032,0.5032938718795776,-1.5446118703112006,-0.009429371204581405,-0.03350798456544063,-0.03350798456544063,0.475681752989176,0.0,1.1975979614257812,0.5080448794364929,0.0,0.0,-0.03490207903087139,2.356198977679014,1.107498984336853,6.689781169891358,2.3911010567098856,2.0,0.0,0.0,0.0,709.0,15.0
1788870541.3524163,1788870541.3522437,0.5024554133415222,-1.5707918088883162,-0.011345024158208419,-0.035465249484019044,-0.035465249484019044,0.47426127806736584,0.0,1.20644305229187,0.5075700092315674,0.0,0.0,-0.03053875593468547,2.356198977679014,1.1142999935150146,6.646776180267334,2.3867377336136997,2.0,0.0,0.0,0.0,710.0,14.0
1788870541.4052906,1788870541.4051874,0.5024399161338806,-1.5707918088883162,-0.007748029591257316,-0.027995161129622106,-0.027995161129622106,0.47968265617025135,0.0,1.2125639724731445,0.5071173119544983,0.0,0.0,-1.3395356847904623,-0.0741719868965447,0.5003660726547241,9.945726852416993,1.2653636978939176,2.0,0.0,0.0,0.0,710.0,15.0
1788870541.4790225,1788870541.4788978,0.5024945139884949,-1.5707918088883162,-0.008974574656961156,-0.028501595570479623,-0.028501595570479623,0.47931511398628296,0.0,1.2213419485092163,0.5066258120536804,0.0,0.0,-1.3351723616942763,-0.06544534070417285,0.5005842852592468,9.96404884338379,1.2697270209901035,2.0,0.0,0.0,0.0,711.0,15.0
1788870541.554414,1788870541.5541365,0.5024120807647705,-1.5707918088883162,-0.008276727081084102,-0.027090347332772283,-0.027090347332772283,0.48033932011754493,0.0,1.2303700256347656,0.5059785056114197,0.0,0.0,-1.3351723616942763,-0.06108201760798693,0.5000275182723999,9.935995559692383,1.2740903440862894,2.0,0.0,0.0,0.0,711.0,15.0
1788870541.629669,1788870541.629549,0.5024405121803284,-1.5707918088883162,-0.009215406258195172,-0.028769614218188872,-0.028769614218188872,0.4791206008347751,0.0,1.2388809728622436,0.5055687236785888,0.0,0.0,-1.3308090385980904,-0.05235537141561508,0.5002947854995727,9.962151985168457,1.2784536671824753,2.0,0.0,0.0,0.0,713.0,15.0
1788870541.7102158,1788870541.710083,0.5023689866065979,-1.5707918088883162,-0.008848635903789953,-0.028451828689946158,-0.028451828689946158,0.4793512320432018,0.0,1.243537049293518,0.5050502824783325,0.0,0.0,-1.3264457155019045,-0.04799204831942916,0.500451009273529,9.942070465087891,1.2784536671824753,2.0,0.0,0.0,0.0,713.0,15.0
1788870541.7835312,1788870541.7833586,0.5022252798080444,-1.5707918088883162,-0.009609951751566318,-0.030061840530492403,-0.030061840530492403,0.47818277425212546,0.0,1.247240047454834,0.5044725942611694,0.0,0.0,-1.3220823924057186,-0.039265402127057314,0.5005426216125488,9.969429473876954,1.2828169902786613,2.0,0.0,0.0,0.0,714.0,15.0
1788870541.8555422,1788870541.8552434,0.5019369125366211,-1.5707918088883162,-0.008817056010295326,-0.028768757622209252,-0.028768757622209252,0.47912122250489014,0.0,1.251183967590332,0.5037212777137756,0.0,0.0,-1.3177190693095326,-0.03490207903087139,0.5004594135284424,9.948460083007813,1.2828169902786613,2.0,0.0,0.0,0.0,715.0,15.0
1788870541.928744,1788870541.9286046,0.5015578866004944,-1.5707918088883162,-0.005915325963247375,-0.021880957444336897,-0.021880957444336897,0.48412000796629484,0.0,1.255225043296814,0.502884726524353,0.0,0.0,-1.3133557462133467,-0.026175432838499546,0.5002857255935669,9.975062828063965,1.2871803133748472,2.0,0.0,0.0,0.0,716.0,16.0
1788870542.0080519,1788870542.0078876,0.5010311007499695,-1.5707918088883162,-0.007539622156678221,-0.023453040864260283,-0.023453040864260283,0.4829790765309035,0.0,1.2595170545578003,0.5018716859817505,0.0,0.0,-1.3046291000209749,-0.021812109742313623,0.5005671191215515,9.952577095031739,1.2828169902786613,2.0,0.0,0.0,0.0,716.0,16.0
1788870542.0777986,1788870542.077656,0.5006368160247803,-1.5707918088883162,-0.007029552753115674,-0.022782110426257197,-0.022782110426257197,0.48346600083655894,0.0,1.2624079990386963,0.5011625099182129,0.0,0.0,-1.300265776924789,-0.0174487866461277,0.5005103158950805,9.95412395477295,1.2828169902786613,2.0,0.0,0.0,0.0,717.0,16.0
1788870542.1525383,1788870542.1518898,0.5000929832458496,-1.5707918088883162,-0.004112730707829798,-0.016047149913415906,-0.016047149913415906,0.4883538636992016,0.0,1.2665020036697388,0.5002205777168274,0.0,0.0,-1.295902453828603,-0.013085463549941778,0.5002205777168274,9.937932472229004,1.2828169902786613,2.0,0.0,0.0,0.0,717.0,16.0
1788870542.2165833,1788870542.216424,0.49990901350975037,-1.5707918088883162,-0.004264668173520245,-0.014367001682710124,-0.014367001682710124,0.48957322261377034,0.0,1.2678600358963013,0.4999090242385864,0.0,0.0,-1.291539130732417,-0.008722140453755856,0.5005628275871277,9.964919548034668,1.2828169902786613,2.0,0.0,0.0,0.0,718.0,16.0
1788870542.293051,1788870542.292945,0.4990912973880768,-1.5707918088883162,-0.003679219185737266,-0.012551551480864512,-0.012551551480864512,0.4908907762361946,0.0,1.273362021446228,0.49858627796173094,0.0,0.0,-1.2871758076362312,4.505738615989685e-06,0.5005730199813843,9.978048782348633,1.2871803133748472,2.0,0.0,0.0,0.0,719.0,16.0
1788870542.3541563,1788870542.3539586,0.4985804855823517,-1.5707918088883162,0.0007677802086822317,-0.0020456377768111552,-0.0020456377768111552,0.4985153889320316,0.0,1.277076940536499,0.5047480273246765,0.0,0.0,-1.3133557462133467,2.356198977679014,0.5003132033348083,9.643558006286622,3.669554723892361,1.0,0.0,0.0,0.0,720.0,24.0
1788870542.4365492,1788870542.4364612,0.4978939890861511,-1.5707918088883162,-0.0005427557325896542,-0.0018294641740441724,-0.0018294641740441724,0.49867227580951723,0.0,1.2819330501556396,0.5134082841873169,0.0,0.0,-1.348262330982834,2.356198977679014,0.5006447839736938,9.576094131469727,3.7044613086618483,1.0,0.0,0.0,0.0,720.0,25.0
1788870542.515625,1788870542.5154996,0.49740850925445557,-1.5664284857921302,-0.00012013052143820218,-0.0008179316202348247,-0.0008179316202348247,0.4994063903443674,0.0,1.2854490089416504,0.520291428565979,0.0,0.0,-1.3788055926561356,2.356198977679014,0.5008097100257873,9.528422813415528,3.7350045703351498,1.0,0.0,0.0,0.0,720.0,25.0
1788870542.5782714,1788870542.5781567,0.4974079132080078,-1.5707918088883162,-0.0024241571299599813,-0.005675491457180806,-0.005675491457180806,0.49588104134123623,0.0,1.2873760271072388,0.5252973842620849,0.0,0.0,-1.404985531233251,2.356198977679014,0.5004566121101379,9.502457122802735,3.7611845089122653,1.0,0.0,0.0,0.0,720.0,25.0
1788870542.6363752,1788870542.6362548,0.504308819770813,-1.5707918088883162,-0.002241176796469961,-0.006722883461246954,-0.006722883461246954,0.4951209019952753,0.0,1.2902459907531738,0.5328301000595093,0.0,0.0,-1.4442554390989244,2.356198977679014,0.5006282138824463,9.463884811401368,3.8004544167779386,1.0,0.0,0.0,0.0,720.0,26.0
1788870542.7031648,1788870542.703074,0.5112289190292358,-1.5707918088883162,-0.0044548855417098614,-0.011995808651804175,-0.011995808651804175,0.49129410372863713,0.0,1.2930680322647095,0.5403951215744018,0.0,0.0,-1.4922519931569695,2.356198977679014,0.5003825235366821,9.426043014526368,3.8484509708359838,1.0,0.0,0.0,0.0,720.0,26.0
1788870542.757788,1788870542.7576978,0.5157179236412048,-1.5707918088883162,-0.00660328955744125,-0.018390111204209653,-0.018390111204209653,0.4866534716241412,0.0,1.2952040243148804,0.5452437806129455,0.0,0.0,-1.527158577926457,2.356198977679014,0.5004008221626282,9.39741943359375,3.883357555605471,1.0,0.0,0.0,0.0,720.0,26.0
1788870542.8284895,1788870542.8284245,0.5223743915557861,-1.5707918088883162,-0.00676637566598931,-0.02067371485307895,-0.02067371485307895,0.4849961580516234,0.0,1.2985299634933472,0.5524102258682251,0.0,0.0,-1.5707918088883162,2.356198977679014,0.5023743915557861,9.396569709777832,3.9269907865673304,1.0,0.0,0.0,0.0,720.0,26.0
1788870542.8806515,1788870542.8805628,0.5266516208648682,-1.5707918088883162,-0.008672432376940691,-0.02562836298027084,-0.02562836298027084,0.4814003477224925,0.0,1.3010619688034057,0.5569417285919189,0.0,0.0,-1.5707918088883162,2.356198977679014,0.5066516208648681,9.363090019226075,3.9269907865673304,1.0,0.0,0.0,0.0,720.0,26.0
1788870542.9520438,1788870542.9518626,0.5326343774795532,-1.5707918088883162,-0.007627912914594589,-0.02477503382277313,-0.02477503382277313,0.48201964695826244,0.0,1.3052660036087036,0.5631649899482727,0.0,0.0,-1.5707918088883162,2.356198977679014,0.5126343774795532,9.308506469726563,3.9269907865673304,1.0,0.0,0.0,0.0,720.0,27.0
1788870543.0072079,1788870543.0070145,0.5363969206809998,-1.5707918088883162,-0.007298058662729584,-0.02378016155134621,-0.02378016155134621,0.4827416703790841,0.0,1.3082309770584106,0.5665902900695801,0.0,0.0,-1.5707918088883162,2.356198977679014,0.5163969206809997,9.313613395690918,3.9269907865673304,1.0,0.0,0.0,0.0,720.0,27.0
1788870543.0782542,1788870543.0781376,0.5417832732200623,-1.5707918088883162,-0.008262501363469132,-0.025642051519574716,-0.025642051519574716,0.48139041333567917,0.0,1.313122968673706,0.5710565853118896,0.0,0.0,-1.5707918088883162,2.356198977679014,0.5217832732200622,9.252062301635743,3.9269907865673304,1.0,0.0,0.0,0.0,720.0,27.0
1788870543.1523356,1788870543.1522832,0.5470713973045349,-1.5707918088883162,-0.007312232784691715,-0.024072016893581863,-0.024072016893581863,0.4825298578694402,0.0,1.3181290435791015,0.5754142212867737,0.0,0.0,-1.5707918088883162,2.356198977679014,0.5270713973045349,9.23340461730957,3.9269907865673304,1.0,0.0,0.0,0.0,720.0,27.0
1788870543.2279289,1788870543.2277918,0.5523099899291992,-1.5707918088883162,-0.005884903145204463,-0.020403788113332558,-0.020403788113332558,0.4851920559910879,0.0,1.323161940574646,0.5797316837310791,0.0,0.0,-1.5707918088883162,2.356198977679014,0.5323099899291992,9.173236351013184,3.9269907865673304,1.0,0.0,0.0,0.0,720.0,28.0
1788870543.2845087,1788870543.2843976,0.5557025074958801,-1.5707918088883162,-0.005273888922681624,-0.017934647620806606,-0.017934647620806606,0.48698402197114876,0.0,1.326688985824585,0.5824761199951172,0.0,0.0,-1.5707918088883162,2.356198977679014,0.5357025074958801,9.174048881530762,3.9269907865673304,1.0,0.0,0.0,0.0,720.0,28.0
1788870543.3541582,1788870543.3540642,0.5603358149528503,-1.5707918088883162,-0.004098507036419673,-0.014561050047822051,-0.014561050047822051,0.48943239301342173,0.0,1.3319819974899292,0.5865701842308044,0.0,0.0,-1.5707918088883162,2.356198977679014,0.5403358149528503,9.15528533935547,3.9269907865673304,1.0,0.0,0.0,0.0,720.0,28.0
1788870543.4082167,1788870543.407931,0.5631878972053528,-1.5707918088883162,-0.005621188151680207,-0.016959776474110278,-0.016959776474110278,0.48769152967883517,0.0,1.3353600311279297,0.5893937158584595,0.0,0.0,-1.5707918088883162,2.356198977679014,0.5431878972053528,9.117093544006348,3.9269907865673304,1.0,0.0,0.0,0.0,720.0,28.0
1788870543.479548,1788870543.4793782,0.567495584487915,-1.5707918088883162,-0.004528461555864969,-0.015231686827370614,-0.015231686827370614,0.48894568182887543,0.0,1.3403049516677856,0.593700270652771,0.0,0.0,-1.5707918088883162,2.356198977679014,0.547495584487915,9.06236026763916,3.9269907865673304,1.0,0.0,0.0,0.0,720.0,29.0
1788870543.5843556,1788870543.584206,0.5718783736228943,-1.5707918088883162,-0.006224598786885224,-0.018512607330834086,-0.018512607330834086,0.48656457069190806,0.0,1.343515019416809,0.598154227733612,0.0,0.0,-1.5707918088883162,2.356198977679014,0.5518783736228943,9.053266983032227,3.9269907865673304,1.0,0.0,0.0,0.0,720.0,29.0
1788870543.658955,1788870543.6579802,0.5747231245040894,-1.5707918088883162,-0.0057020160546563305,-0.018326298161680406,-0.018326298161680406,0.48669978361069793,0.0,1.345062952041626,0.6010116744041443,0.0,0.0,-1.5707918088883162,2.356198977679014,0.5547231245040893,9.017853240966797,3.9269907865673304,1.0,0.0,0.0,0.0,720.0,29.0
1788870543.7295642,1788870543.7294059,0.5804004073143005,-1.5707918088883162,-0.007021943305256931,-0.02122704245227965,-0.02122704245227965,0.48459458339979705,0.0,1.3481069612503052,0.6067476081848144,0.0,0.0,-1.5707918088883162,2.356198977679014,0.5604004073143005,8.99079559326172,3.9269907865673304,1.0,0.0,0.0,0.0,720.0,29.0
1788870543.7910986,1788870543.7909572,0.584475576877594,-1.5707918088883162,-0.006003188576959345,-0.01981525514807283,-0.01981525514807283,0.4856191807557913,0.0,1.3507029819488525,0.6107864189147949,0.0,0.0,-1.5707918088883162,2.356198977679014,0.564475576877594,8.935986976623536,3.9269907865673304,1.0,0.0,0.0,0.0,720.0,30.0
1788870543.8705218,1788870543.8673491,0.5884727835655212,-1.5707918088883162,-0.0073081288088162125,-0.022314785076170164,-0.022314785076170164,0.48380515979957095,0.0,1.3533940124511719,0.6147342729568481,0.0,0.0,-1.5707918088883162,2.356198977679014,0.5684727835655212,8.881242256164551,3.9269907865673304,1.0,0.0,0.0,0.0,720.0,31.0
1788870543.9315176,1788870543.931423,0.5910258293151855,-1.5707918088883162,-0.008740439687853646,-0.02627302042364322,-0.02627302042364322,0.4809324909072108,0.0,1.3553859996795654,0.6172032761573791,0.0,0.0,-1.5707918088883162,2.356198977679014,0.5710258293151855,8.842827301025391,3.9269907865673304,1.0,0.0,0.0,0.0,720.0,31.0
1788870544.007283,1788870544.0071676,0.5960881114006042,-1.5707918088883162,-0.005193910747383077,-0.01951626620123106,-0.01951626620123106,0.4858361704421929,0.0,1.3593599605560303,0.6221251893043518,0.0,0.0,-1.5707918088883162,2.356198977679014,0.5760881114006042,8.808487396240235,3.9269907865673304,1.0,0.0,0.0,0.0,720.0,32.0
1788870544.0794826,1788870544.0793555,0.5997018218040466,-1.5707918088883162,-0.01472552602349059,-0.038840058152988244,-0.038840058152988244,0.47181202807842715,0.0,1.3626450109481811,0.6255633044242859,0.0,0.0,-1.5707918088883162,2.356198977679014,0.5797018218040466,8.790176849365235,3.9269907865673304,1.0,0.0,0.0,0.0,720.0,26.0
1788870544.1534317,1788870544.1533406,0.6030939221382141,-1.5707918088883162,-0.012994512074336719,-0.04075972449241072,-0.04075972449241072,0.47041884013155827,0.0,1.366320948600769,0.628685872554779,0.0,0.0,-1.5707918088883162,2.356198977679014,0.5830939221382141,8.727649192810059,3.9269907865673304,1.0,0.0,0.0,0.0,720.0,27.0
1788870544.2289572,1788870544.2288606,0.6066322922706604,-1.5707918088883162,-0.014528916817358083,-0.04477269101860532,-0.04477269101860532,0.4675064503684683,0.0,1.3695939588546753,0.6320950198173523,0.0,0.0,-1.5707918088883162,2.356198977679014,0.5866322922706604,8.711992721557618,3.9269907865673304,1.0,0.0,0.0,0.0,720.0,26.0
1788870544.3016882,1788870544.30155,0.6094251275062561,-1.5707918088883162,-0.012065508632804556,-0.0404585466430638,-0.0404585466430638,0.4706374184026657,0.0,1.3744170475006103,0.6343284058570862,0.0,0.0,-1.5707918088883162,2.356198977679014,0.5894251275062561,8.67798469543457,3.9269907865673304,1.0,0.0,0.0,0.0,720.0,27.0
1788870544.3560822,1788870544.3560138,0.611116886138916,-1.5707918088883162,-0.010625843296149075,-0.03593945297629307,-0.03593945297629307,0.4739171273281295,0.0,1.3779220390319824,0.6355910110473633,0.0,0.0,-1.5707918088883162,2.356198977679014,0.591116886138916,8.66654727935791,3.9269907865673304,1.0,0.0,0.0,0.0,720.0,27.0
1788870544.429678,1788870544.4294446,0.6133975982666016,-1.5707918088883162,-0.008264197567128049,-0.02929363844325475,-0.02929363844325475,0.4787402929556211,0.0,1.3836489725112915,0.6371322083473205,0.0,0.0,-1.5707918088883162,2.356198977679014,0.5933975982666015,8.625523071289063,3.9269907865673304,1.0,0.0,0.0,0.0,720.0,27.0
1788870544.486919,1788870544.4867847,0.6149173974990845,-1.5707918088883162,-0.006832665392109895,-0.02409326201130259,-0.02409326201130259,0.48251443933480714,0.0,1.3873859453201294,0.6382102179527283,0.0,0.0,-1.5707918088883162,2.356198977679014,0.5949173974990845,8.614000778198243,3.9269907865673304,1.0,0.0,0.0,0.0,720.0,27.0
1788870544.5552435,1788870544.5551364,0.6172158122062683,-1.5707918088883162,-0.004921498837782887,-0.018252136000024444,-0.018252136000024444,0.48675360641709453,0.0,1.3928530025482178,0.6399161028861999,0.0,0.0,-1.5707918088883162,2.356198977679014,0.5972158122062683,8.580044250488282,3.9269907865673304,1.0,0.0,0.0,0.0,720.0,27.0
1788870544.6283133,1788870544.6282291,0.6196640729904175,-1.5707918088883162,-0.003411657254282551,-0.013117753049600249,-0.013117753049600249,0.4904798583673642,0.0,1.397855978012085,0.6419319915771484,0.0,0.0,-1.5707918088883162,2.356198977679014,0.5996640729904175,8.553374748229981,3.9269907865673304,1.0,0.0,0.0,0.0,720.0,27.0
1788870544.687647,1788870544.687482,0.6213666200637817,-1.5707918088883162,-0.0022347972031053743,-0.008941271649836114,-0.008941271649836114,0.49351091820676524,0.0,1.4009699630737305,0.643420021533966,0.0,0.0,-1.5707918088883162,2.356198977679014,0.6013666200637817,8.512429695129395,3.9269907865673304,1.0,0.0,0.0,0.0,720.0,28.0
1788870544.7578716,1788870544.7576737,0.6231353878974915,-1.5707918088883162,-0.0015904000990193993,-0.00624487771675429,-0.00624487771675429,0.4954678121994526,0.0,1.4038829612731933,0.6450373935699463,0.0,0.0,-1.5707918088883162,2.356198977679014,0.6031353878974914,8.51408432006836,3.9269907865673304,1.0,0.0,0.0,0.0,720.0,28.0
1788870544.8297017,1788870544.8295987,0.6259968876838684,-1.5707918088883162,-0.002516973383663718,-0.0075114836944330165,-0.0075114836944330165,0.4945485794425429,0.0,1.4079420375823974,0.6477858829498291,0.0,0.0,-1.5707918088883162,2.356198977679014,0.6059968876838684,8.46098087310791,3.9269907865673304,1.0,0.0,0.0,0.0,720.0,28.0
1788870544.902973,1788870544.9025452,0.6301063895225525,-1.5707918088883162,-0.003877137285691641,-0.010938232628279183,-0.010938232628279183,0.49206163407420533,0.0,1.41298602104187,0.6518953251838684,0.0,0.0,-1.5707918088883162,2.356198977679014,0.6101063895225525,8.39533660888672,3.9269907865673304,1.0,0.0,0.0,0.0,720.0,30.0
1788870544.9589343,1788870544.9587917,0.6322181820869446,-1.5707918088883162,-0.0055598102573545674,-0.015735444764957984,-0.015735444764957984,0.48858008210335363,0.0,1.4153489875793457,0.6540549802780151,0.0,0.0,-1.5707918088883162,2.356198977679014,0.6122181820869446,8.364657859802247,3.9269907865673304,1.0,0.0,0.0,0.0,720.0,30.0
1788870545.0279667,1788870545.027813,0.6353393793106079,-1.5707918088883162,-0.007204029702167719,-0.020857659962343084,-0.020857659962343084,0.4848626608371078,0.0,1.420755009651184,0.6572254109382629,0.0,0.0,-1.5707918088883162,2.356198977679014,0.6153393793106079,8.317837219238282,3.9269907865673304,1.0,0.0,0.0,0.0,720.0,30.0
1788870545.101997,1788870545.1018436,0.6382845044136047,-1.5707918088883162,-0.008467350819445324,-0.02522416382426045,-0.02522416382426045,0.4816936931756704,0.0,1.4308750438690185,0.660124282836914,0.0,0.0,-1.5707918088883162,2.356198977679014,0.6182845044136047,8.30585334777832,3.9269907865673304,1.0,0.0,0.0,0.0,720.0,30.0
1788870545.1766388,1788870545.1765015,0.6409146189689636,-1.5707918088883162,-0.007843089090229047,-0.025135768709391205,-0.025135768709391205,0.4817578454744678,0.0,1.4412669944763183,0.6625954914093017,0.0,0.0,-1.5707918088883162,2.356198977679014,0.6209146189689636,8.252283554077149,3.9269907865673304,1.0,0.0,0.0,0.0,720.0,30.0
1788870545.2306058,1788870545.2305295,0.6424810886383057,-1.5707918088883162,-0.006757417546105294,-0.02267734591609322,-0.02267734591609322,0.48354203313958094,0.0,1.4485239791870117,0.663974027633667,0.0,0.0,-1.5707918088883162,2.356198977679014,0.6224810886383056,8.252348403930664,3.9269907865673304,1.0,0.0,0.0,0.0,720.0,31.0
1788870545.3012717,1788870545.3011906,0.6446201801300049,-1.5707918088883162,-0.005558252220391458,-0.019253688748504832,-0.019253688748504832,0.4860267346744999,0.0,1.4599460172653198,0.6667446899414062,0.0,0.0,-1.5707918088883162,2.356198977679014,0.6246201801300049,8.22951171875,3.9269907865673304,1.0,0.0,0.0,0.0,720.0,31.0
1788870545.3549435,1788870545.3548088,0.6459755897521973,-1.5707918088883162,-0.0064550495053469,-0.020235417516528506,-0.020235417516528506,0.48531425008349727,0.0,1.467699031829834,0.6688030171394348,0.0,0.0,-1.5707918088883162,2.356198977679014,0.6259755897521972,8.188075523376465,3.9269907865673304,1.0,0.0,0.0,0.0,720.0,31.0
1788870545.4267366,1788870545.4266582,0.6480119228363037,-1.5707918088883162,-0.028112251481774746,-0.06904206857413397,-0.06904206857413397,0.4498930747552122,0.0,1.479189019203186,0.6719431090354919,0.0,0.0,-1.5707918088883162,2.356198977679014,0.6280119228363037,8.166426162719727,3.9269907865673304,1.0,0.0,0.0,0.0,720.0,10.0
1788870545.4830384,1788870545.48294,0.6494055986404419,-1.5707918088883162,-0.02788865268379305,-0.08318320258393663,-0.08318320258393663,0.43963021966788407,0.0,1.486646990776062,0.6741292285919189,0.0,0.0,-1.5707918088883162,2.356198977679014,0.6294055986404419,8.128601531982422,3.9269907865673304,1.0,0.0,0.0,0.0,720.0,10.0
1788870545.5525994,1788870545.552513,0.6514139175415039,-1.5707918088883162,-0.026816993087414878,-0.08502502529099032,-0.08502502529099032,0.4382935263357977,0.0,1.4980230140686035,0.6772947120666504,0.0,0.0,-1.5707918088883162,2.356198977679014,0.6314139175415039,8.109194259643555,3.9269907865673304,1.0,0.0,0.0,0.0,720.0,10.0
1788870545.6052852,1788870545.6051943,0.651811420917511,-1.5707918088883162,-0.0236585934779011,-0.07850275697779556,-0.07850275697779556,0.44302702893131723,0.0,1.508553009033203,0.6777335214614868,0.0,0.0,-1.5707918088883162,2.356198977679014,0.631811420917511,8.085348587036133,3.9269907865673304,1.0,0.0,0.0,0.0,720.0,10.0
1788870545.6761472,1788870545.6759114,0.651482880115509,-1.5707918088883162,-0.017218023027453254,-0.06211919867483395,-0.06211919867483395,0.4549173118861022,0.0,1.5262360382080078,0.6769485282897949,0.0,0.0,-1.5707918088883162,2.356198977679014,0.631482880115509,8.05576084136963,3.9269907865673304,1.0,0.0,0.0,0.0,720.0,10.0
1788870545.730984,1788870545.7306507,0.6517457962036133,-1.5707918088883162,-0.012097499281694948,-0.04573415799344687,-0.04573415799344687,0.4668086706693854,0.0,1.5383339929580688,0.6761399912834167,0.0,0.0,-1.5707918088883162,2.356198977679014,0.6317457962036133,8.06068084716797,3.9269907865673304,1.0,0.0,0.0,0.0,720.0,10.0
1788870545.8015382,1788870545.8014166,0.6521382927894592,-1.5707918088883162,-0.005457644886745717,-0.025945371944344472,-0.025945371944344472,0.4811702801015071,0.0,1.555708031654358,0.6749846744537353,0.0,0.0,-1.5707918088883162,2.356198977679014,0.6321382927894592,8.03084228515625,3.9269907865673304,1.0,0.0,0.0,0.0,720.0,10.0
1788870545.8563874,1788870545.8561223,0.6526539921760559,-1.5707918088883162,-0.002061250907160042,-0.012400813615341837,-0.012400813615341837,0.49100017346480157,0.0,1.5568330097198486,0.6746886777877807,0.0,0.0,-1.5707918088883162,2.356198977679014,0.6326539921760559,8.006386260986329,3.9269907865673304,1.0,0.0,0.0,0.0,720.0,10.0
1788870545.9272785,1788870545.9271903,0.6538599729537964,-1.5707918088883162,0.0015060969118431012,-0.00034658700207400447,-0.00034658700207400447,0.49974846627045816,0.0,1.5463230419158935,0.6749840188026428,0.0,0.0,-1.5707918088883162,2.356198977679014,0.6338599729537964,7.9616098213195805,3.9269907865673304,1.0,0.0,0.0,0.0,720.0,11.0
1788870545.983109,1788870545.9829469,0.6550832986831665,-1.5707918088883162,0.002340811555615387,0.005139441783956265,0.005139441783956265,0.4962700766273808,0.0,1.5390590238571167,0.675905327796936,0.0,0.0,-1.5707918088883162,2.356198977679014,0.6350832986831665,7.918365936279297,3.9269907865673304,1.0,0.0,0.0,0.0,720.0,11.0
1788870546.0535257,1788870546.0534215,0.6573706269264221,-1.5707918088883162,0.0028753838614782802,0.007982692384898227,0.007982692384898227,0.4942066021652763,0.0,1.5282150316238403,0.6780146765708923,0.0,0.0,-1.5707918088883162,2.356198977679014,0.6373706269264221,7.9008798408508305,3.9269907865673304,1.0,0.0,0.0,0.0,720.0,11.0
1788870546.1280458,1788870546.127933,0.6601951122283936,-1.5707918088883162,0.0016477480653590614,0.006085763381873766,0.006085763381873766,0.49558328860750184,0.0,1.519546012878418,0.6809962201118469,0.0,0.0,-1.5707918088883162,2.356198977679014,0.6401951122283935,7.858075122833252,3.9269907865673304,1.0,0.0,0.0,0.0,720.0,11.0
1788870546.1809719,1788870546.1808755,0.6622269749641418,-1.5707918088883162,0.0002970441535832415,0.002491107918588591,0.002491107918588591,0.4981920912737516,0.0,1.5150359678268432,0.6832284736633301,0.0,0.0,-1.5707918088883162,2.356198977679014,0.6422269749641418,7.8332810211181645,3.9269907865673304,1.0,0.0,0.0,0.0,720.0,11.0
1788870546.2503424,1788870546.2502112,0.6653969287872314,-1.5707918088883162,-0.0012865814694098122,-0.0021346101159014017,-0.0021346101159014017,0.49845081771573235,0.0,1.5081230211257934,0.6852177786827087,0.0,0.0,-1.5707918088883162,2.356198977679014,0.6453969287872314,7.836009960174561,3.9269907865673304,1.0,0.0,0.0,0.0,720.0,11.0
1788870546.3021293,1788870546.3020601,0.6675025224685669,-1.5707918088883162,-0.002489693590475685,-0.006217296677435955,-0.006217296677435955,0.4954878289965133,0.0,1.5035329866409302,0.6852327990531921,0.0,0.0,-1.5707918088883162,2.356198977679014,0.6475025224685669,7.8120198059082036,3.9269907865673304,1.0,0.0,0.0,0.0,720.0,11.0
1788870546.375373,1788870546.3751664,0.6705554127693176,-1.5707918088883162,-0.004316726186959999,-0.011534655662021184,-0.011534655662021184,0.4916287831329869,0.0,1.4967889595031738,0.6850955295562744,0.0,0.0,-1.5707918088883162,2.356198977679014,0.6505554127693176,7.772794227600098,3.9269907865673304,1.0,0.0,0.0,0.0,720.0,11.0
1788870546.4279706,1788870546.4278262,0.6724762916564941,-1.5707918088883162,-0.005299344758060974,-0.015330928956662937,-0.015330928956662937,0.48887365736529426,0.0,1.492442946434021,0.684833984375,0.0,0.0,-1.5707918088883162,2.356198977679014,0.6524762916564941,7.743370990753174,3.9269907865673304,1.0,0.0,0.0,0.0,720.0,11.0
1788870546.5051117,1788870546.5050368,0.6751996278762817,-1.5707918088883162,-0.006502908055886108,-0.019165792732183762,-0.019165792732183762,0.4860905247550996,0.0,1.4861219930648804,0.684220712184906,0.0,0.0,-1.5707918088883162,2.356198977679014,0.6551996278762817,7.73293779373169,3.9269907865673304,1.0,0.0,0.0,0.0,720.0,11.0
1788870546.5784416,1788870546.578335,0.6776754260063171,-1.5707918088883162,-0.007305442108780665,-0.022113928143323816,-0.022113928143323816,0.48395093068284367,0.0,1.4801109838485718,0.6832647728919983,0.0,0.0,-1.5707918088883162,2.356198977679014,0.6576754260063171,7.679307918548584,3.9269907865673304,1.0,0.0,0.0,0.0,720.0,11.0
1788870546.650794,1788870546.650688,0.6778578758239746,-1.5620651626959443,-0.00708548758818989,-0.0225056706405425,-0.0225056706405425,0.48366662558554974,0.0,1.4745290088653564,0.6820953893661499,0.0,0.0,-1.5707918088883162,2.356198977679014,0.6578578758239746,7.661252956390381,3.9269907865673304,1.0,0.0,0.0,0.0,720.0,11.0
1788870546.704944,1788870546.704842,0.6771982908248901,-1.5620651626959443,-0.007412047728021876,-0.023354688102931755,-0.023354688102931755,0.4830504555402711,0.0,1.471029977798462,0.6811544108390808,0.0,0.0,-1.5707918088883162,2.356198977679014,0.6571982908248901,7.62233684539795,3.9269907865673304,1.0,0.0,0.0,0.0,720.0,12.0
1788870546.7760923,1788870546.7760007,0.676062822341919,-1.5577018395997584,-0.006597892236092741,-0.02178568503972727,-0.02178568503972727,0.4841891514226578,0.0,1.465967993736267,0.6795559930801391,0.0,0.0,-1.5707918088883162,2.356198977679014,0.6560628223419189,7.598871212005616,3.9269907865673304,1.0,0.0,0.0,0.0,720.0,12.0
1788870546.8294735,1788870546.8293743,0.6752433180809021,-1.5577018395997584,-0.006431998650254112,-0.020943382488487396,-0.020943382488487396,0.48480044815579604,0.0,1.4626719760894775,0.6784137892723083,0.0,0.0,-1.5707918088883162,2.356198977679014,0.6552433180809021,7.557971935272217,3.9269907865673304,1.0,0.0,0.0,0.0,720.0,12.0
1788870546.900747,1788870546.900632,0.6739128232002258,-1.5533385165035725,-0.005474206510150124,-0.018545237329282496,-0.018545237329282496,0.4865408896387942,0.0,1.4578469800949097,0.6765867280960083,0.0,0.0,-1.5707918088883162,2.356198977679014,0.6539128232002258,7.532557945251465,3.9269907865673304,1.0,0.0,0.0,0.0,720.0,12.0
1788870546.9544623,1788870546.9543896,0.6730015873908997,-1.5533385165035725,-0.004650157101744324,-0.015979923106692034,-0.015979923106692034,0.48840265320751913,0.0,1.4546429920196533,0.6753626275062561,0.0,0.0,-1.5707918088883162,2.356198977679014,0.6530015873908996,7.528658847808838,3.9269907865673304,1.0,0.0,0.0,0.0,720.0,12.0
1788870547.0285032,1788870547.0283487,0.6716001033782959,-1.5489751934073865,-0.003873708581114322,-0.013471084153703695,-0.013471084153703695,0.4902234301405512,0.0,1.4498569774627685,0.6735166716575622,0.0,0.0,-1.5707918088883162,2.356198977679014,0.6516001033782959,7.505211811065674,3.9269907865673304,1.0,0.0,0.0,0.0,720.0,12.0
1788870547.102022,1788870547.1019332,0.6701980829238892,-1.5489751934073865,-0.0035546061577498614,-0.0120036430394708,-0.0120036430394708,0.491288417962187,0.0,1.4450260210037231,0.6719363737106323,0.0,0.0,-1.5707918088883162,2.356198977679014,0.6501980829238891,7.484027843475342,3.9269907865673304,1.0,0.0,0.0,0.0,720.0,12.0
1788870547.1542046,1788870547.154146,0.6692739725112915,-1.5489751934073865,-0.0038072240640118532,-0.01212927481522779,-0.01212927481522779,0.4911972413487652,0.0,1.4417749452590942,0.6727040815353393,0.0,0.0,-1.5707918088883162,2.356198977679014,0.6492739725112915,7.446460227966309,3.9269907865673304,1.0,0.0,0.0,0.0,720.0,12.0
1788870547.2254777,1788870547.2253888,0.667860209941864,-1.5446118703112006,-0.0035261138007681527,-0.011537277358289001,-0.011537277358289001,0.4916268804504396,0.0,1.4366960334777832,0.6739662098884582,0.0,0.0,-1.5707918088883162,2.356198977679014,0.647860209941864,7.42751787185669,3.9269907865673304,1.0,0.0,0.0,0.0,720.0,12.0
1788870547.2783797,1788870547.2782407,0.6669083833694458,-1.5446118703112006,-0.004023248180686014,-0.012473259132223372,-0.012473259132223372,0.49094759650449793,0.0,1.4332020092010498,0.6748717832565307,0.0,0.0,-1.5707918088883162,2.356198977679014,0.6469083833694458,7.390627841949463,3.9269907865673304,1.0,0.0,0.0,0.0,720.0,12.0
1788870547.3526788,1788870547.352544,0.6654440760612488,-1.5446118703112006,-0.003959384878812795,-0.012610999868207674,-0.012610999868207674,0.4908476318756323,0.0,1.4279939937591553,0.6761913704872131,0.0,0.0,-1.5707918088883162,2.356198977679014,0.6454440760612488,7.371995906829834,3.9269907865673304,1.0,0.0,0.0,0.0,720.0,12.0
1788870547.4057963,1788870547.4056613,0.6644535064697266,-1.5446118703112006,-0.004746744762804102,-0.01441600822914349,-0.01441600822914349,0.48953765636540386,0.0,1.4245300102233887,0.6770642805099487,0.0,0.0,-1.5707918088883162,2.356198977679014,0.6444535064697265,7.335288028717041,3.9269907865673304,1.0,0.0,0.0,0.0,720.0,13.0
1788870547.477267,1788870547.477178,0.6632162928581238,-1.5664284857921302,-0.004649705996633017,-0.014740143901201007,-0.014740143901201007,0.4893024165728488,0.0,1.4194199848175049,0.6782805728912353,0.0,0.0,-1.5707918088883162,2.356198977679014,0.6432162928581238,7.316077213287354,3.9269907865673304,1.0,0.0,0.0,0.0,720.0,13.0
1788870547.5337818,1788870547.5336773,0.6638222932815552,-1.5707918088883162,-0.006236607364903872,-0.018392043667744974,-0.018392043667744974,0.48665206914869535,0.0,1.4160469579696655,0.6790548968315124,0.0,0.0,-1.5707918088883162,2.356198977679014,0.6438222932815552,7.278668861389161,3.9269907865673304,1.0,0.0,0.0,0.0,720.0,13.0
1788870547.6035082,1788870547.603428,0.6650518774986267,-1.5707918088883162,-0.005965796604451327,-0.018880997494294467,-0.018880997494294467,0.48629721343042037,0.0,1.411259036064148,0.6800405788421631,0.0,0.0,-1.5707918088883162,2.356198977679014,0.6450518774986267,7.258913021087647,3.9269907865673304,1.0,0.0,0.0,0.0,720.0,13.0
1788870547.68001,1788870547.6797352,0.6661816835403442,-1.5707918088883162,-0.006000508297343394,-0.019105437834337543,-0.019105437834337543,0.48613432701098497,0.0,1.4066560077667236,0.6809205818176269,0.0,0.0,-1.5707918088883162,2.356198977679014,0.6461816835403442,7.239998798370362,3.9269907865673304,1.0,0.0,0.0,0.0,720.0,13.0
1788870547.7566788,1788870547.7565188,0.6671394109725952,-1.5707918088883162,-0.005424349249347215,-0.017882173668839024,-0.017882173668839024,0.4870221046712016,0.0,1.402292947769165,0.6815414834022522,0.0,0.0,-1.5707918088883162,2.356198977679014,0.6471394109725952,7.217669944763184,3.9269907865673304,1.0,0.0,0.0,0.0,720.0,13.0
1788870547.8340352,1788870547.8338754,0.6680033802986145,-1.5707918088883162,-0.0048222664640644956,-0.016166528980156178,-0.016166528980156178,0.4882672249571059,0.0,1.3980370569229126,0.6820516991615295,0.0,0.0,-1.5707918088883162,2.356198977679014,0.6480033802986145,7.194664936065674,3.9269907865673304,1.0,0.0,0.0,0.0,720.0,13.0
1788870547.9135115,1788870547.9133174,0.6688013076782227,-1.5707918088883162,-0.004253000790101255,-0.014376680463873664,-0.014376680463873664,0.4895661982882506,0.0,1.3938530492782593,0.6855811285972595,0.0,0.0,-1.5707918088883162,2.356198977679014,0.6488013076782226,7.171568851470948,3.9269907865673304,1.0,0.0,0.0,0.0,720.0,13.0
1788870547.9934065,1788870547.993183,0.669564425945282,-1.5707918088883162,-0.005030947812967192,-0.01558232724020861,-0.01558232724020861,0.48869120635737345,0.0,1.3896909761428833,0.6977011966705322,0.0,0.0,-1.5707918088883162,2.356198977679014,0.649564425945282,7.112501125335694,3.9269907865673304,1.0,0.0,0.0,0.0,720.0,14.0
1788870548.063177,1788870548.0630202,0.6703181266784668,-1.5707918088883162,-0.004690642573984317,-0.015181737537787452,-0.015181737537787452,0.48898193226822145,0.0,1.385513048171997,0.7098625707626343,0.0,0.0,-1.5707918088883162,2.356198977679014,0.6503181266784668,7.09147689819336,3.9269907865673304,1.0,0.0,0.0,0.0,720.0,14.0
1788870548.137331,1788870548.1372113,0.6710816025733948,-1.5707918088883162,-0.0044763244169204325,-0.014581487955238004,-0.014581487955238004,0.4894175603075049,0.0,1.3812949466705322,0.7221026825904846,0.0,0.0,-1.5707918088883162,2.356198977679014,0.6510816025733948,7.072061996459961,3.9269907865673304,1.0,0.0,0.0,0.0,720.0,14.0
1788870548.208207,1788870548.208034,0.6717420816421509,-1.5707918088883162,-0.004050055519767208,-0.01344657075084995,-0.01344657075084995,0.4902412206162663,0.0,1.377210955619812,0.7341233897209167,0.0,0.0,-1.5707918088883162,2.356198977679014,0.6517420816421509,7.0511131095886235,3.9269907865673304,1.0,0.0,0.0,0.0,720.0,14.0
1788870548.2818766,1788870548.281681,0.6723613142967224,-1.5707918088883162,-0.003697855305713015,-0.012317167110052138,-0.012317167110052138,0.4910608794846833,0.0,1.3731629657745361,0.7460953998565674,0.0,0.0,-1.5707918088883162,2.356198977679014,0.6523613142967224,7.030477027893067,3.9269907865673304,1.0,0.0,0.0,0.0,720.0,14.0
1788870548.356999,1788870548.3567975,0.6806864142417908,-1.5707918088883162,-0.003610966869528295,-0.011783715920759023,-0.011783715920759023,0.4914480289345141,0.0,1.3691459703445434,0.7556149768829346,0.0,0.0,-1.5707918088883162,2.356198977679014,0.6606864142417908,7.010216217041016,3.9269907865673304,1.0,0.0,0.0,0.0,720.0,14.0
1788870548.4305704,1788870548.4303217,0.6880841851234436,-1.5707918088883162,-0.0030269648779219626,-0.010315516102772905,-0.010315516102772905,0.49251356738148644,0.0,1.366389970779419,0.7607158231735229,0.0,0.0,-1.5707918088883162,2.356198977679014,0.6680841851234436,7.008536796569825,3.9269907865673304,1.0,0.0,0.0,0.0,720.0,14.0
1788870548.4913285,1788870548.491228,0.6994128823280334,-1.5707918088883162,-0.004407894751808774,-0.012968339074883525,-0.012968339074883525,0.49058829478904553,0.0,1.3621710348129272,0.7685382175445556,0.0,0.0,-1.5707918088883162,2.356198977679014,0.6794128823280334,6.949802856445313,3.9269907865673304,1.0,0.0,0.0,0.0,720.0,15.0
1788870548.5590012,1788870548.558809,0.7107509970664978,-1.5707918088883162,-0.004175513884729221,-0.013243652824258512,-0.013243652824258512,0.4903884872551218,0.0,1.357953052520752,0.7763765263557434,0.0,0.0,-1.5707918088883162,2.356198977679014,0.6907509970664978,6.928565006256104,3.9269907865673304,1.0,0.0,0.0,0.0,720.0,15.0
1788870548.6294165,1788870548.6292872,0.7221214771270752,-1.5707918088883162,-0.004236555882620553,-0.013462981024347592,-0.013462981024347592,0.4902293109448967,0.0,1.3536989498138428,0.784279625415802,0.0,0.0,-1.5707918088883162,2.356198977679014,0.7021214771270752,6.908715229034424,3.9269907865673304,1.0,0.0,0.0,0.0,720.0,15.0
1788870548.702655,1788870548.7024808,0.7332953810691833,-1.5707918088883162,-0.004025082883965132,-0.013055079967386175,-0.013055079967386175,0.49052534303360057,0.0,1.3496260452270508,0.791918318271637,0.0,0.0,-1.5707918088883162,2.356198977679014,0.7132953810691833,6.8862547683715825,3.9269907865673304,1.0,0.0,0.0,0.0,720.0,15.0
1788870548.777968,1788870548.7778335,0.742688775062561,-1.5707918088883162,-0.003840088916744385,-0.012518323163723276,-0.012518323163723276,0.4909148915160144,0.0,1.345615963935852,0.7994792866706848,0.0,0.0,-1.5707918088883162,2.356198977679014,0.722688775062561,6.863631229400635,3.9269907865673304,1.0,0.0,0.0,0.0,720.0,15.0
1788870548.8319223,1788870548.8317363,0.7474319934844971,-1.5707918088883162,-0.003201955405717274,-0.010927877057923677,-0.010927877057923677,0.49206914957599124,0.0,1.3429909753799438,0.8044544863700867,0.0,0.0,-1.5707918088883162,2.356198977679014,0.727431993484497,6.860593776702881,3.9269907865673304,1.0,0.0,0.0,0.0,720.0,15.0
1788870548.9017942,1788870548.9016752,0.7545145750045776,-1.5707918088883162,-0.00464839354789324,-0.013690764664657962,-0.013690764664657962,0.49006399814253243,0.0,1.3390819835662842,0.8118880796432495,0.0,0.0,-1.5707918088883162,2.356198977679014,0.7345145750045776,6.80032585144043,3.9269907865673304,1.0,0.0,0.0,0.0,720.0,16.0
1788870548.9567492,1788870548.956584,0.7592254281044006,-1.5707918088883162,-0.004041604320999501,-0.01316042307843627,-0.01316042307843627,0.4904488908139691,0.0,1.336482982635498,0.8168403911590576,0.0,0.0,-1.5707918088883162,2.356198977679014,0.7392254281044006,6.797687034606934,3.9269907865673304,1.0,0.0,0.0,0.0,720.0,16.0
1788870549.0289779,1788870549.0288703,0.7663115859031677,-1.5707918088883162,-0.004243421435003679,-0.01345339093793912,-0.01345339093793912,0.49023627090065536,0.0,1.3325550365447998,0.8243241119384765,0.0,0.0,-1.5707918088883162,2.356198977679014,0.7463115859031677,6.776327114105225,3.9269907865673304,1.0,0.0,0.0,0.0,720.0,16.0
1788870549.1033013,1788870549.1031573,0.7732362747192383,-1.5707918088883162,-0.0039178101438332525,-0.012811912003568222,-0.012811912003568222,0.49070182092941955,0.0,1.3288019704818725,0.8315555262565613,0.0,0.0,-1.5707918088883162,2.356198977679014,0.7532362747192383,6.752518157958985,3.9269907865673304,1.0,0.0,0.0,0.0,720.0,16.0
1788870549.1772118,1788870549.1770673,0.7801191210746765,-1.5707918088883162,-0.002124448871374421,-0.00860233907294917,-0.00860233907294917,0.4937568967766985,0.0,1.325088005065918,0.8387480783462524,0.0,0.0,-1.5707918088883162,2.356198977679014,0.7601191210746765,6.766858081817627,3.9269907865673304,1.0,0.0,0.0,0.0,720.0,16.0
1788870549.2308707,1788870549.2307725,0.784662127494812,-1.5707918088883162,-0.002949967429799798,-0.0091886287646363,-0.0091886287646363,0.49333140005622267,0.0,1.3226580429077148,0.8434794950485229,0.0,0.0,-1.5707918088883162,2.356198977679014,0.764662127494812,6.725452880859375,3.9269907865673304,1.0,0.0,0.0,0.0,720.0,16.0
1788870549.3007538,1788870549.3006613,0.7914698123931885,-1.5707918088883162,-0.0029351200320633557,-0.009331257501212806,-0.009331257501212806,0.4932278879861328,0.0,1.319015007019043,0.8505915808677673,0.0,0.0,-1.5707918088883162,2.356198977679014,0.7714698123931885,6.702082138061524,3.9269907865673304,1.0,0.0,0.0,0.0,720.0,17.0
1788870549.3534794,1788870549.3533952,0.7961136102676392,-1.5707918088883162,-0.003980233109203142,-0.01171509941497888,-0.01171509941497888,0.4914978270097556,0.0,1.316459994316101,0.8555282163619995,0.0,0.0,-1.5707918088883162,2.356198977679014,0.7761136102676391,6.663897018432618,3.9269907865673304,1.0,0.0,0.0,0.0,720.0,17.0
1788870549.4250112,1788870549.4246976,0.8030179738998413,-1.5707918088883162,-0.0023733592101980957,-0.008830854455337399,-0.008830854455337399,0.4935910529162945,0.0,1.31269202709198,0.8691831040382385,0.0,0.0,-1.5707918088883162,2.356198977679014,0.7830179738998413,6.6816720771789555,3.9269907865673304,1.0,0.0,0.0,0.0,720.0,17.0
1788870549.477656,1788870549.4773676,0.8075904250144958,-1.5707918088883162,-0.0017778819457808146,-0.006631711895150244,-0.006631711895150244,0.495187069289234,0.0,1.3102119970321655,0.878524522781372,0.0,0.0,-1.5707918088883162,2.356198977679014,0.7875904250144958,6.680884819030762,3.9269907865673304,1.0,0.0,0.0,0.0,720.0,17.0
1788870549.553062,1788870549.5528936,0.8143255710601807,-1.5707918088883162,-0.0016660864708518727,-0.005721547263253269,-0.005721547263253269,0.4958476165774709,0.0,1.306625943183899,0.8922868180274963,0.0,0.0,-1.5707918088883162,2.356198977679014,0.7943255710601806,6.658456783294678,3.9269907865673304,1.0,0.0,0.0,0.0,720.0,17.0
1788870549.625812,1788870549.6256728,0.8211221098899841,-1.5707918088883162,-0.0017098739730067708,-0.005546581878511148,-0.005546581878511148,0.4959745968032196,0.0,1.3029600191116333,0.9062188076972961,0.0,0.0,-1.5707918088883162,2.356198977679014,0.8011221098899841,6.638257961273194,3.9269907865673304,1.0,0.0,0.0,0.0,720.0,17.0
1788870549.7002041,1788870549.7001126,0.8279888033866882,-1.5707918088883162,-0.002321606000668215,-0.006864372005050146,-0.006864372005050146,0.4950182174142111,0.0,1.2972889947891235,0.920325379371643,0.0,0.0,-1.5707918088883162,2.356198977679014,0.8079888033866882,6.6200852203369145,3.9269907865673304,1.0,0.0,0.0,0.0,720.0,18.0
1788870549.7529302,1788870549.7528503,0.8325787782669067,-1.5707918088883162,-0.0036567488775034974,-0.010250429087122878,-0.010250429087122878,0.4925608039474662,0.0,1.2927319812774658,0.9297727155685425,0.0,0.0,-1.5707918088883162,2.356198977679014,0.8125787782669067,6.5825581359863286,3.9269907865673304,1.0,0.0,0.0,0.0,720.0,18.0
1788870549.8252585,1788870549.825132,0.8394585251808167,-1.5707918088883162,-0.002008671493929773,-0.007574552872539556,-0.007574552872539556,0.4945028073117551,0.0,1.285901050567627,0.9439322757720947,0.0,0.0,-1.5707918088883162,2.356198977679014,0.8194585251808166,6.604575138092041,3.9269907865673304,1.0,0.0,0.0,0.0,720.0,18.0
1788870549.8776033,1788870549.8774502,0.846727192401886,-1.5707918088883162,-0.001384208859712207,-0.005372993707517211,-0.005372993707517211,0.49610057752319225,0.0,1.2813919591903686,0.9532714295387268,0.0,0.0,-1.5707918088883162,2.356198977679014,0.826727192401886,6.605647068023682,3.9269907865673304,1.0,0.0,0.0,0.0,720.0,18.0
1788870549.95153,1788870549.9513698,0.8589001297950745,-1.5707918088883162,-0.0035221387762178757,-0.009501488970983206,-0.009501488970983206,0.4931043433747639,0.0,1.2747920560836792,0.9668832230567932,0.0,0.0,-1.5707918088883162,2.356198977679014,0.8389001297950744,6.544024925231934,3.9269907865673304,1.0,0.0,0.0,0.0,720.0,19.0
1788870550.0072145,1788870550.0070984,0.8670886754989624,-1.5707918088883162,-0.002913080135066922,-0.009375746193844868,-0.009375746193844868,0.49319560054686584,0.0,1.270349006652832,0.9761029887199402,0.0,0.0,-1.5707918088883162,2.356198977679014,0.8470886754989624,6.544383983612061,3.9269907865673304,1.0,0.0,0.0,0.0,720.0,19.0
1788870550.078722,1788870550.0786374,0.8794686794281006,-1.5707918088883162,-0.0011388860441622843,-0.0053638285970769774,-0.0053638285970769774,0.49610722905483334,0.0,1.263619999885559,0.990113000869751,0.0,0.0,-1.5707918088883162,2.356198977679014,0.8594686794281006,6.567729930877686,3.9269907865673304,1.0,0.0,0.0,0.0,720.0,19.0
1788870550.151948,1788870550.1518652,0.8915777802467346,-1.5707918088883162,-0.0010206421745241028,-0.0038953870500570836,-0.0038953870500570836,0.4971729429354055,0.0,1.2570769596099853,1.0036530303955078,0.0,0.0,-1.5707918088883162,2.356198977679014,0.8715777802467346,6.547705154418946,3.9269907865673304,1.0,0.0,0.0,0.0,720.0,19.0
1788870550.2055783,1788870550.2055087,0.8996179103851318,-1.5707918088883162,-0.0005865290136424336,-0.0024824411055761764,-0.0024824411055761764,0.498198381168604,0.0,1.2527409601211548,1.0126319932937622,0.0,0.0,-1.5707918088883162,2.356198977679014,0.8796179103851318,6.549141864776612,3.9269907865673304,1.0,0.0,0.0,0.0,720.0,19.0
1788870550.278132,1788870550.2779977,0.9118694067001343,-1.5707918088883162,-0.000835374896738339,-0.0026159721003667325,-0.0026159721003667325,0.49810147173770175,0.0,1.246116976737976,1.024638991355896,0.0,0.0,-1.5707918088883162,2.356198977679014,0.8918694067001343,6.53305290222168,3.9269907865673304,1.0,0.0,0.0,0.0,720.0,20.0
1788870550.3349576,1788870550.3348296,0.9201176762580872,-1.5707918088883162,-0.00029723226700845926,-0.0014505919082089685,-0.0014505919082089685,0.4989472404027513,0.0,1.2416480588912964,1.0308079528808594,0.0,0.0,-1.5707918088883162,2.356198977679014,0.9001176762580871,6.539210777282715,3.9269907865673304,1.0,0.0,0.0,0.0,720.0,20.0
1788870550.4059565,1788870550.4057775,0.9325538277626038,-1.5707918088883162,-0.0004368293969479872,-0.001413675421626182,-0.001413675421626182,0.4989740323525249,0.0,1.2348999786376953,1.0401539611816406,0.0,0.0,-1.5707918088883162,2.356198977679014,0.9125538277626037,6.5267038154602055,3.9269907865673304,1.0,0.0,0.0,0.0,720.0,20.0
1788870550.4824615,1788870550.4822628,0.9449735283851624,-1.5707918088883162,-0.000889456233988134,-0.002416484590621275,-0.002416484590621275,0.49824624876922063,0.0,1.2281670379638672,1.0494869756698608,0.0,0.0,-1.5707918088883162,2.356198977679014,0.9249735283851623,6.5143208312988286,3.9269907865673304,1.0,0.0,0.0,0.0,720.0,21.0
1788870550.5579016,1788870550.5577521,0.9574686884880066,-1.5707918088883162,-0.0012783704777630568,-0.0035884952473756297,-0.0035884952473756297,0.4973956680786808,0.0,1.2213829565048218,1.0589300203323364,0.0,0.0,-1.5707918088883162,2.356198977679014,0.9374686884880066,6.503161888122559,3.9269907865673304,1.0,0.0,0.0,0.0,720.0,21.0
1788870550.6337888,1788870550.633618,0.9699516296386719,-1.5707918088883162,0.000976229884603347,0.001110206367298808,0.001110206367298808,0.49919427345383205,0.0,1.2146090078353882,1.0683599519729614,0.0,0.0,-1.5707918088883162,2.356198977679014,0.9499516296386719,6.539741020202637,3.9269907865673304,1.0,0.0,0.0,0.0,720.0,21.0
1788870550.7064526,1788870550.7060676,0.9823434948921204,-1.5707918088883162,0.0033594769115746765,0.007858290192116918,0.007858290192116918,0.494296886415194,0.0,1.2078980016708374,1.0776630449295044,0.0,0.0,-1.5707918088883162,2.356198977679014,0.9623434948921203,6.576530914306641,3.9269907865673304,1.0,0.0,0.0,0.0,720.0,21.0
1788870550.7812405,1788870550.781064,0.9946569204330444,-1.5707918088883162,0.0032429820819030774,0.009621766921097969,0.009621766921097969,0.4930170522726944,0.0,1.2012369441986084,1.086848955154419,0.0,0.0,-1.5707918088883162,2.356198977679014,0.9746569204330444,6.563250045776368,3.9269907865673304,1.0,0.0,0.0,0.0,720.0,22.0
1788870550.8562295,1788870550.856124,1.0053499937057495,-1.5707918088883162,0.003202031497868009,0.010059080631553731,0.010059080631553731,0.4926996741023865,0.0,1.1943850326538086,1.0964950132369995,0.0,0.0,-1.5707918088883162,2.356198977679014,0.9853499937057495,6.556014995574952,3.9269907865673304,1.0,0.0,0.0,0.0,720.0,22.0
1788870550.932894,1788870550.9327452,1.0143849849700928,-1.5707918088883162,0.00521075665708919,0.014689819101345905,0.014689819101345905,0.4893389395368383,0.0,1.1872399854660034,1.1068320083618164,0.0,0.0,-1.5707918088883162,2.356198977679014,0.9943849849700928,6.6089720535278325,3.9269907865673304,1.0,0.0,0.0,0.0,720.0,22.0
1788870551.0084522,1788870551.0082464,1.0235719680786133,-1.5707918088883162,0.002026437669543085,0.008946166110180282,0.008946166110180282,0.49350736607740925,0.0,1.1799739408493042,1.117415051460266,0.0,0.0,-1.5707918088883162,2.356198977679014,1.0035719680786133,6.561964015960694,3.9269907865673304,1.0,0.0,0.0,0.0,720.0,23.0
1788870551.0825458,1788870551.0823374,1.0328420400619507,-1.5707918088883162,0.004331703095508841,0.01238686476699389,0.01238686476699389,0.49101029676956137,0.0,1.1726430463790893,1.1287300395965576,0.0,0.0,-1.5707918088883162,2.356198977679014,1.0128420400619507,6.620005111694336,3.9269907865673304,1.0,0.0,0.0,0.0,720.0,23.0
1788870551.1567767,1788870551.1566145,1.0421090126037598,-1.5707918088883162,0.004017094987307077,0.012714352201666019,0.012714352201666019,0.4907726244525724,0.0,1.1653300333023071,1.1418399620056152,0.0,0.0,-1.5707918088883162,2.356198977679014,1.0221090126037597,6.634303073883057,3.9269907865673304,1.0,0.0,0.0,0.0,720.0,23.0
1788870551.2300904,1788870551.2299862,1.0512889623641968,-1.5707918088883162,0.003503733501217151,0.011662668703226225,0.011662668703226225,0.4915358783284455,0.0,1.1580600547790527,1.1546519804000854,0.0,0.0,-1.5707918088883162,2.356198977679014,1.0312889623641968,6.6407761383056645,3.9269907865673304,1.0,0.0,0.0,0.0,720.0,24.0
1788870551.3030794,1788870551.3029938,1.0608559846878052,-1.5707918088883162,0.006084860105728083,0.017128887247798773,0.017128887247798773,0.48756879840686873,0.0,1.15050302028656,1.168122034072876,0.0,0.0,-1.5707918088883162,2.356198977679014,1.0408559846878052,6.708089809417725,3.9269907865673304,1.0,0.0,0.0,0.0,720.0,24.0
1788870551.37719,1788870551.3770454,1.0705020427703857,-1.5707918088883162,0.005785895816888313,0.018099072804169454,0.018099072804169454,0.4868646912421994,0.0,1.1428830432891846,1.1817029523849487,0.0,0.0,-1.5707918088883162,2.356198977679014,1.0505020427703857,6.720768909454346,3.9269907865673304,1.0,0.0,0.0,0.0,720.0,25.0
1788870551.4527388,1788870551.4521613,1.0801570415496826,-1.5707918088883162,0.00535008980402791,0.017413923002273356,0.017413923002273356,0.4873619351778765,0.0,1.1352499532699585,1.195258002281189,0.0,0.0,-1.5707918088883162,2.356198977679014,1.0601570415496826,6.7324228096008305,3.9269907865673304,1.0,0.0,0.0,0.0,720.0,25.0
1788870551.5090258,1788870551.5088623,1.0866539478302002,-1.5707918088883162,0.006175130636108445,0.01905646952556492,0.01905646952556492,0.48616986550856633,0.0,1.1301389741897583,1.2045069742202759,0.0,0.0,-1.5707918088883162,2.356198977679014,1.0666539478302002,6.766702156066895,3.9269907865673304,1.0,0.0,0.0,0.0,720.0,26.0
1788870551.5784848,1788870551.5783906,1.0963319540023804,-1.5707918088883162,0.006201150404501572,0.019607517763752996,0.019607517763752996,0.48576994509124116,0.0,1.1225299644470215,1.218319993019104,0.0,0.0,-1.5707918088883162,2.356198977679014,1.0763319540023804,6.789393882751465,3.9269907865673304,1.0,0.0,0.0,0.0,720.0,26.0
1788870551.6521242,1788870551.6519804,1.1060129404067993,-1.5707918088883162,0.00945545598797883,0.027062476742198478,0.027062476742198478,0.48035954705493616,0.0,1.1149149942398071,1.2321029710769653,0.0,0.0,-1.5707918088883162,2.356198977679014,1.0860129404067993,6.814970951080323,3.9269907865673304,1.0,0.0,0.0,0.0,720.0,26.0
1788870551.704144,1788870551.704062,1.1135380268096924,-1.5707918088883162,0.007229605740359137,0.02431305988106401,0.02431305988106401,0.48235492216423925,0.0,1.109768967628479,1.241469006538391,0.0,0.0,-1.5707918088883162,2.356198977679014,1.0935380268096924,6.792582015991211,3.9269907865673304,1.0,0.0,0.0,0.0,720.0,27.0
1788870551.7750592,1788870551.774906,1.1187560558319092,1.3700879579409957,0.031579620050640377,0.07803226687775365,0.07803226687775365,0.44336848469528956,0.0,1.1019719648361206,1.2556860256195068,0.0,0.0,-1.5707918088883162,2.356198977679014,1.0987560558319092,6.982505779266358,3.9269907865673304,1.0,0.0,0.0,0.0,720.0,20.0
1788870551.8297427,1788870551.8296666,1.113515019416809,1.3657246348448098,0.02877826557375335,0.08787299494853361,0.08787299494853361,0.43622662704269904,0.0,1.0965529489517212,1.2658279943466186,0.0,0.0,-1.5707918088883162,2.356198977679014,1.093515019416809,6.964319210052491,3.9269907865673304,1.0,0.0,0.0,0.0,720.0,21.0
1788870551.8998306,1788870551.8993702,1.1056079864501953,1.3657246348448098,0.03925002579312926,0.11428195626116962,0.11428195626116962,0.41706045955071724,0.0,1.088420968055725,1.2809309768676758,0.0,0.0,-1.5707918088883162,2.356198977679014,1.0856079864501953,7.0146751213073735,3.9269907865673304,1.0,0.0,0.0,0.0,720.0,18.0
1788870551.9530067,1788870551.9528947,1.0996860265731812,1.3613613117486238,0.03678623726783392,0.11668575835829886,0.11668575835829886,0.41531591257419104,0.0,1.082131962776184,1.2941460418701172,0.0,0.0,-1.5707918088883162,2.356198977679014,1.0796860265731811,7.009294013977051,3.9269907865673304,1.0,0.0,0.0,0.0,720.0,18.0
1788870552.0288968,1788870552.0279315,1.0904749631881714,1.352634665556252,0.02512954207248781,0.09129590174986235,0.09129590174986235,0.43374247008222366,0.0,1.0723290252685547,1.315610032081604,0.0,0.0,-1.5707918088883162,2.356198977679014,1.0704749631881714,6.968551139831543,3.9269907865673304,1.0,0.0,0.0,0.0,720.0,20.0
1788870552.0849798,1788870552.0848355,1.0839279890060425,1.3439080193638802,0.023667851664410454,0.08040475825323812,0.08040475825323812,0.4416466613135399,0.0,1.0653509902954101,1.331817011833191,0.0,0.0,-1.5707918088883162,2.356198977679014,1.0639279890060425,6.977363090515137,3.9269907865673304,1.0,0.0,0.0,0.0,720.0,19.0
1788870552.1521077,1788870552.1520088,1.0736780166625977,1.3351813731715083,0.012220425019986051,0.05149517952074019,0.05149517952074019,0.4626276390032825,0.0,1.0545459794998169,1.3574449825286865,0.0,0.0,-1.5707918088883162,2.356198977679014,1.0536780166625976,6.950537185668946,3.9269907865673304,1.0,0.0,0.0,0.0,720.0,20.0
1788870552.20585,1788870552.2057302,1.067060947418213,1.3264547269791365,0.011203276348342488,0.04054389287650923,0.04054389287650923,0.47057547881383976,0.0,1.0476900148391723,1.3730939435958862,0.0,0.0,-1.5707918088883162,2.356198977679014,1.0470609474182129,6.953598957061768,3.9269907865673304,1.0,0.0,0.0,0.0,720.0,19.0
1788870552.2754014,1788870552.2753124,1.0568779706954956,1.3220914038829505,0.003700880206248882,0.020453139524950266,0.020453139524950266,0.4851562394585922,0.0,1.0372420358657837,1.3966640043258667,0.0,0.0,-1.5707918088883162,2.356198977679014,1.0368779706954956,6.932225208282471,3.9269907865673304,1.0,0.0,0.0,0.0,720.0,20.0
1788870552.347947,1788870552.3478725,1.0470260381698608,1.3133647576905787,0.0011114313818252396,0.008625548152773617,0.008625548152773617,0.493740052906696,0.0,1.0272569465637207,1.4173899698257446,0.0,0.0,-1.5707918088883162,2.356198977679014,1.0270260381698608,6.917382221221924,3.9269907865673304,1.0,0.0,0.0,0.0,720.0,20.0
1788870552.4005337,1788870552.4003894,1.040382981300354,1.3133647576905787,0.003618684448374723,0.010693517610191466,0.010693517610191466,0.4922392347366831,0.0,1.0205579805374145,1.4307960081100464,0.0,0.0,-1.5707918088883162,2.356198977679014,1.020382981300354,6.925446968078614,3.9269907865673304,1.0,0.0,0.0,0.0,720.0,19.0
1788870552.475673,1788870552.475601,1.0306320190429688,1.3090014345943928,0.0007387842404265229,0.004862931981612852,0.004862931981612852,0.4964707521905789,0.0,1.010763030052185,1.4489120054244995,0.0,0.0,-1.5707918088883162,2.356198977679014,1.0106320190429687,6.893891792297364,3.9269907865673304,1.0,0.0,0.0,0.0,720.0,20.0
1788870552.5302196,1788870552.53007,1.0241600275039673,1.3090014345943928,0.0027510994688958327,0.007621342404810521,0.007621342404810521,0.4944688500499847,0.0,1.0042819786071777,1.460085015296936,0.0,0.0,-1.5707918088883162,2.356198977679014,1.0041600275039673,6.889513950347901,3.9269907865673304,1.0,0.0,0.0,0.0,720.0,20.0
1788870552.6011717,1788870552.6010985,1.014201045036316,1.3090014345943928,0.007622957004609671,0.01936182641176882,0.01936182641176882,0.48594825432300964,0.0,0.9943029689788818,1.47747896194458,0.0,0.0,-1.5707918088883162,2.356198977679014,0.9942010450363159,6.894756774902344,3.9269907865673304,1.0,0.0,0.0,0.0,720.0,20.0
1788870552.6537685,1788870552.6534624,1.0076260566711426,1.3090014345943928,0.009910357726579078,0.02800774923106778,0.02800774923106778,0.479673520420539,0.0,0.987720947265625,1.488584976196289,0.0,0.0,-1.5707918088883162,2.356198977679014,0.9876260566711426,6.888689975738526,3.9269907865673304,1.0,0.0,0.0,0.0,720.0,20.0
1788870552.7258677,1788870552.7257872,0.9976931810379028,1.3090014345943928,0.010966994395339895,0.0329683922148817,0.0329683922148817,0.4760733593551279,0.0,0.9777728128433227,1.5056509780883789,0.0,0.0,-1.5707918088883162,2.356198977679014,0.9776931810379028,6.869645099639893,3.9269907865673304,1.0,0.0,0.0,0.0,720.0,21.0
1788870552.7816582,1788870552.7815633,0.9910107254981995,1.3046381114982069,0.01315086104983126,0.039348446416086535,0.039348446416086535,0.4714430679180426,0.0,0.9710761713981628,1.5179120111465454,0.0,0.0,-1.5707918088883162,2.356198977679014,0.9710107254981994,6.870005111694336,3.9269907865673304,1.0,0.0,0.0,0.0,720.0,21.0
1788870552.851892,1788870552.8509145,0.9809039235115051,1.3046381114982069,0.015008515371296771,0.045423608356530726,0.045423608356530726,0.46703405046699453,0.0,0.9609374809265137,1.5372530031204223,0.0,0.0,-1.5707918088883162,2.356198977679014,0.9609039235115051,6.864357929229737,3.9269907865673304,1.0,0.0,0.0,0.0,720.0,21.0
1788870552.9042852,1788870552.9041715,0.9739968776702881,1.300274788402021,0.013815269553964785,0.04457328630784034,0.04457328630784034,0.467651167309054,0.0,0.954016785621643,1.5508940029144287,0.0,0.0,-1.5707918088883162,2.356198977679014,0.9539968776702881,6.847230892181397,3.9269907865673304,1.0,0.0,0.0,0.0,720.0,21.0
1788870552.977195,1788870552.9771013,0.9633700847625732,1.295911465305835,0.015508418500313577,0.048110843333054515,0.048110843333054515,0.4650838035398,0.0,0.9433700847625732,1.5724830436706543,0.0,0.0,-1.5707918088883162,2.356198977679014,0.9433700847625732,6.84853313446045,3.9269907865673304,1.0,0.0,0.0,0.0,720.0,21.0
1788870553.0529985,1788870553.0528126,0.9523916244506836,1.291548142209649,0.01309440551798927,0.04376472136021231,0.04376472136021231,0.4682379791503425,0.0,0.9323916244506836,1.595535020828247,0.0,0.0,-1.5707918088883162,2.356198977679014,0.9323916244506836,6.8194942283630375,3.9269907865673304,1.0,0.0,0.0,0.0,720.0,22.0
1788870553.1079912,1788870553.1078424,0.9449964165687561,1.2871848191134632,0.015884745378104692,0.04871124605501821,0.04871124605501821,0.46464806436037637,0.0,0.9249964165687561,1.6051139640808105,0.0,0.0,-1.5707918088883162,2.356198977679014,0.9249964165687561,6.805774192810059,3.9269907865673304,1.0,0.0,0.0,0.0,720.0,22.0
1788870553.1760132,1788870553.1759424,0.9336767792701721,1.2828214960172772,0.013384281892828169,0.04459416525644056,0.04459416525644056,0.46763601451977194,0.0,0.9136767792701721,1.619714002609253,0.0,0.0,-1.5707918088883162,2.356198977679014,0.9136767792701721,6.777249794006348,3.9269907865673304,1.0,0.0,0.0,0.0,720.0,23.0
1788870553.229453,1788870553.229133,0.9261003732681274,1.2784581729210913,0.016807829945799373,0.051027788655522766,0.051027788655522766,0.46296684551356254,0.0,0.9061003732681274,1.6293330001831055,0.0,0.0,-1.5707918088883162,2.356198977679014,0.9061003732681274,6.7639779853820805,3.9269907865673304,1.0,0.0,0.0,0.0,720.0,22.0
1788870553.3003013,1788870553.3001792,0.9148421287536621,1.2740948498249054,0.014838568557461396,0.04854673016537036,0.04854673016537036,0.46476746091894433,0.0,0.8948421287536621,1.644033055305481,0.0,0.0,-1.5707918088883162,2.356198977679014,0.8948421287536621,6.736557941436768,3.9269907865673304,1.0,0.0,0.0,0.0,720.0,23.0
1788870553.3740802,1788870553.3740127,0.9035047292709351,1.2871848191134632,0.01707819860414416,0.05281918392289403,0.05281918392289403,0.4616667496357912,0.0,0.883504729270935,1.6588220405578613,0.0,0.0,-1.5707918088883162,2.356198977679014,0.883504729270935,6.714774112701416,3.9269907865673304,1.0,0.0,0.0,0.0,720.0,23.0
1788870553.4301968,1788870553.430127,0.8964694738388062,1.3090014345943928,0.016210437387230454,0.05215713492426443,0.05215713492426443,0.4621472282826194,0.0,0.8780519771575928,1.669195990562439,0.0,0.0,-1.5707918088883162,2.356198977679014,0.8764694738388061,6.6968979644775395,3.9269907865673304,1.0,0.0,0.0,0.0,720.0,23.0
1788870553.5043714,1788870553.5040908,0.8869264125823975,1.3395446962676942,0.019263832067667307,0.058798124308854095,0.058798124308854095,0.45732756448173306,0.0,0.8721781778335571,1.6845120000839233,0.0,0.0,-1.5707918088883162,2.356198977679014,0.8669264125823974,6.677269916534424,3.9269907865673304,1.0,0.0,0.0,0.0,720.0,23.0
1788870553.5606258,1788870553.5588832,0.8810634016990662,1.356997988652438,0.01772229780193701,0.05733738436899514,0.05733738436899514,0.4583876889606223,0.0,0.8680919218063354,1.6951949405670166,0.0,0.0,-1.5707918088883162,2.356198977679014,0.8610634016990661,6.660213928222657,3.9269907865673304,1.0,0.0,0.0,0.0,720.0,24.0
1788870553.6267316,1788870553.6266055,0.8730599284172058,1.3875412503257394,0.02094537479582977,0.06411885485335722,0.06411885485335722,0.45346607172598213,0.0,0.8618480968475342,1.7114740419387817,0.0,0.0,-1.5707918088883162,2.356198977679014,0.8530599284172058,6.641785125732422,3.9269907865673304,1.0,0.0,0.0,0.0,720.0,24.0
1788870553.6822362,1788870553.681947,0.8681007027626038,1.409357865806669,0.02040184541943259,0.06493579019553618,0.06493579019553618,0.4528731851140112,0.0,0.8574458169937134,1.7230369853973388,0.0,0.0,-1.5707918088883162,2.356198977679014,0.8481007027626037,6.625508766174317,3.9269907865673304,1.0,0.0,0.0,0.0,720.0,24.0
1788870553.751679,1788870553.7515814,0.8615990281105042,1.4399011274799705,0.019314960263271178,0.06274624804838828,0.06274624804838828,0.454462234036693,0.0,0.8507268834114075,1.740638952255249,0.0,0.0,-1.5707918088883162,2.356198977679014,0.8415990281105041,6.60107801437378,3.9269907865673304,1.0,0.0,0.0,0.0,720.0,25.0
1788870553.8058963,1788870553.805722,0.857450008392334,1.4355378043837845,0.01896156862860316,0.06129778814258757,0.06129778814258757,0.4555134463441878,0.0,0.8460063743591308,1.7531280326843262,0.0,0.0,-1.5707918088883162,2.356198977679014,0.837450008392334,6.5855088043212895,3.9269907865673304,1.0,0.0,0.0,0.0,720.0,25.0
1788870553.8747885,1788870553.8746474,0.8510093092918396,1.4268111581914127,0.022333673591179826,0.06841676528701908,0.06841676528701908,0.45034688539139184,0.0,0.838732521533966,1.7724089431762695,0.0,0.0,-1.5707918088883162,2.356198977679014,0.8310093092918396,6.57027910232544,3.9269907865673304,1.0,0.0,0.0,0.0,720.0,25.0
1788870553.9277608,1788870553.9276257,0.8466271758079529,1.4224478350952268,0.02210151688818231,0.07003242741563409,0.07003242741563409,0.44917432693288584,0.0,0.8338349270820617,1.7853499460220337,0.0,0.0,-1.5707918088883162,2.356198977679014,0.8266271758079529,6.554889183044434,3.9269907865673304,1.0,0.0,0.0,0.0,720.0,25.0
1788870554.0024579,1788870554.0023665,0.8399233222007751,1.4180845119990408,0.02129483674646325,0.06871016253676791,0.06871016253676791,0.45013395385032123,0.0,0.8264124798774719,1.8049340057373047,0.0,0.0,-1.5707918088883162,2.356198977679014,0.8199233222007751,6.531669120788575,3.9269907865673304,1.0,0.0,0.0,0.0,720.0,26.0
1788870554.078549,1788870554.078475,0.8328304290771484,1.409357865806669,0.0449253663688208,0.12124586942718898,0.12124586942718898,0.41200643548064975,0.0,0.8185679721832275,1.8259839820861816,0.0,0.0,-1.5707918088883162,2.356198977679014,0.8128304290771484,6.553402881622315,3.9269907865673304,1.0,0.0,0.0,0.0,720.0,21.0
1788870554.133366,1788870554.1332457,0.8279349207878113,1.404994542710483,0.02470207194611347,0.09170640198745088,0.09170640198745088,0.43344455165158263,0.0,0.8131913948059082,1.8404860305786133,0.0,0.0,-1.5707918088883162,2.356198977679014,0.8079349207878113,6.504164199829102,3.9269907865673304,1.0,0.0,0.0,0.0,720.0,26.0
1788870554.2029507,1788870554.2028124,0.8204314112663269,1.4006312196142972,0.04902759309513344,0.13733372912933414,0.13733372912933414,0.4003307542606055,0.0,0.80501882314682,1.8625130462646484,0.0,0.0,-1.5707918088883162,2.356198977679014,0.8004314112663269,6.5287790107727055,3.9269907865673304,1.0,0.0,0.0,0.0,720.0,20.0
1788870554.2560053,1788870554.255903,0.8149399161338806,1.3919045734219253,0.0543620750220558,0.16297116678820522,0.16297116678820522,0.38172451608189845,0.0,0.7989188838005066,1.8805759954452514,0.0,0.0,-1.5707918088883162,2.356198977679014,0.7949399161338806,6.531722049713135,3.9269907865673304,1.0,0.0,0.0,0.0,720.0,18.0
1788870554.3255787,1788870554.3254976,0.8068262934684753,1.3831779272295535,0.05105421392263099,0.16325278922315498,0.16325278922315498,0.3815201300519502,0.0,0.790084581375122,1.9060350465774536,0.0,0.0,-1.5707918088883162,2.356198977679014,0.7868262934684753,6.509230117797852,3.9269907865673304,1.0,0.0,0.0,0.0,720.0,18.0
1788870554.3770125,1788870554.376889,0.8008536100387573,1.3744512810371816,0.046696695058870245,0.15357643369881585,0.15357643369881585,0.38854269517656603,0.0,0.7835421967506409,1.9238519477844238,0.0,0.0,-1.5707918088883162,2.356198977679014,0.7808536100387573,6.495545845031739,3.9269907865673304,1.0,0.0,0.0,0.0,720.0,18.0
1788870554.4514945,1788870554.4514039,0.791406512260437,1.3613613117486238,0.0391240691179637,0.13371084493388344,0.13371084493388344,0.40296004378365985,0.0,0.7732559847831726,1.9508709716796875,0.0,0.0,-1.5707918088883162,2.356198977679014,0.771406512260437,6.475927810668946,3.9269907865673304,1.0,0.0,0.0,0.0,720.0,18.0
1788870554.5069354,1788870554.506794,0.7849836945533752,1.352634665556252,0.03678050048796773,0.12250157457321276,0.12250157457321276,0.41109511394610226,0.0,0.7663625884056091,1.9695000457763672,0.0,0.0,-1.5707918088883162,2.356198977679014,0.7649836945533752,6.467031936645508,3.9269907865673304,1.0,0.0,0.0,0.0,720.0,17.0
1788870554.5771399,1788870554.5770342,0.7752503156661987,1.3395446962676942,0.028775933454424692,0.10120856330987514,0.10120856330987514,0.42654840707075525,0.0,0.7560820984840393,1.9973609256744385,0.0,0.0,-1.5707918088883162,2.356198977679014,0.7552503156661987,6.4469189453125,3.9269907865673304,1.0,0.0,0.0,0.0,720.0,17.0
1788870554.6312063,1788870554.631122,0.7686380743980408,1.3308180500753224,0.024897413940997468,0.08613277622079688,0.08613277622079688,0.437489581810728,0.0,0.7492068815231323,2.0154790687561035,0.0,0.0,-1.5707918088883162,2.356198977679014,0.7486380743980408,6.4342379379272465,3.9269907865673304,1.0,0.0,0.0,0.0,720.0,17.0
1788870554.701588,1788870554.7015064,0.7584459781646729,1.3220914038829505,0.016542523068146797,0.0628950845388879,0.0628950845388879,0.45435421672120435,0.0,0.7387323188781738,2.0427739429473877,0.0,0.0,-1.5707918088883162,2.356198977679014,0.7384459781646728,6.407666187286377,3.9269907865673304,1.0,0.0,0.0,0.0,720.0,18.0
1788870554.754642,1788870554.7545342,0.7515904903411865,1.3133647576905787,0.01736992227247677,0.05777715125201434,0.05777715125201434,0.4580685304129766,0.0,0.7317567276954651,2.0599760818481445,0.0,0.0,-1.5707918088883162,2.356198977679014,0.7315904903411865,6.400734882354737,3.9269907865673304,1.0,0.0,0.0,0.0,720.0,17.0
1788870554.8253882,1788870554.8252387,0.7411869764328003,1.3046381114982069,0.013448299689669894,0.04745733668046487,0.04745733668046487,0.46555808262303927,0.0,0.7212434220314026,2.062648992538452,0.0,0.0,-1.5707918088883162,2.356198977679014,0.7211869764328003,6.376294116973877,3.9269907865673304,1.0,0.0,0.0,0.0,720.0,17.0
1788870554.8781536,1788870554.8779798,0.7342954874038696,1.3046381114982069,0.013491843465396069,0.04445893036662665,0.04445893036662665,0.46773416054370104,0.0,0.7143186140060425,2.06074688911438,0.0,0.0,-1.5707918088883162,2.356198977679014,0.7142954874038696,6.36300895690918,3.9269907865673304,1.0,0.0,0.0,0.0,720.0,17.0
1788870554.9515676,1788870554.9514337,0.7237361073493958,1.295911465305835,0.013842439462432575,0.04434474350583697,0.04434474350583697,0.4678170310691023,0.0,0.7037361073493957,2.057759027481079,0.0,0.0,-1.5707918088883162,2.356198977679014,0.7037361073493957,6.341374855041504,3.9269907865673304,1.0,0.0,0.0,0.0,720.0,17.0
1788870555.0057886,1788870555.0056863,0.7165511846542358,1.291548142209649,0.013001386412713966,0.04242652861623038,0.04242652861623038,0.4692091656337518,0.0,0.6965511846542358,2.055495958328247,0.0,0.0,-1.5707918088883162,2.356198977679014,0.6965511846542358,6.324756126403809,3.9269907865673304,1.0,0.0,0.0,0.0,720.0,18.0
1788870555.0778897,1788870555.076994,0.7054901719093323,1.2871848191134632,0.013256520780946288,0.042422565134188794,0.042422565134188794,0.46921204211040535,0.0,0.6854901719093323,2.0510461139678955,0.0,0.0,-1.5707918088883162,2.356198977679014,0.6854901719093323,6.298483829498291,3.9269907865673304,1.0,0.0,0.0,0.0,720.0,18.0
1788870555.1293726,1788870555.1292982,0.6980249881744385,1.2871848191134632,0.014009340406441568,0.04410769205068576,0.04410769205068576,0.4679890699402968,0.0,0.6780249881744385,2.04230092048645,0.0,0.0,-1.5707918088883162,2.356198977679014,0.6780249881744385,6.28086898803711,3.9269907865673304,1.0,0.0,0.0,0.0,720.0,18.0
1788870555.203118,1788870555.2028124,0.6867418885231018,1.2828214960172772,0.018271283052390556,0.05415998165256058,0.05415998165256058,0.46069367259745414,0.0,0.6667418885231018,2.0292630004882812,0.0,0.0,-1.5707918088883162,2.356198977679014,0.6667418885231018,6.265528182983399,3.9269907865673304,1.0,0.0,0.0,0.0,720.0,18.0
1788870555.256635,1788870555.2565644,0.679339587688446,1.300274788402021,0.019372986250432843,0.05964348369673775,0.05964348369673775,0.4567140492651636,0.0,0.6601760196685791,2.0206389236450195,0.0,0.0,-1.5707918088883162,2.356198977679014,0.659339587688446,6.247623901367188,3.9269907865673304,1.0,0.0,0.0,0.0,720.0,18.0
1788870555.3253028,1788870555.3252165,0.6694095134735107,1.3439080193638802,0.01674423310208795,0.05540012725769833,0.05540012725769833,0.45979364331947026,0.0,0.6667939829826355,2.007880907058716,0.0,0.0,-1.5707918088883162,2.356198977679014,0.6494095134735107,6.221146087646485,3.9269907865673304,1.0,0.0,0.0,0.0,720.0,19.0
1788870555.3793678,1788870555.379301,0.663619875907898,1.3744512810371816,0.018005064856961066,0.05695138345690229,0.05695138345690229,0.4586678271321183,0.0,0.6705109286308288,1.999874095916748,0.0,0.0,-1.5707918088883162,2.356198977679014,0.6436198759078979,6.2057761955261235,3.9269907865673304,1.0,0.0,0.0,0.0,720.0,19.0
1788870555.4530885,1788870555.4529884,0.6561803221702576,1.4180845119990408,0.019906021517503453,0.061674903236278424,0.061674903236278424,0.45523975700957636,0.0,0.6753588128089905,1.9884569454193115,0.0,0.0,-1.5707918088883162,2.356198977679014,0.6361803221702576,6.184844951629639,3.9269907865673304,1.0,0.0,0.0,0.0,720.0,19.0
1788870555.5086775,1788870555.5084856,0.6521769762039185,1.4486277736723423,0.021314809883459643,0.06624764510983314,0.06624764510983314,0.4519211131746818,0.0,0.6785964775085449,1.9809078979492187,0.0,0.0,-1.5707918088883162,2.356198977679014,0.6321769762039184,6.170380096435547,3.9269907865673304,1.0,0.0,0.0,0.0,720.0,19.0
1788870555.5769083,1788870555.5768025,0.6473646759986877,1.4922610046342015,0.023726994784026154,0.07302276184916852,0.07302276184916852,0.44700410713773103,0.0,0.6832021284103393,1.9653349924087524,0.0,0.0,-1.5707918088883162,2.356198977679014,0.6273646759986877,6.149061183929444,3.9269907865673304,1.0,0.0,0.0,0.0,720.0,19.0
1788870555.6296954,1788870555.6296108,0.6448063254356384,1.522804266307503,0.025389115551381878,0.07877844738984596,0.07877844738984596,0.44282694803639905,0.0,0.685928087234497,1.9539919900894165,0.0,0.0,-1.5707918088883162,2.356198977679014,0.6248063254356384,6.135805110931397,3.9269907865673304,1.0,0.0,0.0,0.0,720.0,19.0
1788870555.7019944,1788870555.7019086,0.6424275040626526,1.5664374972693622,0.026991695557202575,0.08409493226508756,0.08409493226508756,0.4389685365532214,0.0,0.6895198035240173,1.9372399854660034,0.0,0.0,-1.5707918088883162,2.356198977679014,0.6224275040626526,6.107956867218018,3.9269907865673304,1.0,0.0,0.0,0.0,720.0,20.0
1788870555.755503,1788870555.7551525,0.6451596021652222,1.5664374972693622,0.029398127046178273,0.0910802842629656,0.0910802842629656,0.4338989533614841,0.0,0.6914771008491516,1.9262889432907104,0.0,0.0,-1.5707918088883162,2.356198977679014,0.6251596021652222,6.088385086059571,3.9269907865673304,1.0,0.0,0.0,0.0,720.0,19.0
1788870555.8274565,1788870555.8273199,0.6488432884216309,1.5664374972693622,0.02796092366817431,0.08995655429560012,0.08995655429560012,0.4347144945906645,0.0,0.6938382196426391,1.9101660060882568,0.0,0.0,-1.5707918088883162,2.356198977679014,0.6288432884216308,6.057943801879883,3.9269907865673304,1.0,0.0,0.0,0.0,720.0,20.0
1788870555.8826668,1788870555.8825245,0.6509218215942383,1.5664374972693622,0.029321990197109755,0.0926682243302059,0.0926682243302059,0.43274651404606906,0.0,0.6949425148963928,1.8999960231781006,0.0,0.0,-1.5707918088883162,2.356198977679014,0.6309218215942383,6.039246063232422,3.9269907865673304,1.0,0.0,0.0,0.0,720.0,20.0
1788870555.9529052,1788870555.9523146,0.6535274982452393,1.5664374972693622,0.028293058670454715,0.09117691872088034,0.09117691872088034,0.4338288214019585,0.0,0.6959479260444641,1.8854269790649414,0.0,0.0,-1.5707918088883162,2.356198977679014,0.6335274982452392,6.010642986297608,3.9269907865673304,1.0,0.0,0.0,0.0,720.0,20.0
1788870556.0099409,1788870556.0096743,0.6551212072372437,1.5664374972693622,0.02948687352216149,0.09340367230590585,0.09340367230590585,0.4322127664701218,0.0,0.6964642214775085,1.8758840370178222,0.0,0.0,-1.5707918088883162,2.356198977679014,0.6351212072372436,5.992705802917481,3.9269907865673304,1.0,0.0,0.0,0.0,720.0,20.0
1788870556.0787408,1788870556.0786252,0.6572312712669373,1.5664374972693622,0.028532051809600605,0.09193289774527712,0.09193289774527712,0.43328017352329007,0.0,0.696888427734375,1.8618210363388061,0.0,0.0,-1.5707918088883162,2.356198977679014,0.6372312712669372,5.96429012298584,3.9269907865673304,1.0,0.0,0.0,0.0,720.0,21.0
1788870556.1539164,1788870556.1536958,0.659146785736084,1.5664374972693622,0.02729088710217457,0.08871145643245418,0.08871145643245418,0.43561811794436095,0.0,0.6971276807785034,1.84798095703125,0.0,0.0,-1.5707918088883162,2.356198977679014,0.639146785736084,5.935838203430176,3.9269907865673304,1.0,0.0,0.0,0.0,720.0,21.0
1788870556.2106369,1788870556.2105772,0.6602473855018616,1.5664374972693622,0.02838610285666153,0.09019830732865808,0.09019830732865808,0.43453904357354833,0.0,0.6970712947845459,1.8389099645614624,0.0,0.0,-1.5707918088883162,2.356198977679014,0.6402473855018616,5.918239097595215,3.9269907865673304,1.0,0.0,0.0,0.0,720.0,21.0
1788870556.276728,1788870556.2766545,0.6617264151573181,1.5664374972693622,0.02703583221796992,0.08761975636685004,0.08761975636685004,0.43641041363750377,0.0,0.6968217897415161,1.8255129861831665,0.0,0.0,-1.5707918088883162,2.356198977679014,0.6417264151573181,5.889885883331299,3.9269907865673304,1.0,0.0,0.0,0.0,720.0,21.0
1788870556.3507426,1788870556.3506107,0.6631075739860535,1.5664374972693622,0.028534447052839515,0.09020308830841553,0.09020308830841553,0.434535573802143,0.0,0.696547429561615,1.8122800397872925,0.0,0.0,-1.5707918088883162,2.356198977679014,0.6431075739860534,5.863677005767823,3.9269907865673304,1.0,0.0,0.0,0.0,720.0,21.0
1788870556.4036696,1788870556.4035153,0.6638756990432739,1.5664374972693622,0.02600291941059412,0.0853074659722555,0.0853074659722555,0.4380885464678054,0.0,0.6961843776702881,1.8036030340194702,0.0,0.0,-1.5707918088883162,2.356198977679014,0.6438756990432739,5.84397123336792,3.9269907865673304,1.0,0.0,0.0,0.0,720.0,22.0
1788870556.4779725,1788870556.4778864,0.664915919303894,1.5664374972693622,0.024481258380263913,0.08043025856346782,0.08043025856346782,0.44162815459488586,0.0,0.6955706286430359,1.7907420206069946,0.0,0.0,-1.5707918088883162,2.356198977679014,0.644915919303894,5.815464954376221,3.9269907865673304,1.0,0.0,0.0,0.0,720.0,22.0
1788870556.5316358,1788870556.5315304,0.6654356122016907,1.5664374972693622,0.025330694879309903,0.08086983409869453,0.08086983409869453,0.4413091349169138,0.0,0.6949481773376465,1.7823459911346435,0.0,0.0,-1.5707918088883162,2.356198977679014,0.6454356122016907,5.798236827850342,3.9269907865673304,1.0,0.0,0.0,0.0,720.0,22.0
1788870556.6019838,1788870556.601899,0.6661494970321655,1.5664374972693622,0.027377896185427412,0.08558743768496577,0.08558743768496577,0.43788535844101034,0.0,0.694026391506195,1.7698639440536499,0.0,0.0,-1.5707918088883162,2.356198977679014,0.6461494970321655,5.77244613647461,3.9269907865673304,1.0,0.0,0.0,0.0,720.0,22.0
1788870556.6552658,1788870556.6551864,0.6666423082351685,1.5664374972693622,0.02483059919974154,0.08129677351291079,0.08129677351291079,0.4409992858386056,0.0,0.6934665846824646,1.7613149690628052,0.0,0.0,-1.5707918088883162,2.356198977679014,0.6466423082351684,5.751772861480713,3.9269907865673304,1.0,0.0,0.0,0.0,720.0,23.0
1788870556.7271183,1788870556.7268455,0.6672242879867554,1.5664374972693622,0.02603218243166743,0.08270112070080828,0.08270112070080828,0.4399800881086571,0.0,0.6924338150024414,1.7483789730072021,0.0,0.0,-1.5707918088883162,2.356198977679014,0.6472242879867554,5.7244272041320805,3.9269907865673304,1.0,0.0,0.0,0.0,720.0,23.0
1788870556.8004649,1788870556.80026,0.6674116849899292,1.5664374972693622,0.02407456206894892,0.07873735524468807,0.07873735524468807,0.4428567704488513,0.0,0.6909606266021728,1.7362700510025024,0.0,0.0,-1.5707918088883162,2.356198977679014,0.6474116849899292,5.695435981750489,3.9269907865673304,1.0,0.0,0.0,0.0,720.0,23.0
1788870556.8527105,1788870556.8522542,0.6674919128417969,1.5664374972693622,0.024708700161027917,0.07896869493410896,0.07896869493410896,0.4426888768621822,0.0,0.689967315196991,1.7281609582901,0.0,0.0,-1.5707918088883162,2.356198977679014,0.6474919128417969,5.677810173034668,3.9269907865673304,1.0,0.0,0.0,0.0,720.0,23.0
1788870556.92771,1788870556.927607,0.6673908829689026,1.5664374972693622,0.022980244334607894,0.07516635578975438,0.07516635578975438,0.4454484048890247,0.0,0.6881928253173828,1.7159559535980224,0.0,0.0,-1.5707918088883162,2.356198977679014,0.6473908829689026,5.647720794677735,3.9269907865673304,1.0,0.0,0.0,0.0,720.0,24.0
1788870557.002389,1788870557.00227,0.6671820282936096,1.5664374972693622,0.023785286685334826,0.07582894891207632,0.07582894891207632,0.4449675313472326,0.0,0.6863890099525451,1.7038889932632446,0.0,0.0,-1.5707918088883162,2.356198977679014,0.6471820282936096,5.6207051086425786,3.9269907865673304,1.0,0.0,0.0,0.0,720.0,24.0
1788870557.0567374,1788870557.056575,0.6669129729270935,1.5664374972693622,0.024262803191304024,0.07709736382214391,0.07709736382214391,0.44404698576696966,0.0,0.6850495147705078,1.6959860134124756,0.0,0.0,-1.5707918088883162,2.356198977679014,0.6469129729270935,5.602827053070069,3.9269907865673304,1.0,0.0,0.0,0.0,720.0,24.0
1788870557.1266603,1788870557.126555,0.6664208173751831,1.5664374972693622,0.02493237403951298,0.07897772699515225,0.07897772699515225,0.4426823218904548,0.0,0.6830171751976013,1.6840410041809082,0.0,0.0,-1.5707918088883162,2.356198977679014,0.6464208173751831,5.575962047576905,3.9269907865673304,1.0,0.0,0.0,0.0,720.0,24.0
1788870557.2012258,1788870557.201085,0.665716826915741,1.5664374972693622,0.022987119280944813,0.07518446528786206,0.07518446528786206,0.4454352620141567,0.0,0.6807725834846496,1.6718400526046753,0.0,0.0,-1.5707918088883162,2.356198977679014,0.645716826915741,5.54541919708252,3.9269907865673304,1.0,0.0,0.0,0.0,720.0,25.0
1788870557.2567704,1788870557.256653,0.6651046872138977,1.5664374972693622,0.026210630932772084,0.08126715287576809,0.08126715287576809,0.4410207828632699,0.0,0.6791180181503296,1.6638469505310058,0.0,0.0,-1.5707918088883162,2.356198977679014,0.6451046872138977,5.524074058532715,3.9269907865673304,1.0,0.0,0.0,0.0,720.0,25.0
1788870557.3272705,1788870557.3271337,0.6639431118965149,1.5664374972693622,0.020279016240069503,0.06980514224048612,0.06980514224048612,0.44933927797672896,0.0,0.6763551044464111,1.6521240282058716,0.0,0.0,-1.5707918088883162,2.356198977679014,0.6439431118965149,5.4934348869323735,3.9269907865673304,1.0,0.0,0.0,0.0,720.0,26.0
1788870557.3791173,1788870557.3790534,0.6631047129631042,1.5664374972693622,0.02053579094003976,0.0669417143778349,0.0669417143778349,0.45141739598247277,0.0,0.6744959759712219,1.6443929481506347,0.0,0.0,-1.5707918088883162,2.356198977679014,0.6431047129631042,5.4716877746582036,3.9269907865673304,1.0,0.0,0.0,0.0,720.0,26.0
1788870557.453017,1788870557.4529428,0.6615353226661682,1.5664374972693622,0.020693855764121197,0.06643675122498195,0.06643675122498195,0.4517838703867587,0.0,0.6713012266159057,1.6331150341033935,0.0,0.0,-1.5707918088883162,2.356198977679014,0.6415353226661682,5.441363792419434,3.9269907865673304,1.0,0.0,0.0,0.0,720.0,26.0
1788870557.5280237,1788870557.5278788,0.6600340008735657,1.5664374972693622,0.02160753339728148,0.06833190017740509,0.06833190017740509,0.450408475807078,0.0,0.6683909702301025,1.621813039779663,0.0,0.0,-1.5707918088883162,2.356198977679014,0.6400340008735657,5.410130004882813,3.9269907865673304,1.0,0.0,0.0,0.0,720.0,26.0
1788870557.581248,1788870557.5811276,0.6589828729629517,1.5664374972693622,0.021492724188957646,0.06864327223648665,0.06864327223648665,0.45018249914082326,0.0,0.6664402294158935,1.6143519687652588,0.0,0.0,-1.5707918088883162,2.356198977679014,0.6389828729629516,5.387797813415528,3.9269907865673304,1.0,0.0,0.0,0.0,720.0,27.0
1788870557.653446,1788870557.653335,0.6572617292404175,1.5664374972693622,0.02163636204271897,0.0690584326466365,0.0690584326466365,0.4498811986139766,0.0,0.6633825707435608,1.6033279705047607,0.0,0.0,-1.5707918088883162,2.356198977679014,0.6372617292404175,5.356207828521729,3.9269907865673304,1.0,0.0,0.0,0.0,720.0,27.0
1788870557.7260299,1788870557.725934,0.6552957892417908,1.5664374972693622,0.021439243418173888,0.06874143505070045,0.06874143505070045,0.4501112579845948,0.0,0.6600388097763061,1.592555980682373,0.0,0.0,-1.5707918088883162,2.356198977679014,0.6352957892417908,5.324747066497803,3.9269907865673304,1.0,0.0,0.0,0.0,720.0,28.0
1788870557.7785826,1788870557.7780855,0.6538602709770203,1.5577108510769904,0.02204585765235771,0.07000515165649142,0.07000515165649142,0.4491941221744333,0.0,0.657698016166687,1.585504035949707,0.0,0.0,-1.5707918088883162,2.356198977679014,0.6338602709770202,5.304541091918946,3.9269907865673304,1.0,0.0,0.0,0.0,720.0,28.0
1788870557.8507698,1788870557.8506596,0.6514968872070312,1.5533475279808044,0.021711099669940757,0.06963440875761472,0.06963440875761472,0.4494631869215172,0.0,0.6563703823089599,1.5751230525970459,0.0,0.0,-1.5707918088883162,2.356198977679014,0.6314968872070312,5.2725839424133305,3.9269907865673304,1.0,0.0,0.0,0.0,720.0,29.0
1788870557.9044182,1788870557.9043179,0.6498026847839355,1.5489842048846185,0.02437055273211542,0.07548036074722296,0.07548036074722296,0.44522051741034235,0.0,0.6590419220924377,1.5683150100708008,0.0,0.0,-1.5707918088883162,2.356198977679014,0.6298026847839355,5.252622108459473,3.9269907865673304,1.0,0.0,0.0,0.0,720.0,29.0
1788870557.9781752,1788870557.9780679,0.6470322012901306,1.5402575586922467,0.024012354481007487,0.07643178226162367,0.07643178226162367,0.44453002815237397,0.0,0.6627433705329895,1.5583350467681885,0.0,0.0,-1.5707918088883162,2.356198977679014,0.6270322012901306,5.220646839141846,3.9269907865673304,1.0,0.0,0.0,0.0,720.0,29.0
1788870558.0547855,1788870558.0546215,0.6440303921699524,1.5358942355960608,0.0395091479134374,0.11143002600458687,0.11143002600458687,0.41913023322814547,0.0,0.6662000823020935,1.548560004234314,0.0,0.0,-1.5707918088883162,2.356198977679014,0.6240303921699524,5.1884188461303715,3.9269907865673304,1.0,0.0,0.0,0.0,720.0,24.0
1788870558.111931,1788870558.1115208,0.6418023705482483,1.5315309124998748,0.04261652424571315,0.12889002211177353,0.12889002211177353,0.4064587310877121,0.0,0.6681232261657715,1.542270998954773,0.0,0.0,-1.5707918088883162,2.356198977679014,0.6218023705482483,5.167571048736573,3.9269907865673304,1.0,0.0,0.0,0.0,720.0,23.0
1788870558.178323,1788870558.1781332,0.6381992101669312,1.522804266307503,0.04188902432299094,0.13249842111703178,0.13249842111703178,0.40383995411674545,0.0,0.6706945705413818,1.5330790090560913,0.0,0.0,-1.5707918088883162,2.356198977679014,0.6181992101669311,5.134854774475098,3.9269907865673304,1.0,0.0,0.0,0.0,720.0,23.0
1788870558.2527504,1788870558.25259,0.6338434815406799,1.5358942355960608,0.04817066704954527,0.14765182052609094,0.14765182052609094,0.3928424526357629,0.0,0.6708764839172363,1.5253300476074219,0.0,0.0,-1.5707918088883162,2.356198977679014,0.6138434815406799,5.103961925506592,3.9269907865673304,1.0,0.0,0.0,0.0,720.0,19.0
1788870558.305101,1788870558.3050065,0.6313555836677551,1.5620741741731763,0.04407445169941426,0.14302231796451523,0.14302231796451523,0.39620229024729603,0.0,0.6700498270988464,1.5209330129623413,0.0,0.0,-1.5707918088883162,2.356198977679014,0.6113555836677551,5.083350162506104,3.9269907865673304,1.0,0.0,0.0,0.0,720.0,19.0
1788870558.3769252,1788870558.376783,0.6311212778091431,1.5664374972693622,0.04004644788388558,0.1326107386492583,0.1326107386492583,0.4037584402469096,0.0,0.6683097887039184,1.5149359512329101,0.0,0.0,-1.5707918088883162,2.356198977679014,0.611121277809143,5.055637817382813,3.9269907865673304,1.0,0.0,0.0,0.0,720.0,18.0
1788870558.4312463,1788870558.43117,0.6310575008392334,1.5664374972693622,0.03205921360830816,0.11159586007738775,0.11159586007738775,0.41900988000495154,0.0,0.6664519119262695,1.5113739776611328,0.0,0.0,-1.5707918088883162,2.356198977679014,0.6110575008392334,5.035170059204102,3.9269907865673304,1.0,0.0,0.0,0.0,720.0,19.0
1788870558.5036387,1788870558.503533,0.630800187587738,1.5664374972693622,0.027178194174796947,0.09435791297476148,0.09435791297476148,0.431520231225345,0.0,0.6635734844207763,1.5063030529022217,0.0,0.0,-1.5707918088883162,2.356198977679014,0.610800187587738,5.00534294128418,3.9269907865673304,1.0,0.0,0.0,0.0,720.0,18.0
1788870558.5785172,1788870558.5783997,0.6306318044662476,1.5664374972693622,0.013055532401041223,0.057551766470760796,0.057551766470760796,0.4582321022557504,0.0,0.661017279624939,1.5013290452957153,0.0,0.0,-1.5707918088883162,2.356198977679014,0.6106318044662475,4.976485233306885,3.9269907865673304,1.0,0.0,0.0,0.0,720.0,20.0
1788870558.6528697,1788870558.6527617,0.6308982968330383,1.5664374972693622,0.007443699562616993,0.0339394169614903,0.0339394169614903,0.47536864315247074,0.0,0.6592324185371399,1.4960919427871704,0.0,0.0,-1.5707918088883162,2.356198977679014,0.6108982968330383,4.946113090515137,3.9269907865673304,1.0,0.0,0.0,0.0,720.0,20.0
1788870558.7274406,1788870558.727353,0.6315246820449829,1.5664374972693622,0.0029151988433836168,0.01671187049762639,0.01671187049762639,0.4878714461629144,0.0,0.6581396865844726,1.4907109546661377,0.0,0.0,-1.5707918088883162,2.356198977679014,0.6115246820449829,4.914247970581055,3.9269907865673304,1.0,0.0,0.0,0.0,720.0,20.0
1788870558.8030152,1788870558.8029008,0.6332260966300964,1.5664374972693622,0.0017098117274063635,0.008843539418678173,0.008843539418678173,0.4935818468695613,0.0,0.6588362264633179,1.4843450593948364,0.0,0.0,-1.5707918088883162,2.356198977679014,0.6132260966300964,4.882637004852295,3.9269907865673304,1.0,0.0,0.0,0.0,720.0,20.0
1788870558.8776565,1788870558.8775363,0.6357719898223877,1.5664374972693622,0.003277287567282536,0.009994185976316333,0.009994185976316333,0.4927467710637888,0.0,0.6608593869209289,1.4770090389251709,0.0,0.0,-1.5707918088883162,2.356198977679014,0.6157719898223877,4.848960857391358,3.9269907865673304,1.0,0.0,0.0,0.0,720.0,20.0
1788870558.9529321,1788870558.9526534,0.6389265060424805,1.5664374972693622,0.006513042980547392,0.017587472069321056,0.017587472069321056,0.48723598283739117,0.0,0.6638809251785278,1.469050030708313,0.0,0.0,-1.5707918088883162,2.356198977679014,0.6189265060424805,4.814407806396485,3.9269907865673304,1.0,0.0,0.0,0.0,720.0,20.0
1788870559.0080867,1788870559.0079293,0.6412674188613892,1.5664374972693622,0.009172715050139451,0.02582312333310869,0.02582312333310869,0.48125900140072325,0.0,0.6662552165985107,1.4634250211715698,0.0,0.0,-1.5707918088883162,2.356198977679014,0.6212674188613891,4.791400890350342,3.9269907865673304,1.0,0.0,0.0,0.0,720.0,20.0
1788870559.0799398,1788870559.0798037,0.6448172926902771,1.5664374972693622,0.012516861084578898,0.03578470582938934,0.03578470582938934,0.47402943427202454,0.0,0.6698382902145386,1.454848985671997,0.0,0.0,-1.5707918088883162,2.356198977679014,0.6248172926902771,4.756780128479004,3.9269907865673304,1.0,0.0,0.0,0.0,720.0,20.0
1788870559.1526468,1788870559.152565,0.647906482219696,1.5664374972693622,0.014084074805734642,0.0422837393136624,0.0422837393136624,0.469312794233782,0.0,0.6727651166915893,1.4468799638748169,0.0,0.0,-1.5707918088883162,2.356198977679014,0.627906482219696,4.722263793945313,3.9269907865673304,1.0,0.0,0.0,0.0,720.0,21.0
1788870559.2271912,1788870559.2270794,0.6505774855613708,1.5664374972693622,0.016271113941387853,0.04913241702280751,0.04913241702280751,0.46434240170231694,0.0,0.6750827836990356,1.4393939781188965,0.0,0.0,-1.5707918088883162,2.356198977679014,0.6305774855613708,4.687949161529541,3.9269907865673304,1.0,0.0,0.0,0.0,720.0,21.0
1788870559.301629,1788870559.301553,0.6527788043022156,1.5664374972693622,0.018261124856632803,0.05564464478569973,0.05564464478569973,0.45961618598440435,0.0,0.6766875791549682,1.4323810148239136,0.0,0.0,-1.5707918088883162,2.356198977679014,0.6327788043022156,4.6525277900695805,3.9269907865673304,1.0,0.0,0.0,0.0,720.0,21.0
1788870559.3544548,1788870559.3543787,0.6540033221244812,1.5664374972693622,0.017988878248676815,0.05698848071274598,0.05698848071274598,0.45864090398998575,0.0,0.6774002122879028,1.4279589462280273,0.0,0.0,-1.5707918088883162,2.356198977679014,0.6340033221244812,4.62998483657837,3.9269907865673304,1.0,0.0,0.0,0.0,720.0,21.0
1788870559.4267058,1788870559.426586,0.6554350852966309,1.5664374972693622,0.018621646824129413,0.058809033099873675,0.058809033099873675,0.457319647482903,0.0,0.6779395747184753,1.421910982131958,0.0,0.0,-1.5707918088883162,2.356198977679014,0.6354350852966308,4.59630392074585,3.9269907865673304,1.0,0.0,0.0,0.0,720.0,21.0
1788870559.501996,1788870559.5019083,0.6564251184463501,1.5664374972693622,0.01727057874738372,0.056328806324101637,0.056328806324101637,0.45911965927586207,0.0,0.6778862285614013,1.4164639520645141,0.0,0.0,-1.5707918088883162,2.356198977679014,0.6364251184463501,4.5642170715332036,3.9269907865673304,1.0,0.0,0.0,0.0,720.0,21.0
1788870559.5564096,1788870559.5562637,0.6569470167160034,1.5664374972693622,0.01537543204756474,0.05133960968377552,0.05133960968377552,0.4627405430102469,0.0,0.6776835131645202,1.4130090284347534,0.0,0.0,-1.5707918088883162,2.356198977679014,0.6369470167160034,4.542320232391358,3.9269907865673304,1.0,0.0,0.0,0.0,720.0,22.0
1788870559.626715,1788870559.626635,0.6575378775596619,1.5664374972693622,0.011687837250554035,0.04158263834637369,0.04158263834637369,0.4698216146454889,0.0,0.6771498131752014,1.4080740022659302,0.0,0.0,-1.5707918088883162,2.356198977679014,0.6375378775596618,4.509111862182618,3.9269907865673304,1.0,0.0,0.0,0.0,720.0,22.0
1788870559.6809213,1788870559.6808388,0.6578698754310608,1.5664374972693622,0.01064188958664931,0.03631262417800656,0.03631262417800656,0.4736463002527836,0.0,0.6767542171478271,1.404875020980835,0.0,0.0,-1.5707918088883162,2.356198977679014,0.6378698754310608,4.487742881774903,3.9269907865673304,1.0,0.0,0.0,0.0,720.0,22.0
1788870559.7494428,1788870559.7493584,0.6583855152130127,1.5664374972693622,0.010817962420323476,0.03512602307492656,0.03512602307492656,0.4745074698845071,0.0,0.676272611618042,1.4000799465179443,0.0,0.0,-1.5707918088883162,2.356198977679014,0.6383855152130127,4.45576379776001,3.9269907865673304,1.0,0.0,0.0,0.0,720.0,22.0
1788870559.8011975,1788870559.8011267,0.6588783860206604,1.5664374972693622,0.00994767093543559,0.03282058981785369,0.03282058981785369,0.4761806261826119,0.0,0.6762283849716186,1.3966259765625,0.0,0.0,-1.5707918088883162,2.356198977679014,0.6388783860206604,4.432278137207032,3.9269907865673304,1.0,0.0,0.0,0.0,720.0,23.0
1788870559.8764684,1788870559.8763864,0.6597008109092712,1.5664374972693622,0.01098557292082794,0.034453860288010695,0.034453860288010695,0.4749952885610312,0.0,0.6763353157043457,1.3912579822540283,0.0,0.0,-1.5707918088883162,2.356198977679014,0.6397008109092712,4.397851924896241,3.9269907865673304,1.0,0.0,0.0,0.0,720.0,23.0
1788870559.9314573,1788870559.9313076,0.6602181196212769,1.5664374972693622,0.01227243076063887,0.03782640299023428,0.03782640299023428,0.47254768308577344,0.0,0.6763952779769897,1.3877110290527344,0.0,0.0,-1.5707918088883162,2.356198977679014,0.6402181196212768,4.375936012268067,3.9269907865673304,1.0,0.0,0.0,0.0,720.0,23.0
1788870560.0026376,1788870560.00221,0.6609588265419006,1.5664374972693622,0.011116599911650132,0.03624910469916658,0.03624910469916658,0.4736923991870067,0.0,0.6764864134788513,1.3824250507354736,0.0,0.0,-1.5707918088883162,2.356198977679014,0.6409588265419006,4.340606193542481,3.9269907865673304,1.0,0.0,0.0,0.0,720.0,24.0
1788870560.056996,1788870560.0568786,0.6613643169403076,1.5664374972693622,0.012412955038302665,0.038679750695547944,0.038679750695547944,0.47192837038902175,0.0,0.6764372992515564,1.3790089893341064,0.0,0.0,-1.5707918088883162,2.356198977679014,0.6413643169403076,4.31700180053711,3.9269907865673304,1.0,0.0,0.0,0.0,720.0,24.0
1788870560.1295097,1788870560.1294065,0.6617774963378906,1.5664374972693622,0.013339784332414095,0.041485042113271954,0.041485042113271954,0.46989244460839696,0.0,0.6761017847061157,1.3741260576248169,0.0,0.0,-1.5707918088883162,2.356198977679014,0.6417774963378906,4.283595066070557,3.9269907865673304,1.0,0.0,0.0,0.0,720.0,24.0
1788870560.1836264,1788870560.1834598,0.6619948744773865,1.5664374972693622,0.0145385366565799,0.045011834744720564,0.045011834744720564,0.46733289304241055,0.0,0.6758318948745727,1.3709380435943603,0.0,0.0,-1.5707918088883162,2.356198977679014,0.6419948744773865,4.260378818511963,3.9269907865673304,1.0,0.0,0.0,0.0,720.0,24.0
1788870560.2521853,1788870560.2520988,0.6621537208557129,1.5664374972693622,0.01304246000584853,0.042718660836516875,0.042718660836516875,0.4689971521812903,0.0,0.6752093839645386,1.3663680362701416,0.0,0.0,-1.5707918088883162,2.356198977679014,0.6421537208557129,4.224705200195313,3.9269907865673304,1.0,0.0,0.0,0.0,720.0,25.0
1788870560.3058515,1788870560.3057106,0.6621208190917969,1.5664374972693622,0.01442376974035017,0.04512484246933945,0.04512484246933945,0.46725087826900497,0.0,0.6746092844009399,1.363499026298523,0.0,0.0,-1.5707918088883162,2.356198977679014,0.6421208190917969,4.203021030426026,3.9269907865673304,1.0,0.0,0.0,0.0,720.0,25.0
1788870560.3778815,1788870560.3774874,0.661841094493866,1.5664374972693622,0.014679558812182303,0.046419664480090196,0.046419664480090196,0.46631116787159227,0.0,0.6734033036231994,1.3595000314712524,0.0,0.0,-1.5707918088883162,2.356198977679014,0.641841094493866,4.167203884124756,3.9269907865673304,1.0,0.0,0.0,0.0,720.0,25.0
1788870560.4343808,1788870560.4342406,0.6615961790084839,1.5664374972693622,0.013571029798322962,0.0443250060922705,0.0443250060922705,0.46783135539522,0.0,0.6725609707832336,1.3568999576568603,0.0,0.0,-1.5707918088883162,2.356198977679014,0.6415961790084839,4.145078163146973,3.9269907865673304,1.0,0.0,0.0,0.0,720.0,25.0
1788870560.503453,1788870560.5032952,0.661054790019989,1.5664374972693622,0.013264334528392761,0.04300961117128094,0.04300961117128094,0.4687859964761521,0.0,0.671083014011383,1.3532320070266723,0.0,0.0,-1.5707918088883162,2.356198977679014,0.641054790019989,4.109527091979981,3.9269907865673304,1.0,0.0,0.0,0.0,720.0,26.0
1788870560.5601988,1788870560.5600867,0.6605678796768188,1.5664374972693622,0.0139358252820898,0.04411913198326544,0.04411913198326544,0.4679807674682184,0.0,0.669943790435791,1.3509549903869629,0.0,0.0,-1.5707918088883162,2.356198977679014,0.6405678796768188,4.087376098632813,3.9269907865673304,1.0,0.0,0.0,0.0,720.0,26.0
1788870560.6290717,1788870560.62894,0.6597579717636108,1.5664374972693622,0.011946584420618587,0.03999608869716527,0.03999608869716527,0.47097304487218716,0.0,0.6681905794143677,1.3476259517669678,0.0,0.0,-1.5707918088883162,2.356198977679014,0.6397579717636108,4.0516061592102055,3.9269907865673304,1.0,0.0,0.0,0.0,720.0,27.0
1788870560.7025235,1788870560.7024138,0.6588538289070129,1.5664374972693622,0.014013543652790068,0.04338916439139934,0.04338916439139934,0.46851053768385836,0.0,0.6663815188407898,1.3444020557403564,0.0,0.0,-1.5707918088883162,2.356198977679014,0.6388538289070129,4.017879943847657,3.9269907865673304,1.0,0.0,0.0,0.0,720.0,27.0
1788870560.756585,1788870560.7565074,0.658149778842926,1.5664374972693622,0.014719055734149415,0.04598743416191449,0.04598743416191449,0.46662485679616594,0.0,0.6650600838661194,1.34238694190979,0.0,0.0,-1.5707918088883162,2.356198977679014,0.638149778842926,3.993864040374756,3.9269907865673304,1.0,0.0,0.0,0.0,720.0,27.0
1788870560.8263118,1788870560.826243,0.6570764183998108,1.5664374972693622,0.012862893622662118,0.0426091119633375,0.0426091119633375,0.46907665671109955,0.0,0.6631316947937012,1.3393469858169555,0.0,0.0,-1.5707918088883162,2.356198977679014,0.6370764183998108,3.9601559448242187,3.9269907865673304,1.0,0.0,0.0,0.0,720.0,28.0
1788870560.878402,1788870560.878309,0.6562309265136719,1.5664374972693622,0.015344006201486068,0.04715330748033004,0.04715330748033004,0.4657787302472777,0.0,0.6616763877868652,1.3375069904327392,0.0,0.0,-1.5707918088883162,2.356198977679014,0.6362309265136719,3.936204891204834,3.9269907865673304,1.0,0.0,0.0,0.0,720.0,28.0
1788870560.9513853,1788870560.95127,0.654765784740448,1.5620741741731763,0.015377188619836031,0.04859089475253173,0.04859089475253173,0.4647354086975514,0.0,0.6592436838150024,1.3350289869308472,0.0,0.0,-1.5707918088883162,2.356198977679014,0.634765784740448,3.9021479892730713,3.9269907865673304,1.0,0.0,0.0,0.0,720.0,28.0
1788870561.0300734,1788870561.0299046,0.6532149910926819,1.5577108510769904,0.015621776065437843,0.049570046812340285,0.049570046812340285,0.4640247941392488,0.0,0.670204381942749,1.332599024772644,0.0,0.0,-1.5707918088883162,2.356198977679014,0.6332149910926819,3.866229991912842,3.9269907865673304,1.0,0.0,0.0,0.0,720.0,29.0
1788870561.0863047,1788870561.0861518,0.6520135998725891,1.5533475279808044,0.014178484943939005,0.04663082031812546,0.04663082031812546,0.4661579226109861,0.0,0.6776886987686157,1.331228952407837,0.0,0.0,-1.5707918088883162,2.356198977679014,0.6320135998725891,3.8440570640563965,3.9269907865673304,1.0,0.0,0.0,0.0,720.0,29.0
1788870561.1595178,1788870561.159373,0.6500661969184875,1.5489842048846185,0.013607107995784375,0.044469168005994646,0.044469168005994646,0.4677267306297212,0.0,0.6882468867301941,1.3294839668273926,0.0,0.0,-1.5707918088883162,2.356198977679014,0.6300661969184875,3.8088979530334472,3.9269907865673304,1.0,0.0,0.0,0.0,720.0,30.0
1788870561.2304277,1788870561.2303224,0.6479614973068237,1.5446208817884326,0.015201873153945293,0.04739294626663585,0.04739294626663585,0.46560481363383954,0.0,0.6981937098503113,1.3280420112609863,0.0,0.0,-1.5707918088883162,2.356198977679014,0.6279614973068237,3.7763480949401855,3.9269907865673304,1.0,0.0,0.0,0.0,720.0,30.0
1788870561.3058584,1788870561.305454,0.6456903219223022,1.5402575586922467,0.014723856365459998,0.04719932213862115,0.04719932213862115,0.4657453353463024,0.0,0.7084942269325256,1.32660005569458,0.0,0.0,-1.5707918088883162,2.356198977679014,0.6256903219223022,3.7426590728759765,3.9269907865673304,1.0,0.0,0.0,0.0,720.0,31.0
1788870561.37945,1788870561.3793359,0.6436144113540649,1.5664374972693622,0.01647857000382762,0.05107179345016022,0.05107179345016022,0.4629349092607699,0.0,0.7189007806777954,1.3252270030975342,0.0,0.0,-1.5707918088883162,2.356198977679014,0.6236144113540649,3.706685047149658,3.9269907865673304,1.0,0.0,0.0,0.0,720.0,31.0
1788870561.4576252,1788870561.457495,0.6524633765220642,1.5664374972693622,0.0176868882320452,0.054940167674829316,0.054940167674829316,0.4601274566149061,0.0,0.7288148212432861,1.324208002090454,0.0,0.0,-1.5707918088883162,2.356198977679014,0.6324633765220642,3.6722450065612793,3.9269907865673304,1.0,0.0,0.0,0.0,720.0,32.0
1788870561.5391142,1788870561.539012,0.6620327234268188,1.5664374972693622,0.017063352802953492,0.054703960581064616,0.054703960581064616,0.4602988826951785,0.0,0.738506715297699,1.3233829545974731,0.0,0.0,-1.5707918088883162,2.356198977679014,0.6420327234268188,3.637780885696411,3.9269907865673304,1.0,0.0,0.0,0.0,720.0,33.0
1788870561.6111546,1788870561.6109822,0.6708452105522156,1.5664374972693622,0.018421790067511355,0.05767599792554482,0.05767599792554482,0.4581419419180538,0.0,0.7472417759895325,1.3230240154266357,0.0,0.0,-1.5707918088883162,2.356198977679014,0.6508452105522156,3.6030740547180176,3.9269907865673304,1.0,0.0,0.0,0.0,720.0,33.0
1788870561.682501,1788870561.6823852,0.6763929724693298,1.5664374972693622,0.016297998722703516,0.053810316516519324,0.053810316516519324,0.46094744026685,0.0,0.7526274132728576,1.323042016029358,0.0,0.0,-1.5707918088883162,2.356198977679014,0.6563929724693298,3.5813169288635254,3.9269907865673304,1.0,0.0,0.0,0.0,720.0,34.0
1788870561.7462246,1788870561.74611,0.6845533847808838,1.5664374972693622,0.017394175751327897,0.05510604863793028,0.05510604863793028,0.46000706936131874,0.0,0.7605109024047851,1.3232480096817016,0.0,0.0,-1.5707918088883162,2.356198977679014,0.6645533847808838,3.548321943283081,3.9269907865673304,1.0,0.0,0.0,0.0,720.0,34.0
1788870561.813033,1788870561.8127768,0.6923748254776001,1.5664374972693622,0.016063385193587246,0.052513797425014525,0.052513797425014525,0.46188838231186874,0.0,0.7679074811935425,1.3238429832458496,0.0,0.0,-1.5707918088883162,2.356198977679014,0.6723748254776001,3.5151529121398926,3.9269907865673304,1.0,0.0,0.0,0.0,720.0,35.0
1788870561.8863118,1788870561.8861995,0.700167179107666,1.5664374972693622,0.019023506945167145,0.05836679478467876,0.05836679478467876,0.457640599659706,0.0,0.7753416109085083,1.324486951828003,0.0,0.0,-1.5707918088883162,2.356198977679014,0.680167179107666,3.4817330646514892,3.9269907865673304,1.0,0.0,0.0,0.0,720.0,35.0
1788870561.957095,1788870561.956981,0.7052307724952698,1.5664374972693622,0.018793119069320106,0.05960662515068067,0.05960662515068067,0.4567407991648994,0.0,0.7801214861869812,1.3250709581375122,0.0,0.0,-1.5707918088883162,2.356198977679014,0.6852307724952698,3.4590480136871338,3.9269907865673304,1.0,0.0,0.0,0.0,720.0,36.0
1788870562.019704,1788870562.0195894,0.7127525210380554,1.5664374972693622,0.019742765142500826,0.062105781464406054,0.062105781464406054,0.4549270493573829,0.0,0.787233989238739,1.3260439443588257,0.0,0.0,-1.5707918088883162,2.356198977679014,0.6927525210380554,3.425962905883789,3.9269907865673304,1.0,0.0,0.0,0.0,720.0,36.0
1788870562.0890203,1788870562.0886016,0.7198889255523682,1.5664374972693622,0.020350637637255843,0.0642171627467749,0.0642171627467749,0.45339472527926955,0.0,0.7937838244438171,1.3274760055541992,0.0,0.0,-1.5707918088883162,2.356198977679014,0.6998889255523681,3.3934750366210937,3.9269907865673304,1.0,0.0,0.0,0.0,720.0,37.0
1788870562.1576371,1788870562.1574695,0.7266998291015625,1.5664374972693622,0.020657652312428505,0.06553829000387233,0.06553829000387233,0.45243592398496657,0.0,0.7998819160461426,1.3293109941482544,0.0,0.0,-1.5707918088883162,2.356198977679014,0.7066998291015625,3.362369041442871,3.9269907865673304,1.0,0.0,0.0,0.0,720.0,38.0
1788870562.2309444,1788870562.2305858,0.7331727147102356,1.5664374972693622,0.020781613786134967,0.06621230188210402,0.06621230188210402,0.45194676333995504,0.0,0.8055109190940857,1.3315739440917969,0.0,0.0,-1.5707918088883162,2.356198977679014,0.7131727147102356,3.329977970123291,3.9269907865673304,1.0,0.0,0.0,0.0,720.0,39.0
1788870562.3058496,1788870562.3057299,0.7393373847007751,1.5664374972693622,0.02091763087373439,0.06671918372179624,0.06671918372179624,0.45157889645858945,0.0,0.8107201862335205,1.3342430400848388,0.0,0.0,-1.5707918088883162,2.356198977679014,0.7193373847007751,3.298470001220703,3.9269907865673304,1.0,0.0,0.0,0.0,720.0,39.0
1788870562.3863678,1788870562.3861687,0.7452316880226135,1.5664374972693622,0.020720083332000434,0.06642874178021985,0.06642874178021985,0.45178968319999324,0.0,0.8155827927589416,1.337272982597351,0.0,0.0,-1.5707918088883162,2.356198977679014,0.7252316880226135,3.2667109775543213,3.9269907865673304,1.0,0.0,0.0,0.0,720.0,40.0
1788870562.461219,1788870562.4609,0.749023973941803,1.5664374972693622,0.02202819980722061,0.06927179010224013,0.06927179010224013,0.449726355540773,0.0,0.8186535048484802,1.339483003616333,0.0,0.0,-1.5707918088883162,2.356198977679014,0.729023973941803,3.244899969100952,3.9269907865673304,1.0,0.0,0.0,0.0,720.0,40.0
1788870562.5704699,1788870562.570276,0.756295919418335,1.5664374972693622,0.022250078118773085,0.07062171201672375,0.07062171201672375,0.4487466566723548,0.0,0.824409704208374,1.3443460273742676,0.0,0.0,-1.5707918088883162,2.356198977679014,0.7362959194183349,3.2023689556121826,3.9269907865673304,1.0,0.0,0.0,0.0,720.0,42.0
1788870562.640184,1788870562.6400464,0.7614942789077759,1.5664374972693622,0.023975897001150468,0.07489252288759418,0.07489252288759418,0.4456471377057185,0.0,0.8284255075454712,1.348358016014099,0.0,0.0,-1.5707918088883162,2.356198977679014,0.7414942789077759,3.1709520626068115,3.9269907865673304,1.0,0.0,0.0,0.0,720.0,42.0
1788870562.7176998,1788870562.7175632,0.7663596868515015,1.5664374972693622,0.025404121394778826,0.07937298879058283,0.07937298879058283,0.44239546268063124,0.0,0.8319909977912903,1.3528560209274292,0.0,0.0,-1.5707918088883162,2.356198977679014,0.7463596868515014,3.138497095108032,3.9269907865673304,1.0,0.0,0.0,0.0,720.0,43.0
1788870562.7872565,1788870562.7871356,0.7709330916404724,1.5664374972693622,0.026240655846990087,0.08259096573443266,0.08259096573443266,0.4400600325074782,0.0,0.8351836013793945,1.35778902053833,0.0,0.0,-1.5707918088883162,2.356198977679014,0.7509330916404724,3.106041889190674,3.9269907865673304,1.0,0.0,0.0,0.0,720.0,44.0
1788870562.8544583,1788870562.8542905,0.7750971913337708,1.5664374972693622,0.023158470561562707,0.07665226377823026,0.07665226377823026,0.4443700148286335,0.0,0.8378041791915893,1.3633529949188232,0.0,0.0,-1.5707918088883162,2.356198977679014,0.7550971913337707,3.082077007293701,3.9269907865673304,1.0,0.0,0.0,0.0,720.0,45.0
1788870562.9133902,1788870562.9132702,0.7788264155387878,1.5664374972693622,0.03137069945546898,0.09326604591371959,0.09326604591371959,0.43231264811456566,0.0,0.839821081161499,1.3714469480514526,0.0,0.0,-1.5707918088883162,2.356198977679014,0.7588264155387878,3.066242914199829,3.9269907865673304,1.0,0.0,0.0,0.0,720.0,42.0
1788870562.981898,1788870562.9817474,0.7821604013442993,1.5664374972693622,0.03465244075753052,0.10560128107098424,0.10560128107098424,0.4233604148071543,0.0,0.8413110184669494,1.3805080461502075,0.0,0.0,-1.5707918088883162,2.356198977679014,0.7621604013442993,3.049456100463867,3.9269907865673304,1.0,0.0,0.0,0.0,720.0,41.0
1788870563.061127,1788870563.060984,0.7855203151702881,1.5664374972693622,0.03598620140994556,0.11228947547957331,0.11228947547957331,0.4185064922035182,0.0,0.8429884123802185,1.389518003463745,0.0,0.0,-1.5707918088883162,2.356198977679014,0.7655203151702881,3.03173397064209,3.9269907865673304,1.0,0.0,0.0,0.0,720.0,41.0
1788870563.1379359,1788870563.1376956,0.7871527075767517,1.5664374972693622,0.03632796442535457,0.11506148295666624,0.11506148295666624,0.4164947220711742,0.0,0.8432243871688843,1.3963609743118286,0.0,0.0,-1.5707918088883162,2.356198977679014,0.7671527075767517,3.0214319038391113,3.9269907865673304,1.0,0.0,0.0,0.0,720.0,41.0
1788870563.2103724,1788870563.2097378,0.7888094186782837,1.5664374972693622,0.0340615152360144,0.11081623901567213,0.11081623901567213,0.41957568597029143,0.0,0.8424616265296936,1.407817940711975,0.0,0.0,-1.5707918088883162,2.356198977679014,0.7688094186782837,3.0052060890197754,3.9269907865673304,1.0,0.0,0.0,0.0,720.0,42.0
1788870563.3074892,1788870563.3065984,0.7898812890052795,1.5664374972693622,0.03134128320044078,0.103449346073689,0.103449346073689,0.4249221705347559,0.0,0.8408930706977844,1.4204740333557129,0.0,0.0,-1.5707918088883162,2.356198977679014,0.7698812890052795,2.990162115097046,3.9269907865673304,1.0,0.0,0.0,0.0,720.0,42.0
1788870563.4103749,1788870563.4099452,0.7908012866973877,1.5664374972693622,0.028384360659253333,0.09461577169883417,0.09461577169883417,0.4313330915860256,0.0,0.8382226037979126,1.438551049232483,0.0,0.0,-1.5707918088883162,2.356198977679014,0.7708012866973877,2.972638111114502,3.9269907865673304,1.0,0.0,0.0,0.0,720.0,43.0
1788870563.5191083,1788870563.5188818,0.7914910912513733,1.5664374972693622,0.025696867602041824,0.08594571493822395,0.08594571493822395,0.4376253405719536,0.0,0.8354823994636535,1.4572659540176391,0.0,0.0,-1.5707918088883162,2.356198977679014,0.7714910912513733,2.9563989448547363,3.9269907865673304,1.0,0.0,0.0,0.0,720.0,44.0
1788870563.6118858,1788870563.6116793,0.7921341061592102,1.5664374972693622,0.02304782926706698,0.07741085203969722,0.07741085203969722,0.44381947330961624,0.0,0.8329698252677917,1.4761459636688232,0.0,0.0,-1.5707918088883162,2.356198977679014,0.7721341061592102,2.9451730060577392,3.9269907865673304,1.0,0.0,0.0,0.0,720.0,44.0
1788870563.6917424,1788870563.69162,0.7927449941635132,1.5664374972693622,0.023234668490049806,0.07526891302962074,0.07526891302962074,0.44537397450103916,0.0,0.8306907224655151,1.4950760412216186,0.0,0.0,-1.5707918088883162,2.356198977679014,0.7727449941635132,2.935310106277466,3.9269907865673304,1.0,0.0,0.0,0.0,720.0,45.0
1788870563.7571619,1788870563.7570012,0.7932423949241638,1.5664374972693622,0.023555002733492855,0.07534388003191023,0.07534388003191023,0.44531956758570307,0.0,0.8292258787155151,1.5091030406951904,0.0,0.0,-1.5707918088883162,2.356198977679014,0.7732423949241638,2.928544979095459,3.9269907865673304,1.0,0.0,0.0,0.0,720.0,47.0
1788870563.8293614,1788870563.8288739,0.793838620185852,1.5664374972693622,0.025857042872689234,0.08052294004439696,0.08052294004439696,0.44156089148802363,0.0,0.8279918837547302,1.5233599948883056,0.0,0.0,-1.5707918088883162,2.356198977679014,0.773838620185852,2.926465015411377,3.9269907865673304,1.0,0.0,0.0,0.0,720.0,47.0
1788870563.888143,1788870563.888005,0.7943031787872314,1.5664374972693622,0.03101777718497761,0.09363670290766894,0.09363670290766894,0.4320436457125397,0.0,0.8266402292251587,1.5381439733505249,0.0,0.0,-1.5707918088883162,2.356198977679014,0.7743031787872314,2.9311830806732178,3.9269907865673304,1.0,0.0,0.0,0.0,720.0,47.0
1788870563.9657648,1788870563.9651978,0.7945811748504639,1.5664374972693622,0.034117195752808395,0.10451352935859148,0.10451352935859148,0.42414984500331404,0.0,0.8251089262962341,1.5533569860458374,0.0,0.0,-1.5707918088883162,2.356198977679014,0.7745811748504638,2.9322149562835693,3.9269907865673304,1.0,0.0,0.0,0.0,720.0,48.0
1788870564.036295,1788870564.0361364,0.7944692969322205,1.5664374972693622,0.03721622637016255,0.11471840587674156,0.11471840587674156,0.4167437084928155,0.0,0.8481709170341492,1.5696250009536743,0.0,0.0,-1.5707918088883162,2.356198977679014,0.7744692969322204,2.935113887786865,3.9269907865673304,1.0,0.0,0.0,0.0,720.0,49.0
1788870564.1200883,1788870564.1199238,0.7937138080596924,1.5664374972693622,0.042027156536790115,0.12855635240543234,0.12855635240543234,0.4067008901564853,0.0,0.8804685878753662,1.5872299480438232,0.0,0.0,-1.5707918088883162,2.356198977679014,0.7737138080596924,2.9439499187469482,3.9269907865673304,1.0,0.0,0.0,0.0,720.0,49.0
1788870564.2133281,1788870564.212001,0.7923340797424316,1.5664374972693622,0.04525371842904605,0.13993523500269286,0.13993523500269286,0.3984427247879616,0.0,0.9081197190284729,1.6065430450439453,0.0,0.0,-1.5707918088883162,2.356198977679014,0.7723340797424316,2.951276044845581,3.9269907865673304,1.0,0.0,0.0,0.0,720.0,50.0
1788870564.287783,1788870564.2875733,0.7904242277145386,1.5664374972693622,0.046235237860076654,0.14554750330737956,0.14554750330737956,0.39436965000610347,0.0,0.9325309801101684,1.6275809812545776,0.0,0.0,-1.5707918088883162,2.356198977679014,0.7704242277145386,2.955296974182129,3.9269907865673304,1.0,0.0,0.0,0.0,720.0,51.0
1788870564.3586383,1788870564.3583796,0.7888122797012329,1.5664374972693622,0.04848851636841657,0.152278527657467,0.152278527657467,0.3894846437932821,0.0,0.938437979221344,1.6425440120697021,0.0,0.0,-1.5707918088883162,2.356198977679014,0.7688122797012329,2.9673509407043457,3.9269907865673304,1.0,0.0,0.0,0.0,720.0,51.0
1788870564.456885,1788870564.4564986,0.7849122881889343,1.5664374972693622,0.050060884475469414,0.1578199395222916,0.1578199395222916,0.385462992707275,0.0,0.9253623294830322,1.6737910318374634,0.0,0.0,-1.5707918088883162,2.356198977679014,0.7649122881889343,2.9830899047851562,3.9269907865673304,1.0,0.0,0.0,0.0,720.0,52.0
1788870564.5511494,1788870564.5510554,0.7802637815475464,1.5664374972693622,0.05107413267911512,0.16175203905790536,0.16175203905790536,0.3826092917455996,0.0,0.9123577880859375,1.6821039724349975,0.0,0.0,-1.5707918088883162,2.356198977679014,0.7602637815475464,3.0043899822235107,3.9269907865673304,1.0,0.0,0.0,0.0,720.0,53.0
1788870564.6154327,1788870564.6153162,0.7763280272483826,1.5577108510769904,0.05848231068235812,0.1795259876458538,0.1795259876458538,0.36970994021118325,0.0,0.901639084815979,1.689522008895874,0.0,0.0,-1.5707918088883162,2.356198977679014,0.7563280272483826,3.033071975708008,3.9269907865673304,1.0,0.0,0.0,0.0,720.0,53.0
1788870564.6773317,1788870564.6772425,0.772077202796936,1.5446208817884326,0.06104555350528714,0.19059983614559936,0.19059983614559936,0.3616731517659898,0.0,0.8909439849853515,1.6976530361175537,0.0,0.0,-1.5707918088883162,2.356198977679014,0.752077202796936,3.0571219730377197,3.9269907865673304,1.0,0.0,0.0,0.0,720.0,54.0
1788870564.7357223,1788870564.7356453,0.7675818204879761,1.5489842048846185,0.06338976198201021,0.1991730176833827,0.1991730176833827,0.35545120947348086,0.0,0.8854871797561645,1.7066210317611694,0.0,0.0,-1.5707918088883162,2.356198977679014,0.7475818204879761,3.084959011077881,3.9269907865673304,1.0,0.0,0.0,0.0,720.0,54.0
1788870564.8019376,1788870564.8018475,0.7656291127204895,1.5664374972693622,0.06693938428120189,0.20969612609490706,0.20969612609490706,0.34781411780736304,0.0,0.87393550157547,1.717470030784607,0.0,0.0,-1.5707918088883162,2.356198977679014,0.7456291127204895,3.1194529342651367,3.9269907865673304,1.0,0.0,0.0,0.0,720.0,55.0
1788870564.8572226,1788870564.8570764,0.771088182926178,1.5664374972693622,0.0698942116362417,0.21947187189365353,0.21947187189365353,0.3407194207036127,0.0,0.868804018497467,1.7253700304031372,0.0,0.0,-1.5707918088883162,2.356198977679014,0.751088182926178,3.1459069061279297,3.9269907865673304,1.0,0.0,0.0,0.0,720.0,55.0
1788870564.9270632,1788870564.9269972,0.7780560851097107,1.5664374972693622,0.11739782816078526,0.328812696648255,0.328812696648255,0.2613658809657431,0.0,1.1070610094070434,1.7381729888916015,0.0,0.0,-1.5707918088883162,2.356198977679014,0.7580560851097107,3.3370399284362793,3.9269907865673304,1.0,0.0,0.0,0.0,720.0,43.0
1788870564.981493,1788870564.9813192,0.7819030284881592,1.5664374972693622,0.11511959450227413,0.3565117006795706,0.3565117006795706,0.24126347162292427,0.0,1.0836839485168457,1.7477229642868042,0.0,0.0,-1.5707918088883162,2.356198977679014,0.7619030284881592,3.3492219257354736,3.9269907865673304,1.0,0.0,0.0,0.0,720.0,44.0
1788870565.0627203,1788870565.0625997,0.7867032289505005,1.5664374972693622,0.11895037472069318,0.37340234957822394,0.37340234957822394,0.23399999999999999,0.0,1.1141170072555542,1.7591019678115845,0.0,0.0,-1.5707918088883162,2.356198977679014,0.7667032289505005,3.4017538833618164,3.9269907865673304,1.0,0.0,0.0,0.0,720.0,43.0
1788870565.1284502,1788870565.128362,0.7858421802520752,1.5664374972693622,0.11408214141182814,0.3675647016359622,0.3675647016359622,0.23399999999999999,0.0,1.0860370206832886,1.7629819917678833,0.0,0.0,-1.5707918088883162,2.356198977679014,0.7658421802520752,3.4225148963928222,3.9269907865673304,1.0,0.0,0.0,0.0,720.0,44.0
1788870565.2027283,1788870565.202652,0.781954288482666,1.5664374972693622,0.11517894584628902,0.36827024918647605,0.36827024918647605,0.23399999999999999,0.0,1.146139006614685,1.7689779806137085,0.0,0.0,-1.5707918088883162,2.356198977679014,0.761954288482666,3.469974021911621,3.9269907865673304,1.0,0.0,0.0,0.0,720.0,42.0
1788870565.256068,1788870565.2559423,0.7790241241455078,1.5664374972693622,0.1119374643487477,0.36122099489713766,0.36122099489713766,0.23784572562850967,0.0,1.1487489748001098,1.7735839891433716,0.0,0.0,-1.5707918088883162,2.356198977679014,0.7590241241455078,3.4859471130371094,3.9269907865673304,1.0,0.0,0.0,0.0,720.0,42.0
1788870565.3283427,1788870565.3280995,0.7748923897743225,1.5664374972693622,0.10484259760383417,0.3432137171017299,0.3432137171017299,0.25091441463205244,0.0,1.1277429866790771,1.7809740114212036,0.0,0.0,-1.5707918088883162,2.356198977679014,0.7548923897743225,3.4995510387420654,3.9269907865673304,1.0,0.0,0.0,0.0,720.0,43.0
1788870565.4008088,1788870565.400718,0.7708078026771545,1.5664374972693622,0.10404339051624407,0.3360213098869057,0.3360213098869057,0.2561342670797857,0.0,1.1113560009002685,1.7892889785766601,0.0,0.0,-1.5707918088883162,2.356198977679014,0.7508078026771545,3.5320009994506836,3.9269907865673304,1.0,0.0,0.0,0.0,720.0,43.0
1788870565.4772944,1788870565.4771976,0.766998291015625,1.5664374972693622,0.09762154150722147,0.31947864594224784,0.31947864594224784,0.26814002013358634,0.0,1.1011320161819458,1.7983679580688476,0.0,0.0,-1.5707918088883162,2.356198977679014,0.746998291015625,3.5456569004058838,3.9269907865673304,1.0,0.0,0.0,0.0,720.0,44.0
1788870565.532638,1788870565.532529,0.7647504210472107,1.5664374972693622,0.09904472817756516,0.3177037849004203,0.3177037849004203,0.2694281163824299,0.0,1.1109540271759033,1.805018048286438,0.0,0.0,-1.5707918088883162,2.356198977679014,0.7447504210472107,3.580799083709717,3.9269907865673304,1.0,0.0,0.0,0.0,720.0,43.0
1788870565.6053858,1788870565.6052854,0.7615370750427246,1.5664374972693622,0.09724288242360415,0.3131351920989994,0.3131351920989994,0.2727437490496184,0.0,1.1079829740524292,1.8059910345077514,0.0,0.0,-1.5707918088883162,2.356198977679014,0.7415370750427246,3.614727954864502,3.9269907865673304,1.0,0.0,0.0,0.0,720.0,43.0
1788870565.6782355,1788870565.6781566,0.7587611079216003,1.5664374972693622,0.09601617382453403,0.3090167869966561,0.3090167869966561,0.27573266031564303,0.0,1.1099920082092285,1.800162057876587,0.0,0.0,-1.5707918088883162,2.356198977679014,0.7387611079216003,3.650267105102539,3.9269907865673304,1.0,0.0,0.0,0.0,720.0,43.0
1788870565.7523518,1788870565.7522902,0.7559422850608826,1.5664374972693622,0.0946822609819581,0.30479330069858296,0.30479330069858296,0.2787978337176059,0.0,1.0838999557495117,1.7945350217819214,0.0,0.0,-1.5707918088883162,2.356198977679014,0.7359422850608826,3.688653926849365,3.9269907865673304,1.0,0.0,0.0,0.0,720.0,44.0
1788870565.8261652,1788870565.8260605,0.7532098293304443,1.5664374972693622,0.0944525818622868,0.3030117735810973,0.3030117735810973,0.280090767836484,0.0,1.0879570055007934,1.7892000484466553,0.0,0.0,-1.5707918088883162,2.356198977679014,0.7332098293304443,3.728042106628418,3.9269907865673304,1.0,0.0,0.0,0.0,720.0,44.0
1788870565.87921,1788870565.8790777,0.7514408826828003,1.5664374972693622,0.09266311140046352,0.29846890161136747,0.29846890161136747,0.283387733742705,0.0,1.0753869819641113,1.785819034576416,0.0,0.0,-1.5707918088883162,2.356198977679014,0.7314408826828003,3.7471399116516113,3.9269907865673304,1.0,0.0,0.0,0.0,720.0,45.0
1788870565.9525495,1788870565.9524386,0.7488459944725037,1.5664374972693622,0.09541266870558776,0.3032650483839268,0.3032650483839268,0.27990695495436935,0.0,1.059835057258606,1.780995945930481,0.0,0.0,-1.5707918088883162,2.356198977679014,0.7288459944725036,3.811692934036255,3.9269907865673304,1.0,0.0,0.0,0.0,720.0,45.0
1788870566.008239,1788870566.0081449,0.7471092939376831,1.5664374972693622,0.0988953067544202,0.3125050016450793,0.3125050016450793,0.27320110652190577,0.0,1.0705920267105102,1.777961950302124,0.0,0.0,-1.5707918088883162,2.356198977679014,0.7271092939376831,3.832077007293701,3.9269907865673304,1.0,0.0,0.0,0.0,720.0,45.0
1788870566.0826778,1788870566.0824764,0.7445638179779053,1.5664374972693622,0.10443372764170286,0.3276830504109382,0.3276830504109382,0.26218571589733286,0.0,1.0577720212936401,1.7736569452285766,0.0,0.0,-1.5707918088883162,2.356198977679014,0.7245638179779053,3.901376943588257,3.9269907865673304,1.0,0.0,0.0,0.0,720.0,45.0
1788870566.1546385,1788870566.154539,0.741759181022644,1.5664374972693622,0.10611020828322072,0.3359917816776959,0.3359917816776959,0.25615569702535435,0.0,1.0449880170822143,1.7697939682006836,0.0,0.0,-1.5707918088883162,2.356198977679014,0.721759181022644,3.9500570106506347,3.9269907865673304,1.0,0.0,0.0,0.0,720.0,46.0
1788870566.2272682,1788870566.2271686,0.7385095953941345,1.5664374972693622,0.10867283119858778,0.3442246763881454,0.3442246763881454,0.25018071614305715,0.0,1.0465600299835205,1.766463975906372,0.0,0.0,-1.5707918088883162,2.356198977679014,0.7185095953941345,4.005597095489502,3.9269907865673304,1.0,0.0,0.0,0.0,720.0,46.0
1788870566.2797792,1788870566.2796316,0.7361084222793579,1.5664374972693622,0.11345596223686605,0.35740875832702357,0.35740875832702357,0.24061243666106003,0.0,1.0354139614105224,1.7647369909286499,0.0,0.0,-1.5707918088883162,2.356198977679014,0.7161084222793579,4.064611892700196,3.9269907865673304,1.0,0.0,0.0,0.0,720.0,46.0
1788870566.352084,1788870566.3519804,0.7322844862937927,1.5664374972693622,0.11137670987697995,0.3567064576225422,0.3567064576225422,0.24112212777584785,0.0,1.0324770021438598,1.762660961151123,0.0,0.0,-1.5707918088883162,2.356198977679014,0.7122844862937927,4.096898059844971,3.9269907865673304,1.0,0.0,0.0,0.0,720.0,47.0
1788870566.4044971,1788870566.4044209,0.729523777961731,1.5664374972693622,0.12192181600346425,0.38011680513452256,0.38011680513452256,0.23399999999999999,0.0,1.0199839878082275,1.7615769910812378,0.0,0.0,-1.5707918088883162,2.356198977679014,0.7095237779617309,4.154346923828125,3.9269907865673304,1.0,0.0,0.0,0.0,720.0,47.0
1788870566.4780636,1788870566.477972,0.724978506565094,1.5664374972693622,0.12803458396675393,0.4008325096258856,0.4008325096258856,0.23399999999999999,0.0,1.0128340530395508,1.7604529666900635,0.0,0.0,-1.5707918088883162,2.356198977679014,0.704978506565094,4.204345207214356,3.9269907865673304,1.0,0.0,0.0,0.0,720.0,47.0
1788870566.5534024,1788870566.5533204,0.7203509211540222,1.5664374972693622,0.12745685163764017,0.4057531005560797,0.4057531005560797,0.23399999999999999,0.0,1.0055680084228515,1.7597119617462158,0.0,0.0,-1.5707918088883162,2.356198977679014,0.7003509211540222,4.233594875335694,3.9269907865673304,1.0,0.0,0.0,0.0,720.0,48.0
1788870566.610229,1788870566.6100943,0.7170838713645935,1.5664374972693622,0.12921163579519657,0.4111599943480642,0.4111599943480642,0.23399999999999999,0.0,1.0031709480285644,1.7596560525894165,0.0,0.0,-1.5707918088883162,2.356198977679014,0.6970838713645935,4.2625179100036625,3.9269907865673304,1.0,0.0,0.0,0.0,720.0,48.0
1788870566.6789353,1788870566.6788373,0.7118424773216248,1.5664374972693622,0.13526875132873153,0.4263500012807779,0.4263500012807779,0.23399999999999999,0.0,0.9910160112380981,1.760168056488037,0.0,0.0,-1.5707918088883162,2.356198977679014,0.6918424773216247,4.323707084655762,3.9269907865673304,1.0,0.0,0.0,0.0,720.0,48.0
1788870566.751617,1788870566.751436,0.7064085006713867,1.5664374972693622,0.13613930732162563,0.4328570487846748,0.4328570487846748,0.23399999999999999,0.0,0.9781551170349121,1.748875002861023,0.0,0.0,-1.5707918088883162,2.356198977679014,0.6864085006713867,4.364240150451661,3.9269907865673304,1.0,0.0,0.0,0.0,720.0,49.0
1788870566.8263824,1788870566.826299,0.7008503079414368,1.5664374972693622,0.14386646458874547,0.4521179953141923,0.4521179953141923,0.23399999999999999,0.0,0.9750115084648132,1.734794955253601,0.0,0.0,-1.5707918088883162,2.356198977679014,0.6808503079414367,4.408423881530762,3.9269907865673304,1.0,0.0,0.0,0.0,720.0,49.0
1788870566.9010572,1788870566.9008114,0.6949772834777832,1.5664374972693622,0.14671199225432696,0.4642702612439501,0.4642702612439501,0.23399999999999999,0.0,0.9598095822334289,1.7210390377044678,0.0,0.0,-1.5707918088883162,2.356198977679014,0.6749772834777832,4.459698181152344,3.9269907865673304,1.0,0.0,0.0,0.0,720.0,50.0
1788870566.9795856,1788870566.9795024,0.6889464259147644,1.5664374972693622,0.15054658597891618,0.4765054309659573,0.4765054309659573,0.23399999999999999,0.0,0.9532909798622131,1.7075689840316772,0.0,0.0,-1.5707918088883162,2.356198977679014,0.6689464259147644,4.516230087280274,3.9269907865673304,1.0,0.0,0.0,0.0,720.0,50.0
1788870567.0518894,1788870567.05178,0.6825730204582214,1.5664374972693622,0.14932709197838467,0.4774443153213689,0.4774443153213689,0.23399999999999999,0.0,0.9442137289047241,1.6944889831542969,0.0,0.0,-1.5707918088883162,2.356198977679014,0.6625730204582214,4.5517329978942875,3.9269907865673304,1.0,0.0,0.0,0.0,720.0,51.0
1788870567.106172,1788870567.1060412,0.678168773651123,1.5664374972693622,0.15555461895948555,0.4916756410656583,0.4916756410656583,0.23399999999999999,0.0,0.9342425870895386,1.686004023551941,0.0,0.0,-1.5707918088883162,2.356198977679014,0.658168773651123,4.610765914916993,3.9269907865673304,1.0,0.0,0.0,0.0,720.0,51.0
1788870567.176347,1788870567.1762426,0.6713820099830627,1.5664374972693622,0.15622828338720293,0.4974540471070321,0.4974540471070321,0.23399999999999999,0.0,0.9223040747642517,1.6735880184173584,0.0,0.0,-1.5707918088883162,2.356198977679014,0.6513820099830627,4.659159164428711,3.9269907865673304,1.0,0.0,0.0,0.0,720.0,52.0
1788870567.2313535,1788870567.231168,0.6668350100517273,1.5664374972693622,0.1571504899966411,0.5012533117245858,0.5012533117245858,0.23399999999999999,0.0,0.9193526911735534,1.6655050325393677,0.0,0.0,-1.5707918088883162,2.356198977679014,0.6468350100517273,4.692374210357666,3.9269907865673304,1.0,0.0,0.0,0.0,720.0,52.0
1788870567.3024945,1788870567.3024116,0.659848690032959,1.5664374972693622,0.15920477360722404,0.5069946863975575,0.5069946863975575,0.23399999999999999,0.0,0.905677478313446,1.6537240552902222,0.0,0.0,-1.5707918088883162,2.356198977679014,0.639848690032959,4.747301082611084,3.9269907865673304,1.0,0.0,0.0,0.0,720.0,53.0
1788870567.3580768,1788870567.3579638,0.6551200747489929,1.5664374972693622,0.161132396715347,0.5130349745616446,0.5130349745616446,0.23399999999999999,0.0,0.8866845178604126,1.6461009788513183,0.0,0.0,-1.5707918088883162,2.356198977679014,0.6351200747489929,4.787584762573243,3.9269907865673304,1.0,0.0,0.0,0.0,720.0,53.0
1788870567.4302444,1788870567.4301379,0.647999107837677,1.5664374972693622,0.15793161371052744,0.5076773070800747,0.5076773070800747,0.23399999999999999,0.0,0.8596523213386535,1.6349819707870483,0.0,0.0,-1.5707918088883162,2.356198977679014,0.627999107837677,4.817175846099854,3.9269907865673304,1.0,0.0,0.0,0.0,720.0,54.0
1788870567.5029514,1788870567.5027595,0.6407039165496826,1.5446208817884326,0.16868726380861127,0.5236,0.5236,0.23399999999999999,0.0,0.8339878129959106,1.624260048866272,0.0,0.0,-1.5707918088883162,2.356198977679014,0.6207039165496826,4.886528949737549,3.9269907865673304,1.0,0.0,0.0,0.0,720.0,55.0
1788870567.57912,1788870567.5790029,0.6329752802848816,1.527167589403689,0.17373795565902597,0.5236,0.5236,0.23399999999999999,0.0,0.809530119895935,1.6139459419250488,0.0,0.0,-1.5707918088883162,2.356198977679014,0.6129752802848816,4.962697010040284,3.9269907865673304,1.0,0.0,0.0,0.0,720.0,55.0
1788870567.6537273,1788870567.6531541,0.6251652240753174,1.522804266307503,0.17031585203483754,0.5236,0.5236,0.23399999999999999,0.0,0.7870725202560425,1.6039210367202759,0.0,0.0,-1.5707918088883162,2.356198977679014,0.6051652240753174,5.001969795227051,3.9269907865673304,1.0,0.0,0.0,0.0,720.0,56.0
1788870567.7283738,1788870567.7283003,0.6172245144844055,1.522804266307503,0.17629145047654274,0.5236,0.5236,0.23399999999999999,0.0,0.7648351001739502,1.594428997039795,0.0,0.0,-1.5707918088883162,2.356198977679014,0.5972245144844055,5.090506057739258,3.9269907865673304,1.0,0.0,0.0,0.0,720.0,57.0
1788870567.7843893,1788870567.7841694,0.6119288206100464,1.522804266307503,0.18031084283831444,0.5236,0.5236,0.23399999999999999,0.0,0.7507073092460632,1.588322024345398,0.0,0.0,-1.5707918088883162,2.356198977679014,0.5919288206100464,5.152833919525147,3.9269907865673304,1.0,0.0,0.0,0.0,720.0,57.0
1788870567.8525608,1788870567.852477,0.6037378907203674,1.518440943211317,0.6473719014708744,0.5236,0.5236,0.23399999999999999,0.0,0.7305180239677429,1.5794739532470703,0.0,0.0,-1.5707918088883162,1.1955550340935588,1.5794739532470703,9.836690406799317,2.766346842981875,2.0,0.0,0.0,0.0,718.0,0.0
1788870567.9071438,1788870567.9070427,0.5984091758728027,1.518440943211317,0.6442483308070558,0.5236,0.5236,0.23399999999999999,0.0,0.7176658916473388,1.5737860012054443,0.0,0.0,-1.5707918088883162,1.182465064805001,1.5737860012054443,9.973414878845215,2.753256873693317,2.0,0.0,0.0,0.0,717.0,0.0
1788870567.9774647,1788870567.9773638,0.5904070138931274,1.518440943211317,0.6261846877922638,0.5236,0.5236,0.23399999999999999,0.0,0.6991982865333557,1.5655779647827148,0.0,0.0,-1.5707918088883162,1.1562851262278855,1.5655779647827148,9.913147430419922,2.7270769351162016,2.0,0.0,0.0,0.0,714.0,0.0
1788870568.0537977,1788870568.0536406,0.5820376873016357,1.5140776201151311,0.6091171381347135,0.5236,0.5236,0.23399999999999999,0.0,0.681616883277893,1.5577610540390014,0.0,0.0,-1.5707918088883162,1.13010518765077,1.5577610540390014,9.853974800109864,2.700896996539086,2.0,0.0,0.0,0.0,711.0,0.0
1788870568.1104453,1788870568.1103382,0.5765702724456787,1.5140776201151311,0.5969972418341806,0.5236,0.5236,0.23399999999999999,0.0,0.6703386116027832,1.552769045829773,0.0,0.0,-1.5707918088883162,1.1126518952660263,1.552769045829773,9.815187911987305,2.6834437041543424,2.0,0.0,0.0,0.0,709.0,0.0
1788870568.1861,1788870568.1857846,0.5684425234794617,1.5140776201151311,0.5870725854910884,0.5236,0.5236,0.23399999999999999,0.0,0.654022912979126,1.5456150579452514,0.0,0.0,-1.5707918088883162,1.0908352797850966,1.5456150579452514,9.937427978515625,2.661627088673413,2.0,0.0,0.0,0.0,708.0,0.0
1788870568.2639875,1788870568.263021,0.5629997253417969,1.5140776201151311,0.574550519000415,0.5236,0.5236,0.23399999999999999,0.0,0.6435158061981201,1.5410699653625488,0.0,0.0,-1.5707918088883162,1.073381987400353,1.5410699653625488,9.899251441955567,2.644173796288669,2.0,0.0,0.0,0.0,707.0,0.0
1788870568.3393,1788870568.3392131,0.5547900199890137,1.5140776201151311,0.555675011135045,0.5236,0.5236,0.23399999999999999,0.0,0.6282548117637634,1.5345929670333862,0.0,0.0,-1.5707918088883162,1.0472020488232374,1.5345929670333862,9.843065719604493,2.6179938577115536,2.0,0.0,0.0,0.0,706.0,0.0
1788870568.4116385,1788870568.4114456,0.5440797209739685,1.5140776201151311,0.5385151911684483,0.5236,0.5236,0.23399999999999999,0.0,0.6087487149238586,1.526597957611084,0.0,0.0,-1.5707918088883162,1.016658787149936,1.526597957611084,9.953301887512207,2.587450596038252,2.0,0.0,0.0,0.0,705.0,0.0
1788870568.479803,1788870568.479632,0.53611159324646,1.518440943211317,0.5201630065944426,0.5236,0.5236,0.23399999999999999,0.0,0.594675223827362,1.521090965270996,0.0,0.0,-1.5707918088883162,0.9904788485728204,1.521090965270996,9.89930389404297,2.5612706574611366,2.0,0.0,0.0,0.0,704.0,0.0
1788870568.555214,1788870568.555023,0.5276876091957092,1.518440943211317,0.5007653251719733,0.5236,0.5236,0.23399999999999999,0.0,0.5810299921035766,1.5160039472579956,0.0,0.0,-1.5707918088883162,0.9642989099957049,1.5160039472579956,9.84667537689209,2.535090718884021,2.0,0.0,0.0,0.0,702.0,0.0
1788870568.6306026,1788870568.6304939,0.5198153853416443,1.518440943211317,0.4811851523146139,0.5236,0.5236,0.23399999999999999,0.0,0.567766706943512,1.5112639474868774,0.0,0.0,-1.5707918088883162,0.9381189714185894,1.5112639474868774,9.795441131591797,2.5089107803069055,3.0,0.0,0.0,0.0,701.0,0.0
1788870568.7043955,1788870568.7043104,0.5114160776138306,1.522804266307503,0.4695861265347979,0.5236,0.5236,0.23399999999999999,0.0,0.5548487114906311,1.5061659622192383,0.0,0.0,-1.5707918088883162,0.9163023559376597,1.5061659622192383,9.931906204223633,2.487094164825976,3.0,0.0,0.0,0.0,700.0,0.0
1788870568.7789342,1788870568.7788563,0.5036559104919434,1.527167589403689,0.4507035555562427,0.5236,0.5236,0.23399999999999999,0.0,0.5422395873069763,1.5014929580688476,0.0,0.0,-1.5707918088883162,0.8901224173605442,1.5014929580688476,9.882721405029297,2.4609142262488604,2.0,0.0,0.0,0.0,699.0,0.0
1788870568.8523319,1788870568.8522043,0.49576428532600403,1.527167589403689,0.43061630708110743,0.5236,0.5236,0.23399999999999999,0.0,0.5299063730239868,1.4972499418258667,0.0,0.0,-1.5707918088883162,0.8639424787834287,1.4972499418258667,9.835135917663575,2.434734287671745,2.0,0.0,0.0,0.0,698.0,0.0
1788870568.9135263,1788870568.9133635,0.4902172088623047,1.5315309124998748,0.4170591113421615,0.5236,0.5236,0.23399999999999999,0.0,0.5218233275413513,1.4946600008010864,0.0,0.0,-1.5707918088883162,0.846489186398685,1.4946600008010864,9.804360847473145,2.417280995287001,2.0,0.0,0.0,0.0,697.0,0.0
1788870568.9847167,1788870568.9845939,0.48235228657722473,1.5358942355960608,0.4044497879717954,0.5236,0.5236,0.23399999999999999,0.0,0.5098866033554077,1.4911370086669922,0.0,0.0,-1.5707918088883162,0.8246725709177554,1.4911370086669922,9.949675064086914,2.3954643798060715,2.0,0.0,0.0,0.0,697.0,0.0
1788870569.0571105,1788870569.0569627,0.4746134877204895,1.5402575586922467,0.38390570899124654,0.5236,0.5236,0.23399999999999999,0.0,0.4981543231010437,1.4879809427261352,0.0,0.0,-1.5707918088883162,0.7984926323406398,1.4879809427261352,9.905573348999024,2.369284441228956,2.0,0.0,0.0,0.0,696.0,0.0
1788870569.1337209,1788870569.1336076,0.46692728996276855,1.5489842048846185,0.3636370551663273,0.5236,0.5236,0.23399999999999999,0.0,0.48660347938537596,1.4835409927368164,0.0,0.0,-1.5707918088883162,0.7723126937635243,1.4835409927368164,9.863191108703614,2.3431045026518404,2.0,0.0,0.0,0.0,695.0,0.0
1788870569.2082708,1788870569.2080324,0.4591248035430908,1.5533475279808044,0.34278615887488867,0.5236,0.5236,0.23399999999999999,0.0,0.47520981311798094,1.4795319843292236,0.0,0.0,-1.5707918088883162,0.7461327551864088,1.4795319843292236,9.822571258544922,2.316924564074725,2.0,0.0,0.0,0.0,693.0,0.0
1788870569.281508,1788870569.2813835,0.45160040259361267,1.5620741741731763,0.329196615548988,0.5236,0.5236,0.23399999999999999,0.0,0.46395168781280516,1.4759559440612793,0.0,0.0,-1.5707918088883162,0.7243161397054791,1.4759559440612793,9.97827003479004,2.2951079485937953,2.0,0.0,0.0,0.0,693.0,0.0
1788870569.3545227,1788870569.3544128,0.4441981017589569,1.5664374972693622,0.308484331870505,0.5236,0.5236,0.23399999999999999,0.0,0.45281110286712645,1.4728150177001953,0.0,0.0,-1.5707918088883162,0.6981362011283636,1.4728150177001953,9.940419654846192,2.2689280100166798,2.0,0.0,0.0,0.0,692.0,0.0
1788870569.4344194,1788870569.4335332,0.4370720088481903,1.5664374972693622,0.28698856286004343,0.5236,0.5236,0.23399999999999999,0.0,0.44177050471305845,1.470110993385315,0.0,0.0,-1.5707918088883162,0.6719562625512481,1.470110993385315,9.904392700195313,2.2427480714395642,2.0,0.0,0.0,0.0,691.0,0.0
1788870569.5039415,1788870569.5035334,0.4322730004787445,1.5664374972693622,0.2727126092428921,0.5236,0.5236,0.23399999999999999,0.0,0.43445650815963743,1.4685510206222534,0.0,0.0,-1.5707918088883162,0.6545029701665044,1.4685510206222534,9.881400566101075,2.2252947790548205,2.0,0.0,0.0,0.0,691.0,0.0
1788870569.561375,1788870569.5612097,0.4249893128871918,1.5664374972693622,0.2511889587228206,0.5236,0.5236,0.23399999999999999,0.0,0.4235364007949829,1.4665809679031372,0.0,0.0,-1.5707918088883162,0.6283230315893888,1.4665809679031372,9.8485941696167,2.199114840477705,2.0,0.0,0.0,0.0,690.0,0.0
1788870569.629456,1788870569.6293006,0.41760069131851196,1.5577108510769904,0.22952555923390164,0.5236,0.5236,0.23399999999999999,0.0,0.41267470598220823,1.4650510358810425,0.0,0.0,-1.5707918088883162,0.6021430930122733,1.4650510358810425,9.817653160095215,2.1729349019005895,2.0,0.0,0.0,0.0,689.0,0.0
1788870569.704576,1788870569.7044768,0.40989598631858826,1.5315309124998748,0.20817070121990103,0.5236,0.5236,0.23399999999999999,0.0,0.401845406293869,1.4639650392532348,0.0,0.0,-1.5707918088883162,0.5759631544351578,1.4639650392532348,9.788737754821778,2.146754963323474,2.0,0.0,0.0,0.0,688.0,0.0
1788870569.7765548,1788870569.7764447,0.40180090069770813,1.5053509739227593,0.19329247153641912,0.5236,0.5236,0.23399999999999999,0.0,0.39104060411453245,1.463320951461792,0.0,0.0,-1.5707918088883162,0.5541465389542282,1.463320951461792,9.959795455932618,2.1249383478425443,2.0,0.0,0.0,0.0,689.0,0.0
1788870569.830602,1788870569.8304842,0.39618921279907227,1.4878976815380156,0.17864925951488864,0.5236,0.5236,0.23399999999999999,0.0,0.38384238958358763,1.4631390380859375,0.0,0.0,-1.5707918088883162,0.5366932465694845,1.4631390380859375,9.9425883102417,2.1074850554578006,2.0,0.0,0.0,0.0,688.0,0.0
1788870569.9015555,1788870569.901394,0.38745129108428955,1.4617177429609,0.15657663761765467,0.5236,0.5236,0.23399999999999999,0.0,0.3730399119853973,1.4632350015640259,0.0,0.0,-1.5707918088883162,0.5105133079923689,1.4632350015640259,9.918410758972168,2.081305116880685,2.0,0.0,0.0,0.0,687.0,0.0
1788870569.9547424,1788870569.9545007,0.38141441345214844,1.4442644505761564,0.14182623065640593,0.4762485854082103,0.4762485854082103,0.23399999999999999,0.0,0.3658276903629303,1.4635469722747803,0.0,0.0,-1.5707918088883162,0.49306001560762525,1.4635469722747803,9.903433303833008,2.0638518244959414,2.0,0.0,0.0,0.0,687.0,0.0
1788870570.0279033,1788870570.0277815,0.3720496892929077,1.4180845119990408,0.11961172461798822,0.4108048387667568,0.4108048387667568,0.23399999999999999,0.0,0.35498679757118223,1.4643829870223999,0.0,0.0,-1.5707918088883162,0.4668800770305097,1.4643829870223999,9.882430534362793,2.037671885918826,2.0,0.0,0.0,0.0,687.0,0.0
1788870570.0840688,1788870570.0839536,0.3656019866466522,1.4006312196142972,0.10460403000635453,0.3575544788442612,0.3575544788442612,0.24050668074709838,0.0,0.3477367866039276,1.46518705368042,0.0,0.0,-1.5707918088883162,0.449426784645766,1.46518705368042,9.869646530151368,2.020218593534082,2.0,0.0,0.0,0.0,686.0,0.0
1788870570.1520457,1788870570.1518936,0.35616961121559143,1.3788146041333675,0.0874274303930765,0.3031037877337697,0.3031037877337697,0.2800239890396629,0.0,0.33742440819740294,1.4661149787902832,0.0,0.0,-1.5707918088883162,0.4276101691648364,1.4661149787902832,9.949845771789551,1.9984019780531526,2.0,0.0,0.0,0.0,686.0,0.0
1788870570.2269614,1788870570.2267969,0.34727299213409424,1.356997988652438,0.06782369377526352,0.24285621037672123,0.24285621037672123,0.3237483576333956,0.0,0.3279689061641693,1.4664089488983154,0.0,0.0,-1.5707918088883162,0.4057935536839068,1.4664089488983154,9.871006469726563,1.976585362572223,2.0,0.0,0.0,0.0,685.0,0.0
1788870570.3009944,1788870570.3008971,0.3380979001522064,1.3395446962676942,0.05424071105081477,0.19435605586684146,0.19435605586684146,0.35894709467265135,0.0,0.3184203016757965,1.4662060546875,0.0,0.0,-1.5707918088883162,0.3883402612991631,1.4662060546875,9.937257270812989,1.9591320701874793,2.0,0.0,0.0,0.0,685.0,0.0
1788870570.3764408,1788870570.376311,0.3284741938114166,1.3177280807867646,0.03999346016717156,0.14789216753451673,0.14789216753451673,0.3926680220337732,0.0,0.3085801112651825,1.4654170083999634,0.0,0.0,-1.5707918088883162,0.3708869689144194,1.4654170083999634,9.93886516571045,1.9416787778027356,2.0,0.0,0.0,0.0,684.0,0.0
1788870570.4329855,1788870570.432842,0.32165831327438354,1.3090014345943928,0.02747111482457688,0.10590294746740724,0.10590294746740724,0.4231414819755257,0.0,0.30169100642204283,1.4642909574508667,0.0,0.0,-1.5707918088883162,0.35779699962586164,1.4642909574508667,9.820269088745118,1.9285888085141778,2.0,0.0,0.0,0.0,683.0,0.0
1788870570.5033596,1788870570.5032272,0.3108693063259125,1.291548142209649,0.01731674803276335,0.07056039983361209,0.07056039983361209,0.4487911536730852,0.0,0.29086930632591246,1.4618940162658691,0.0,0.0,-1.5707918088883162,0.3447070303373039,1.4617240238189697,9.864734153747559,1.91549883922562,2.0,0.0,0.0,0.0,681.0,0.0
1788870570.5786989,1788870570.5785623,0.29940539598464966,1.2784581729210913,0.012022085916172803,0.04809759240231071,0.04809759240231071,0.46509342033445744,0.0,0.27940539598464964,1.4585590171813965,0.0,0.0,-1.5707918088883162,0.33598038414493203,1.4579820442199707,9.964332084655762,1.9067721930332482,2.0,0.0,0.0,0.0,680.0,0.0
1788870570.6332836,1788870570.6331718,0.2916504144668579,1.2740948498249054,0.003136827000501473,0.021455770201816517,0.021455770201816517,0.48442858541503003,0.0,0.2716504144668579,1.455682020187378,0.0,0.0,-1.5707918088883162,0.3272537379525602,1.4548109579086304,9.849324684143067,1.8980455468408763,2.0,0.0,0.0,0.0,678.0,0.0
1788870570.7029474,1788870570.7027726,0.2799420952796936,1.2653682036325336,-0.0054562380540568965,-0.005785242180542493,-0.005785242180542493,0.495801390319698,0.0,0.2599420952796936,1.4504049825668335,0.0,0.0,-1.5707918088883162,0.32289041485637426,1.0497599649429321,9.714848976135254,1.8936822237446904,2.0,0.0,0.0,0.0,678.0,4.0
1788870570.779662,1788870570.779547,0.2680306136608124,1.2610048805363476,-0.0027228437590516323,-0.007834742674438405,-0.007834742674438405,0.12,0.0,0.2480306136608124,1.4440860557556152,0.0,0.0,-1.5707918088883162,0.31852709176018834,1.4424760150909424,9.852401237487793,1.8893189006485045,2.0,0.0,1.0,0.0,677.0,5.0
1788870570.85247,1788870570.852371,0.2574918866157532,1.3439080193638802,-0.001512485802754946,-0.0057383910005026,-0.0057383910005026,0.12,0.0,0.2457209038734436,1.436853985786438,0.0,0.0,-1.5707918088883162,0.31852709176018834,1.4350880193710327,9.857921104431153,1.8893189006485045,2.0,0.0,1.0,0.0,677.0,8.0
1788870570.9294515,1788870570.9293294,0.2520228922367096,1.4878976815380156,0.004920030050682139,0.00929935001337721,0.00929935001337721,0.12,0.0,0.26065159916877745,1.4283699798583984,0.0,0.0,-1.5707918088883162,0.32289041485637426,1.4266569423675537,9.906692962646485,1.8936822237446904,2.0,0.0,1.0,0.0,678.0,13.0
1788870570.98801,1788870570.9879,0.25132858753204346,1.5620741741731763,0.004361918710456144,0.012560502915434927,0.012560502915434927,0.12,0.0,0.2683198857307434,1.4240319538116455,0.0,0.0,-1.5707918088883162,0.32289041485637426,1.422355990409851,9.855432014465332,1.8936822237446904,2.0,0.0,1.0,0.0,677.0,14.0
1788870571.0561452,1788870571.055889,0.25153809785842896,1.5664374972693622,0.004341703276369781,0.013493566213698788,0.013493566213698788,0.12,0.0,0.2690503108501434,1.42364595413208,0.0,0.0,-1.5707918088883162,0.32289041485637426,1.421972017288208,9.851278762817383,1.8936822237446904,2.0,0.0,1.0,0.0,677.0,14.0
1788870571.1299727,1788870571.1298342,0.2514233887195587,1.5664374972693622,0.004346473404249335,0.013784170289628148,0.013784170289628148,0.12,0.0,0.2689182865619659,1.4236930418014526,0.0,0.0,-1.5707918088883162,0.32289041485637426,1.422018985748291,9.851898651123047,1.8936822237446904,2.0,0.0,1.0,0.0,677.0,14.0
1788870571.205286,1788870571.2052026,0.25134798884391785,1.5664374972693622,0.004348272708676914,0.013875381954324735,0.013875381954324735,0.12,0.0,0.2688315916061401,1.4237329769134521,0.0,0.0,-1.5707918088883162,0.32289041485637426,1.42205904006958,9.852312545776368,1.8936822237446904,2.0,0.0,1.0,0.0,677.0,14.0
1788870571.2771306,1788870571.2770333,0.2513906955718994,1.5664374972693622,0.004350795223538093,0.01390839588702275,0.01390839588702275,0.12,0.0,0.2687791097164154,1.4237530040740967,0.0,0.0,-1.5707918088883162,0.32289041485637426,1.422078948020935,9.852594833374024,1.8936822237446904,2.0,0.0,1.0,0.0,677.0,14.0
1788870571.331279,1788870571.3311608,0.25257331132888794,1.5664374972693622,0.004439167245875269,0.01411625339686743,0.01411625339686743,0.12,0.0,0.2702225852012634,1.4229219961166382,0.0,0.0,-1.5707918088883162,0.32289041485637426,1.4212360191345215,9.850508193969727,1.8936822237446904,2.0,0.0,1.0,0.0,677.0,15.0
1788870571.4004834,1788870571.4003768,0.2556321918964386,1.5664374972693622,0.004636889886484685,0.014621509364785923,0.014621509364785923,0.48938851497590025,0.0,0.2736998903751373,1.420966010093689,0.0,0.0,-1.5707918088883162,0.32289041485637426,1.4192549991607666,9.84434555053711,1.8936822237446904,2.0,0.0,0.0,0.0,677.0,16.0
1788870571.4557562,1788870571.4556391,0.2577000856399536,1.5664374972693622,0.0047732529531940215,0.015078539424590386,0.015078539424590386,0.489056827766722,0.0,0.27604890942573546,1.4196500587463379,0.0,0.0,-1.5707918088883162,0.32289041485637426,1.4179199743270874,9.84052703857422,1.8936822237446904,2.0,0.0,0.0,0.0,677.0,16.0
1788870571.5282125,1788870571.52812,0.2607994079589844,1.5664374972693622,0.011474730637159982,0.030226958454615472,0.030226958454615472,0.47806294077014155,0.0,0.27956930875778196,1.4176779794692993,0.0,0.0,-1.5707918088883162,0.3272537379525602,1.4159209537506103,9.978411178588868,1.8980455468408763,2.0,0.0,0.0,0.0,678.0,17.0
1788870571.6033323,1788870571.6032195,0.26837998628616333,1.5664374972693622,0.012050583291239533,0.0360613941087612,0.0360613941087612,0.4738286291800434,0.0,0.2881656992435455,1.4128110218048096,0.0,0.0,-1.5707918088883162,0.3272537379525602,1.4109840202331543,9.967229347229004,1.8980455468408763,2.0,0.0,0.0,0.0,678.0,18.0
1788870571.6764336,1788870571.6763325,0.27986499667167664,1.5664374972693622,0.012820212409425432,0.03953569402974133,0.03953569402974133,0.4713071739279952,0.0,0.30118010520935057,1.4055210161209106,0.0,0.0,-1.5707918088883162,0.3272537379525602,1.4035960245132446,9.949538688659668,1.8980455468408763,2.0,0.0,0.0,0.0,678.0,12.0
1788870571.7312827,1788870571.731143,0.28724971413612366,1.5664374972693622,0.013934995357693998,0.043075097810156955,0.043075097810156955,0.46873846988567675,0.0,0.30942259311676024,1.4009489822387695,0.0,0.0,-1.5707918088883162,0.3272537379525602,1.3988669919967651,9.971936683654786,1.8980455468408763,2.0,0.0,0.0,0.0,678.0,12.0
1788870571.8014038,1788870571.8013191,0.2979244887828827,1.5664374972693622,0.010390728219195863,0.036197760554045826,0.036197760554045826,0.4737296619355664,0.0,0.3212288129329681,1.3944599437713623,0.0,0.0,-1.5707918088883162,0.32289041485637426,1.392093997001648,9.880657653808594,1.8936822237446904,2.0,0.0,0.0,0.0,678.0,13.0
1788870571.8541696,1788870571.8539772,0.30482301115989685,1.5664374972693622,0.012646602402346142,0.03918771754746911,0.03918771754746911,0.4715597160656259,0.0,0.3287986922264099,1.3903349447250366,0.0,0.0,-1.5707918088883162,0.32289041485637426,1.3877470302581787,9.92873332977295,1.8936822237446904,2.0,0.0,0.0,0.0,678.0,12.0
1788870571.9271543,1788870571.9270477,0.31488868594169617,1.5664374972693622,0.010235614427445682,0.03468409158171906,0.03468409158171906,0.4748281993868349,0.0,0.33976991057395933,1.3844129848480224,0.0,0.0,-1.5707918088883162,0.31852709176018834,1.3814420509338379,9.863372306823731,1.8893189006485045,2.0,0.0,0.0,0.0,678.0,13.0
1788870571.9815998,1788870571.9813335,0.321646511554718,1.5664374972693622,0.015508104344961499,0.04514338120722948,0.04514338120722948,0.4672374238755783,0.0,0.34717399954795836,1.3804219770431518,0.0,0.0,-1.5707918088883162,0.31852709176018834,1.3772129821777344,9.904176216125489,1.8893189006485045,2.0,0.0,0.0,0.0,678.0,7.0
1788870572.0527346,1788870572.0525773,0.33156660199165344,1.5664374972693622,0.022525722823398174,0.06400063348658076,0.06400063348658076,0.4535518702732989,0.0,0.35797749042510985,1.374637942314148,0.0,0.0,-1.5707918088883162,0.31852709176018834,1.3710460472106933,9.976479988098145,1.8893189006485045,2.0,0.0,0.0,0.0,679.0,7.0
1788870572.108844,1788870572.1087132,0.33818820118904114,1.5664374972693622,0.016346278927897587,0.05581585484446483,0.05581585484446483,0.45949193116711873,0.0,0.36521018624305723,1.370773057937622,0.0,0.0,-1.5707918088883162,0.3141637686640024,1.3669520425796509,9.862820129394532,1.8849555775523186,2.0,0.0,0.0,0.0,678.0,0.0
1788870572.1773505,1788870572.1772285,0.3476572036743164,1.5664374972693622,0.019662927217292108,0.06078971342007377,0.06078971342007377,0.45588217895410993,0.0,0.3753934907913208,1.3654249715805054,0.0,0.0,-1.5707918088883162,0.3141637686640024,1.3611370134353638,9.952577095031739,1.8849555775523186,2.0,0.0,0.0,0.0,678.0,7.0
1788870572.2308583,1788870572.2307053,0.35316789150238037,1.5664374972693622,0.017970656689709062,0.05849118501097044,0.05849118501097044,0.4575503240944065,0.0,0.3810932147502899,1.3625839757919311,0.0,0.0,-1.5707918088883162,0.3098004455678165,1.357830982208252,9.904586296081543,1.8805922544561327,2.0,0.0,0.0,0.0,678.0,0.0
1788870572.300515,1788870572.30042,0.36120229959487915,1.5664374972693622,0.019892368273268186,0.06210626043541188,0.06210626043541188,0.45492670174664535,0.0,0.3894390869140625,1.3558829832077026,0.0,0.0,-1.5707918088883162,0.3054371224716306,1.3530549812316894,9.888767700195313,1.8762289313599467,2.0,0.0,0.0,0.0,678.0,0.0
1788870572.3536181,1788870572.3534899,0.36635491251945496,1.5664374972693622,0.018324903213675345,0.05967966132925634,0.05967966132925634,0.45668779353491706,0.0,0.3947270917892456,1.3512120056152344,0.0,0.0,-1.5707918088883162,0.30107379937544465,1.3500369596481323,9.834975700378418,1.8718656082637608,2.0,0.0,0.0,0.0,678.0,0.0
1788870572.4261222,1788870572.4259644,0.37395480275154114,1.5664374972693622,0.017746344808191084,0.057655710769124936,0.057655710769124936,0.4581566652172126,0.0,0.40251259088516234,1.3443720149993896,0.0,0.0,-1.5707918088883162,0.29671047627925873,1.344076018333435,9.8255810546875,1.8675022851675749,2.0,0.0,0.0,0.0,678.0,0.0
1788870572.480479,1788870572.480359,0.3788209855556488,1.5664374972693622,0.016782821317012885,0.054890232980846346,0.054890232980846346,0.4601636964615706,0.0,0.4074308979511261,1.3400080013275146,0.0,0.0,-1.5707918088883162,0.29671047627925873,1.3395809936523437,9.932021598815918,1.8675022851675749,2.0,0.0,0.0,0.0,678.0,0.0
1788870572.5529788,1788870572.5527513,0.38600850105285645,1.5664374972693622,0.019037103094596566,0.05911018082615021,0.05911018082615021,0.4571010910734586,0.0,0.41469148874282835,1.333618025779724,0.0,0.0,-1.5707918088883162,0.2923471531830728,1.3329629707336426,9.928285102844239,1.863138962071389,2.0,0.0,0.0,0.0,678.0,0.0
1788870572.609704,1788870572.6095564,0.39074409008026123,1.5664374972693622,0.017822242721662603,0.0576548779443693,0.0576548779443693,0.4581572696354845,0.0,0.41947669863700865,1.3294410514831543,0.0,0.0,-1.5707918088883162,0.2879838300868869,1.328618984222412,9.867409210205079,1.858775638975203,2.0,0.0,0.0,0.0,678.0,0.0
1788870572.67665,1788870572.6765447,0.3977743983268738,1.5664374972693622,0.01750075501730205,0.05649815462206738,0.05649815462206738,0.45899675562187625,0.0,0.42658631086349486,1.3232849645614624,0.0,0.0,-1.5707918088883162,0.28362050699070096,1.3221800136566162,9.846903305053711,1.8544123158790171,2.0,0.0,0.0,0.0,678.0,0.0
1788870572.7306325,1788870572.7305262,0.402259886264801,1.5664374972693622,0.022222528531754975,0.06672791029775137,0.06672791029775137,0.45157256319108957,0.0,0.4310515034198761,1.3193820524215698,0.0,0.0,-1.5707918088883162,0.28362050699070096,1.3180589485168457,9.949882011413575,1.8544123158790171,2.0,0.0,0.0,0.0,679.0,0.0
1788870572.8010745,1788870572.8009887,0.4088495969772339,1.5664374972693622,0.018977442792515283,0.06252784494455964,0.06252784494455964,0.4546207389630774,0.0,0.43759299397468565,1.313696961402893,0.0,0.0,-1.5707918088883162,0.27925718389451504,1.31201003074646,9.940246086120606,1.8500489927828312,2.0,0.0,0.0,0.0,678.0,0.0
1788870572.8532112,1788870572.8531466,0.4131624102592468,1.5664374972693622,0.017943923364452972,0.058952741819742555,0.058952741819742555,0.4572153516205077,0.0,0.44186378598213194,1.3100080299377441,0.0,0.0,-1.5707918088883162,0.2748938607983291,1.30806396484375,9.876778106689454,1.8456856696866453,2.0,0.0,0.0,0.0,678.0,0.0
1788870572.9270227,1788870572.926779,0.4191407859325409,1.5664374972693622,0.017195939409120953,0.0562047268223537,0.0562047268223537,0.45920970933442623,0.0,0.44758168935775755,1.304962019920349,0.0,0.0,-1.5707918088883162,0.2705305377021432,1.3025380182266235,9.89515064239502,1.8413223465904593,2.0,0.0,0.0,0.0,678.0,0.0
1788870572.98134,1788870572.9812388,0.4230540096759796,1.5664374972693622,0.016171177568277267,0.053084855799647196,0.053084855799647196,0.4614739396412033,0.0,0.45132688760757445,1.3016990232467651,0.0,0.0,-1.5707918088883162,0.26616721460595727,1.2989359903335571,9.847032051086426,1.8369590234942734,2.0,0.0,0.0,0.0,678.0,0.0
1788870573.0519786,1788870573.0518477,0.4288601875305176,1.5664374972693622,0.01581068298205832,0.05134138661970479,0.05134138661970479,0.46273925340815925,0.0,0.4568986105918884,1.2969070482254028,0.0,0.0,-1.5707918088883162,0.26180389150977135,1.2936210441589355,9.846385459899903,1.8325957003980875,2.0,0.0,0.0,0.0,678.0,0.0
1788870573.107476,1788870573.1073673,0.4327112138271332,1.5664374972693622,0.020438957938082123,0.061185681767215394,0.061185681767215394,0.4555948069680255,0.0,0.46061749339103697,1.2937550354003906,0.0,0.0,-1.5707918088883162,0.26180389150977135,1.2901240396499634,9.947638969421387,1.8325957003980875,2.0,0.0,0.0,0.0,679.0,0.0
1788870573.177681,1788870573.1775548,0.43843910098075867,1.5664374972693622,0.016535356388016585,0.055394902839321775,0.055394902839321775,0.45979743491416675,0.0,0.47667629599571226,1.289103012084961,0.0,0.0,-1.5707918088883162,0.2574405684135854,1.2849440383911133,9.92366455078125,1.8282323773019016,2.0,0.0,0.0,0.0,678.0,0.0
1788870573.231129,1788870573.2309823,0.442209392786026,1.5664374972693622,0.016640193276007298,0.053892503790052886,0.053892503790052886,0.46088779327689056,0.0,0.4878362226486206,1.2860660362243652,0.0,0.0,-1.5707918088883162,0.2530772453173995,1.281556944847107,9.846950035095215,1.8238690542057157,2.0,0.0,0.0,0.0,678.0,0.0
1788870573.300169,1788870573.300076,0.4474130868911743,1.5664374972693622,0.016171481986002982,0.05239187078566254,0.05239187078566254,0.46197686994165055,0.0,0.5036173272132873,1.2819930124282837,0.0,0.0,-1.5707918088883162,0.24871392222121358,1.2768260049819946,9.847568969726563,1.8195057311095297,2.0,0.0,0.0,0.0,678.0,0.0
1788870573.3528385,1788870573.3527486,0.4508509933948517,1.5664374972693622,0.02010593500194161,0.06075485564004797,0.06075485564004797,0.45590747680821575,0.0,0.5141064929962158,1.27932701587677,0.0,0.0,-1.5707918088883162,0.24871392222121358,1.2737350273132324,9.951559524536133,1.8195057311095297,2.0,0.0,0.0,0.0,679.0,0.0
1788870573.4262705,1788870573.426204,0.4573060870170593,1.5664374972693622,0.019829335206706135,0.06264416755503613,0.06264416755503613,0.45453631842835424,0.0,0.5296777892112732,1.2754380512237549,0.0,0.0,-1.5707918088883162,0.24435059912502766,1.269193034172058,9.932346801757813,1.8151424080133438,2.0,0.0,0.0,0.0,679.0,1.0
1788870573.4817395,1788870573.481398,0.46650248765945435,1.5664374972693622,0.016008944646289144,0.05465328627419852,0.05465328627419852,0.460335659312079,0.0,0.5399526762962341,1.2729199934005737,0.0,0.0,-1.5707918088883162,0.23998727602884173,1.2662390279769897,9.858350257873536,1.8107790849171579,2.0,0.0,0.0,0.0,678.0,0.0
1788870573.5523813,1788870573.552237,0.4797374904155731,1.5664374972693622,0.015344485411893266,0.05076763320490048,0.05076763320490048,0.46315565199033193,0.0,0.5544869112968445,1.269607048034668,0.0,0.0,-1.5707918088883162,0.2356239529326558,1.2621420431137085,9.86160800933838,1.806415761820972,2.0,0.0,0.0,0.0,678.0,0.0
1788870573.6062899,1788870573.6061502,0.4882914125919342,1.5664374972693622,0.018831317770257084,0.05741244176684601,0.05741244176684601,0.45833321644117364,0.0,0.5637711095809936,1.2676360416412353,0.0,0.0,-1.5707918088883162,0.2356239529326558,1.2595920372009277,9.965884666442872,1.806415761820972,2.0,0.0,0.0,0.0,679.0,0.0
1788870573.6777694,1788870573.6776679,0.501254677772522,1.5664374972693622,0.018410347140257008,0.05846291012422951,0.05846291012422951,0.45757084444765617,0.0,0.5779685187339783,1.2645920324325561,0.0,0.0,-1.5707918088883162,0.2312606298364699,1.2557539749145508,9.951240997314454,1.802052438724786,2.0,0.0,0.0,0.0,679.0,0.0
1788870573.7322755,1788870573.7321837,0.50993812084198,1.5664374972693622,0.014707234222216729,0.05048307769503433,0.05048307769503433,0.4633621666842761,0.0,0.5875273752212524,1.262539963722229,0.0,0.0,-1.5707918088883162,0.22689730674028397,1.25319598197937,9.883762817382813,1.7976891156286001,2.0,0.0,0.0,0.0,678.0,0.0
1788870573.8010316,1788870573.8009496,0.5224959850311279,1.5664374972693622,0.01449917216428606,0.047623068956511076,0.047623068956511076,0.46543780327831513,0.0,0.6011376190185547,1.2598659801483154,0.0,0.0,-1.5707918088883162,0.22253398364409804,1.2496579694747925,9.871807556152344,1.7933257925324142,2.0,0.0,0.0,0.0,678.0,0.0
1788870573.8525217,1788870573.8523889,0.5306463241577148,1.5664374972693622,0.01787682545153371,0.05433100969838883,0.05433100969838883,0.4605695498751189,0.0,0.6098825740814209,1.258285026550293,0.0,0.0,-1.5707918088883162,0.22253398364409804,1.2474469947814941,9.964639167785645,1.7933257925324142,2.0,0.0,0.0,0.0,679.0,0.0
1788870573.9261203,1788870573.926027,0.5430427193641663,1.5664374972693622,0.01764245824741018,0.055818409383715455,0.055818409383715455,0.4594900772234303,0.0,0.6233364748954773,1.2557840156555176,0.0,0.0,-1.5707918088883162,0.21817066054791212,1.2441010284423828,9.93702075958252,1.7889624694362283,2.0,0.0,0.0,0.0,679.0,0.0
1788870573.982242,1788870573.982117,0.5515757203102112,1.5664374972693622,0.017510981217895173,0.055970120743199826,0.055970120743199826,0.4593799734866006,0.0,0.6326330709457397,1.2540590572357178,0.0,0.0,-1.5707918088883162,0.2138073374517262,1.2418169784545898,9.864848594665528,1.7845991463400424,2.0,0.0,0.0,0.0,679.0,1.0
1788870574.0535185,1788870574.0533779,0.563783586025238,1.5664374972693622,0.017048961506764895,0.05498070999811331,0.05498070999811331,0.46009803323284365,0.0,0.6457087206840515,1.2519299793243408,0.0,0.0,-1.5707918088883162,0.20944401435554028,1.2387339878082275,9.847128372192383,1.7802358232438564,2.0,0.0,0.0,0.0,679.0,1.0
1788870574.1072795,1788870574.1071832,0.571536123752594,1.5664374972693622,0.016956196141263508,0.05447609235586425,0.05447609235586425,0.46046425688459053,0.0,0.6539199161529541,1.2507489728927612,0.0,0.0,-1.5707918088883162,0.20944401435554028,1.2368739652633667,9.936418991088868,1.7802358232438564,2.0,0.0,0.0,0.0,679.0,0.0
1788870574.1767135,1788870574.1765714,0.5829501152038574,1.5664374972693622,0.016209430578301324,0.05265195220215424,0.05265195220215424,0.46178811719476964,0.0,0.6659468817710876,1.249171953201294,0.0,0.0,-1.5707918088883162,0.20508069125935435,1.2342469501495361,9.92601058959961,1.7758725001476705,2.0,0.0,0.0,0.0,679.0,0.0
1788870574.2500207,1788870574.2498844,0.5941889882087708,1.5664374972693622,0.01515273353675364,0.04973770878297443,0.04973770878297443,0.4639031143286282,0.0,0.6777518796920776,1.2477710056304931,0.0,0.0,-1.5707918088883162,0.20071736816316843,1.2317750263214111,9.912570457458497,1.7715091770514846,2.0,0.0,0.0,0.0,679.0,0.0
1788870574.3022084,1788870574.3021302,0.6015776991844177,1.5664374972693622,0.014752627295378023,0.0479671977765391,0.0479671977765391,0.4651880535617172,0.0,0.6854858803749084,1.2469440507888794,0.0,0.0,-1.5707918088883162,0.1963540450669825,1.2302249479293823,9.853691558837891,1.7671458539552987,2.0,0.0,0.0,0.0,679.0,1.0
1788870574.377077,1788870574.3769221,0.6125540733337402,1.5664374972693622,0.0141252129017259,0.04603063623282775,0.04603063623282775,0.4665935031159768,0.0,0.6969659733772278,1.2458159732818603,0.0,0.0,-1.5707918088883162,0.19199072197079659,1.228005986213684,9.83427474975586,1.7627825308591127,2.0,0.0,0.0,0.0,679.0,1.0
1788870574.4337144,1788870574.4336035,0.6198673844337463,1.5664374972693622,0.013980294622685999,0.04512505082466497,0.04512505082466497,0.4672507270562019,0.0,0.7046487736701965,1.2450799751281738,0.0,0.0,-1.5707918088883162,0.19199072197079659,1.2265740442276,9.912943344116211,1.7627825308591127,2.0,0.0,0.0,0.0,679.0,0.0
1788870574.5051677,1788870574.5050733,0.6310834288597107,1.5664374972693622,0.013559898998874378,0.0439116890048781,0.0439116890048781,0.4681313181400808,0.0,0.7164268898963928,1.2440260457992554,0.0,0.0,-1.5707918088883162,0.18762739887461066,1.2244430589675903,9.881872634887696,1.7584192077629268,2.0,0.0,0.0,0.0,679.0,0.0
1788870574.583835,1788870574.5836878,0.642486572265625,1.5664374972693622,0.013525733768191895,0.04347115034221327,0.04347115034221327,0.46845103680282457,0.0,0.7284220266342163,1.2430360126495361,0.0,0.0,-1.5707918088883162,0.18326407577842474,1.2223770427703857,9.8452982711792,1.754055884666741,2.0,0.0,0.0,0.0,679.0,1.0
1788870574.665474,1788870574.6651134,0.6537612080574036,1.5664374972693622,0.016956298424536564,0.05102345357362589,0.05102345357362589,0.46296999167689484,0.0,0.740259211063385,1.2421870040893555,0.0,0.0,-1.5707918088883162,0.18326407577842474,1.220447998046875,9.956485252380372,1.754055884666741,2.0,0.0,0.0,0.0,680.0,1.0
1788870574.7336655,1788870574.733485,0.6648991703987122,1.5664374972693622,0.017150307956861663,0.05372372589545789,0.05372372589545789,0.46101028296357144,0.0,0.7519343900680542,1.2414719867706299,0.0,0.0,-1.5707918088883162,0.17890075268223882,1.2186529445648193,9.912444572448731,1.749692561570555,2.0,0.0,0.0,0.0,680.0,1.0
1788870574.8051715,1788870574.8050663,0.6758735179901123,1.5664374972693622,0.010320042509450369,0.039234012989806194,0.039234012989806194,0.4715261173870772,0.0,0.7634010124206543,1.2409269618988037,0.0,0.0,-1.5707918088883162,0.1745374295860529,1.2170120286941528,9.86693904876709,1.745329238474369,2.0,0.0,0.0,0.0,679.0,0.0
1788870574.8830233,1788870574.8828437,0.685888409614563,1.5664374972693622,0.009492814812572139,0.03303410907710345,0.03303410907710345,0.47602566568124655,0.0,0.7735708165168762,1.240977029800415,0.0,0.0,-1.5707918088883162,0.17017410648986697,1.2157920408248901,9.843673210144043,1.7409659153781831,2.0,0.0,0.0,0.0,679.0,1.0
1788870574.9569669,1788870574.956767,0.6953374147415161,1.5664374972693622,0.008486642677827137,0.02892031232146382,0.02892031232146382,0.4790112324634143,0.0,0.7829844164848327,1.2414330053329468,0.0,0.0,-1.5707918088883162,0.16581078339368105,1.2148699569702148,9.830979804992676,1.7366025922819972,2.0,0.0,0.0,0.0,679.0,1.0
1788870575.0318446,1788870575.0317118,0.7057245969772339,1.5664374972693622,0.015492757052476703,0.043379869493986964,0.043379869493986964,0.4685172834077253,0.0,0.7938145804405212,1.2413029479980469,0.0,0.0,-1.5707918088883162,0.16581078339368105,1.2136790561676025,9.924953918457032,1.7366025922819972,2.0,0.0,0.0,0.0,680.0,1.0
1788870575.1071239,1788870575.106961,0.7165148258209229,1.5664374972693622,0.009915202539623271,0.035224014536952224,0.035224014536952224,0.47443635308624554,0.0,0.8052567052841186,1.2402790594100952,0.0,0.0,-1.5707918088883162,0.16144746029749513,1.2123969602584839,9.840705375671387,1.7322392691858113,2.0,0.0,0.0,0.0,679.0,1.0
1788870575.1819525,1788870575.1818361,0.7274206280708313,1.5664374972693622,0.0143381753830373,0.04268471721908922,0.04268471721908922,0.46902178658660443,0.0,0.8169348049163818,1.2391320276260376,0.0,0.0,-1.5707918088883162,0.16144746029749513,1.2111019897460937,9.896565895080567,1.7322392691858113,2.0,0.0,0.0,0.0,680.0,1.0
1788870575.2564926,1788870575.256377,0.7374042868614197,1.5664374972693622,0.011528551285187661,0.03862937004454713,0.03862937004454713,0.4719649338866923,0.0,0.8271015095710754,1.2389060068130493,0.0,0.0,-1.5707918088883162,0.1570841372013092,1.2103320169448852,9.850272636413575,1.7278759460896254,2.0,0.0,0.0,0.0,679.0,0.0
1788870575.354026,1788870575.3537278,0.7476177215576172,1.5664374972693622,0.015068582076249615,0.045342434864163284,0.045342434864163284,0.4670929617105003,0.0,0.8377380776405334,1.2384500312805176,0.0,0.0,-1.5707918088883162,0.1570841372013092,1.2095160293579101,9.9334330368042,1.7278759460896254,2.0,0.0,0.0,0.0,680.0,1.0
1788870575.4385843,1788870575.4383776,0.7572898864746094,1.5664374972693622,0.01493039831725111,0.04704682268989147,0.04704682268989147,0.46585601103483815,0.0,0.8475134778022766,1.2385530281066894,0.0,0.0,-1.5707918088883162,0.15272081410512328,1.209038953781128,9.885194282531739,1.7235126229934394,2.0,0.0,0.0,0.0,680.0,1.0
1788870575.5060966,1788870575.5059638,0.7669817805290222,1.5664374972693622,0.011987181681165781,0.04096533377277879,0.04096533377277879,0.47026962025657765,0.0,0.857395212650299,1.2386439847946167,0.0,0.0,-1.5707918088883162,0.14835749100893736,1.2086250591278076,9.823769073486329,1.7191492998972535,2.0,0.0,0.0,0.0,679.0,1.0
1788870575.585131,1788870575.585022,0.7792348861694336,1.5664374972693622,0.011324953316658632,0.037657495561148974,0.037657495561148974,0.47267026678144264,0.0,0.8695366191864013,1.2394660520553589,0.0,0.0,-1.5707918088883162,0.14399416791275144,1.2083680438995361,9.824601631164551,1.7147859768010676,2.0,0.0,0.0,0.0,679.0,1.0
1788870575.6604567,1788870575.6603408,0.7880396842956543,1.5664374972693622,0.010556142285608465,0.034943007388107655,0.034943007388107655,0.47464029257547574,0.0,0.8773590731620788,1.2405069875717163,0.0,0.0,-1.5707918088883162,0.1396308448165655,1.2079850244522095,9.797172050476075,1.7104226537048817,2.0,0.0,0.0,0.0,679.0,1.0
1788870575.730501,1788870575.7303526,0.7940291166305542,1.5664374972693622,0.013169581997399156,0.03998276589060641,0.03998276589060641,0.4709827138303468,0.0,0.8820246267318725,1.2410729932785034,0.0,0.0,-1.5707918088883162,0.1396308448165655,1.2077120351791382,9.881185035705567,1.7104226537048817,2.0,0.0,0.0,0.0,680.0,1.0
1788870575.8012416,1788870575.8011706,0.8060426115989685,1.5664374972693622,0.013069857298931753,0.041271310116789056,0.041271310116789056,0.4700475595027123,0.0,0.8914900827407837,1.2421749639511108,0.0,0.0,-1.5707918088883162,0.1352675217203796,1.2072330522537231,9.85831211090088,1.7060593306086957,2.0,0.0,0.0,0.0,680.0,2.0
1788870575.8567488,1788870575.855905,0.8120518922805786,1.5664374972693622,0.01313653313912422,0.04180722726667496,0.04180722726667496,0.4696586203946973,0.0,0.8962685871124267,1.2427220153808594,0.0,0.0,-1.5707918088883162,0.1352675217203796,1.2070259857177734,9.95569465637207,1.7060593306086957,2.0,0.0,0.0,0.0,680.0,1.0
1788870575.9269898,1788870575.9268966,0.8207300901412964,1.5664374972693622,0.012758322354120992,0.04112081025323351,0.04112081025323351,0.4701567840026189,0.0,0.902951877117157,1.2439169692993164,0.0,0.0,-1.5707918088883162,0.13090419862419367,1.2069469499588013,9.886781196594239,1.7016960075125098,2.0,0.0,0.0,0.0,680.0,2.0
1788870575.9837797,1788870575.9836612,0.8263416290283203,1.5664374972693622,0.009609285452525816,0.03386104248962788,0.03386104248962788,0.4754255230212785,0.0,0.9071715879440307,1.244909029006958,0.0,0.0,-1.5707918088883162,0.12654087552800775,1.2070270586013794,9.771187286376954,1.697332684416324,2.0,0.0,0.0,0.0,679.0,1.0
1788870576.0546765,1788870576.0545964,0.834590494632721,1.5664374972693622,0.011621972063439167,0.0361915301689921,0.0361915301689921,0.47373418360539155,0.0,0.9132948923110962,1.2465890455245972,0.0,0.0,-1.5707918088883162,0.12654087552800775,1.2072889614105224,9.959204177856446,1.697332684416324,2.0,0.0,0.0,0.0,680.0,1.0
1788870576.127913,1788870576.127844,0.842696487903595,1.5664374972693622,0.011110519158602533,0.03574502196596731,0.03574502196596731,0.47405823463126895,0.0,0.9192638802528381,1.2484340476989746,0.0,0.0,-1.5707918088883162,0.12217755243182182,1.2076979684829712,9.905385475158692,1.692969361320138,2.0,0.0,0.0,0.0,680.0,2.0
1788870576.2018814,1788870576.201768,0.8505858778953552,1.5664374972693622,0.00865880701172444,0.03011923429605294,0.03011923429605294,0.47814112102272704,0.0,0.9256871151924133,1.249989013671875,0.0,0.0,-1.5707918088883162,0.1178142293356359,1.2080490398406982,9.809317092895508,1.688606038223952,2.0,0.0,0.0,0.0,679.0,1.0
1788870576.2753446,1788870576.2752492,0.8571047782897949,1.5664374972693622,0.010842375114678436,0.03332269054569558,0.03332269054569558,0.47581622916851735,0.0,0.9317990946769714,1.2518130350112915,0.0,0.0,-1.5707918088883162,0.1178142293356359,1.208571057319641,9.96921298980713,1.688606038223952,2.0,0.0,0.0,0.0,680.0,2.0
1788870576.3268933,1788870576.3268118,0.8613883852958679,1.5664374972693622,0.0083769032547005,0.028761070454237793,0.028761070454237793,0.4791268014274057,0.0,0.9358075070381164,1.2531000185012817,0.0,0.0,-1.5707918088883162,0.11345090623944998,1.2089799451828003,9.828521232604981,1.6842427151277661,2.0,0.0,0.0,0.0,679.0,1.0
1788870576.3997478,1788870576.3996727,0.8679391145706177,1.5664374972693622,0.011219765516333764,0.03376059589285897,0.03376059589285897,0.47549842162091976,0.0,0.9420950818061828,1.2548500108718872,0.0,0.0,-1.5707918088883162,0.11345090623944998,1.2095809984207153,9.960116844177247,1.6842427151277661,2.0,0.0,0.0,0.0,680.0,2.0
1788870576.4513745,1788870576.4512813,0.872165322303772,1.5664374972693622,0.008877767709138921,0.030014378436328877,0.030014378436328877,0.4782172196222212,0.0,0.9460723209381103,1.2561980295181274,0.0,0.0,-1.5707918088883162,0.10908758314326406,1.2100859689712524,9.810342292785645,1.6798793920315802,2.0,0.0,0.0,0.0,679.0,1.0
1788870576.5284054,1788870576.528167,0.8785960078239441,1.5664374972693622,0.008812374967266052,0.02874403345757462,0.02874403345757462,0.47913916593988093,0.0,0.952257673740387,1.2580770063400268,0.0,0.0,-1.5707918088883162,0.10908758314326406,1.2108319807052612,9.933998565673829,1.6798793920315802,2.0,0.0,0.0,0.0,679.0,1.0
1788870576.6050296,1788870576.6048455,0.8847206830978394,1.5664374972693622,0.009406315711975548,0.029693357232097612,0.029693357232097612,0.4784501991058115,0.0,0.9579666066169739,1.2582210111618042,0.0,0.0,-1.5707918088883162,0.10472426004707813,1.2118040132522583,9.833499412536622,1.6755160689353943,2.0,0.0,0.0,0.0,679.0,1.0
1788870576.6815934,1788870576.6805732,0.8908898830413818,1.5664374972693622,0.009072824099507028,0.029231133152525027,0.029231133152525027,0.4787856558480529,0.0,0.9638259220123291,1.253398995399475,0.0,0.0,-1.5707918088883162,0.10472426004707813,1.2128100204467773,9.963803749084473,1.6755160689353943,2.0,0.0,0.0,0.0,679.0,1.0
1788870576.7546654,1788870576.75448,0.8970068097114563,1.5664374972693622,0.01004662230909517,0.03127377391813069,0.03127377391813069,0.4773032198455125,0.0,0.9696522760391235,1.2486439752578735,0.0,0.0,-1.5707918088883162,0.10036093695089221,1.2139049577713013,9.834446411132813,1.6711527458392084,2.0,0.0,0.0,0.0,679.0,2.0
1788870576.830607,1788870576.830458,0.9029659032821655,1.5664374972693622,0.00995509489423347,0.03168154473852218,0.03168154473852218,0.4770072822753277,0.0,0.975263397693634,1.2440490531921387,0.0,0.0,-1.5707918088883162,0.10036093695089221,1.2151499795913696,9.966838340759278,1.6711527458392084,2.0,0.0,0.0,0.0,679.0,1.0
1788870576.8879907,1788870576.8878589,0.9068915843963623,1.5664374972693622,0.010878685137046696,0.03387271812854125,0.03387271812854125,0.4754170494865438,0.0,0.9789575743675232,1.2410399723052978,0.0,0.0,-1.5707918088883162,0.09599761385470629,1.216042022705078,9.79761646270752,1.6667894227430224,2.0,0.0,0.0,0.0,679.0,2.0
1788870576.954107,1788870576.9540293,0.9126049876213074,1.5664374972693622,0.0103883935008626,0.033431816880494604,0.033431816880494604,0.4757370312937587,0.0,0.984241943359375,1.2367009925842285,0.0,0.0,-1.5707918088883162,0.09599761385470629,1.2175329732894897,9.93910930633545,1.6667894227430224,2.0,0.0,0.0,0.0,679.0,1.0
1788870577.032651,1788870577.0325198,0.9163181781768799,1.5664374972693622,0.008464566543421386,0.028990174121412284,0.028990174121412284,0.47896053062235167,0.0,0.9876359510421753,1.2339080381393432,0.0,0.0,-1.5707918088883162,0.09163429075852036,1.2186200428009033,9.780877571105957,1.6624260996468365,2.0,0.0,0.0,0.0,678.0,0.0
1788870577.0952384,1788870577.0951428,0.9217159748077393,1.5664374972693622,0.010298442289880864,0.031765562965756826,0.031765562965756826,0.47694630648016123,0.0,0.9924820470809936,1.229897003173828,0.0,0.0,-1.5707918088883162,0.09163429075852036,1.220412950515747,9.93959758758545,1.6624260996468365,2.0,0.0,0.0,0.0,679.0,1.0
1788870577.1652858,1788870577.1650567,0.9269753098487854,1.5664374972693622,0.011144817950303549,0.034494061098407,0.034494061098407,0.4749661130301859,0.0,0.9971600580215454,1.2260390329360962,0.0,0.0,-1.5707918088883162,0.08727096766233444,1.2161619472503662,9.841641883850098,1.6580627765506506,2.0,0.0,0.0,0.0,679.0,1.0
1788870577.239867,1788870577.2397292,0.93056321144104,1.5664374972693622,0.010748339542907659,0.03442449890563525,0.03442449890563525,0.47501659743288505,0.0,1.0004650163650513,1.223399977684021,0.0,0.0,-1.5707918088883162,0.08727096766233444,1.213219027519226,9.930778007507325,1.6580627765506506,2.0,0.0,0.0,0.0,679.0,1.0
1788870577.3286474,1788870577.328554,0.9357010722160339,1.5664374972693622,0.008731585928821426,0.02988610215225057,0.02988610215225057,0.47831031547392056,0.0,1.0050359773635864,1.2196899461746216,0.0,0.0,-1.5707918088883162,0.08290764456614852,1.2089949655532837,9.825322608947754,1.6536994534544647,2.0,0.0,0.0,0.0,678.0,0.0
1788870577.3998094,1788870577.3997092,0.9422100782394409,1.5664374972693622,0.008333719327333126,0.027633361938901375,0.027633361938901375,0.47994523006726025,0.0,1.0106520462036133,1.2151059913635254,0.0,0.0,-1.5707918088883162,0.0785443214699626,1.2036490249633789,9.791674118041993,1.6493361303582788,2.0,0.0,0.0,0.0,678.0,0.0
1788870577.475321,1788870577.4746876,0.9469444751739502,1.5664374972693622,0.009395093881185708,0.0293350188755264,0.0293350188755264,0.4787102613202826,0.0,1.0146909761428833,1.2118379878997803,0.0,0.0,-1.5707918088883162,0.0785443214699626,1.1997959423065185,9.966722946166993,1.6493361303582788,2.0,0.0,0.0,0.0,679.0,0.0
1788870577.553864,1788870577.5537343,0.9517794251441956,1.5664374972693622,0.005260212621402366,0.020583381934599222,0.020583381934599222,0.4850617167013986,0.0,1.018990020751953,1.208484034538269,0.0,0.0,-1.5707918088883162,0.07418099837377667,1.195927004814148,9.844635467529297,1.6449728072620928,2.0,0.0,0.0,0.0,678.0,0.0
1788870577.6173708,1788870577.6172733,0.9566171169281006,1.5664374972693622,0.009487277722793666,0.027426516679437574,0.027426516679437574,0.4800953469476962,0.0,1.0233529615402222,1.2051369953155517,0.0,0.0,-1.5707918088883162,0.07418099837377667,1.1920939493179321,9.968774299621582,1.6449728072620928,2.0,0.0,0.0,0.0,679.0,0.0
1788870577.6791573,1788870577.6790628,0.9612808227539062,1.5664374972693622,0.005152544631875903,0.0197696549792333,0.0197696549792333,0.4856522748431844,0.0,1.027469973564148,1.201977949142456,0.0,0.0,-1.5707918088883162,0.06981767527759075,1.1884200382232666,9.852364044189454,1.640609484165907,2.0,0.0,0.0,0.0,678.0,0.0
1788870577.7525976,1788870577.7525282,0.9662482142448425,1.5664374972693622,0.005874502027187208,0.019089781034669337,0.019089781034669337,0.4861456898526082,0.0,1.0321990060806274,1.198508005142212,0.0,0.0,-1.5707918088883162,0.06981767527759075,1.1845899629592895,9.925107460021973,1.640609484165907,2.0,0.0,0.0,0.0,678.0,0.0
1788870577.8290951,1788870577.8289936,0.9708483815193176,1.5664374972693622,0.006511621950506306,0.020312967479534927,0.020312967479534927,0.4852579685977401,0.0,1.0363089847564697,1.195427041053772,0.0,0.0,-1.5707918088883162,0.06545435218140483,1.18101797580719,9.799499015808106,1.636246161069721,2.0,0.0,0.0,0.0,678.0,0.0
1788870577.9042163,1788870577.9040997,0.9756743907928467,1.5664374972693622,0.00702666271736778,0.021833614730764308,0.021833614730764308,0.4841543666965423,0.0,1.0408940124511719,1.1921069431304931,0.0,0.0,-1.5707918088883162,0.06545435218140483,1.1773459720611572,9.866096000671387,1.636246161069721,2.0,0.0,0.0,0.0,678.0,0.0
1788870577.9610524,1788870577.960929,0.978888213634491,1.5664374972693622,0.00727872326100322,0.022854424523876506,0.022854424523876506,0.48341351925310716,0.0,1.043966989517212,1.1898979949951172,0.0,0.0,-1.5707918088883162,0.06545435218140483,1.1749139833450317,9.906433563232422,1.636246161069721,2.0,0.0,0.0,0.0,678.0,0.0
1788870578.0288866,1788870578.028744,0.9835929870605469,1.5664374972693622,0.007519716013806138,0.0237004912280887,0.0237004912280887,0.4827994907053596,0.0,1.048403959274292,1.1867070007324219,0.0,0.0,-1.5707918088883162,0.06545435218140483,1.1713529634475708,9.975963096618653,1.636246161069721,2.0,0.0,0.0,0.0,678.0,0.0
1788870578.0844512,1788870578.0842896,0.9866310954093933,1.5664374972693622,0.008857833484356275,0.02695169437338467,0.02695169437338467,0.4804399467878415,0.0,1.0512120532989502,1.1846869993209839,0.0,0.0,-1.5707918088883162,0.061091029085218906,1.169067006111145,9.795316200256348,1.631882837973535,2.0,0.0,0.0,0.0,678.0,0.0
1788870578.154504,1788870578.1543882,0.9910739064216614,1.5664374972693622,0.00853175374200623,0.027196636694109357,0.027196636694109357,0.48026218116164715,0.0,1.0552630233764648,1.1817799615859985,0.0,0.0,-1.5707918088883162,0.061091029085218906,1.1657210397720337,9.880012969970704,1.631882837973535,2.0,0.0,0.0,0.0,678.0,0.0
1788870578.2276053,1788870578.2275045,0.9954009056091309,1.5664374972693622,0.00820240398663103,0.026532375938286314,0.026532375938286314,0.48074426497985334,0.0,1.0591629552841186,1.1785290050506592,0.0,0.0,-1.5707918088883162,0.061091029085218906,1.1624970245361328,9.971121292114258,1.631882837973535,2.0,0.0,0.0,0.0,678.0,0.0
1788870578.3036854,1788870578.3035903,0.9994978904724121,1.5664374972693622,0.00882425547027656,0.02772604503490539,0.02772604503490539,0.4798779657882658,0.0,1.062703948020935,1.175114016532898,0.0,0.0,-1.5707918088883162,0.056727705989032984,1.1594439554214477,9.843365173339844,1.6275195148773491,2.0,0.0,0.0,0.0,678.0,0.0
1788870578.3770208,1788870578.3768868,1.0034669637680054,1.5664374972693622,0.007767799513449494,0.02571768442059848,0.02571768442059848,0.4813355231477704,0.0,1.0660799551010132,1.1718389797210693,0.0,0.0,-1.5707918088883162,0.056727705989032984,1.156516056060791,9.957843284606934,1.6275195148773491,2.0,0.0,0.0,0.0,678.0,0.0
1788870578.4354067,1788870578.4352784,1.0060720443725586,1.5664374972693622,0.006855879537748126,0.023072475490735347,0.023072475490735347,0.48325526988831274,0.0,1.0682960557937622,1.1697029876708984,0.0,0.0,-1.5707918088883162,0.05236438289284706,1.154615979194641,9.794084053039551,1.6231561917811632,2.0,0.0,0.0,0.0,677.0,0.0
1788870578.503754,1788870578.503617,1.009863018989563,1.5664374972693622,0.0075996412272782456,0.023944938996323877,0.023944938996323877,0.48262208399808426,0.0,1.071459035873413,1.166627984046936,0.0,0.0,-1.5707918088883162,0.05236438289284706,1.1518649864196777,9.911057929992676,1.6231561917811632,2.0,0.0,0.0,0.0,678.0,0.0
1788870578.579791,1788870578.5796595,1.0136369466781616,1.5664374972693622,0.0060902944675021616,0.020825741306102003,0.020825741306102003,0.4848858256372827,0.0,1.0746630239486694,1.1635750341415405,0.0,0.0,-1.5707918088883162,0.04800105979666114,1.14913104057312,9.779315452575684,1.6187928686849773,2.0,0.0,0.0,0.0,677.0,0.0
1788870578.6539023,1788870578.653793,1.0174390077590942,1.5664374972693622,0.005303650843708262,0.018127900281737108,0.018127900281737108,0.4868437698490067,0.0,1.077983956336975,1.1604900169372558,0.0,0.0,-1.5707918088883162,0.04800105979666114,1.1456279563903808,9.870951156616211,1.6187928686849773,2.0,0.0,0.0,0.0,677.0,0.0
1788870578.7326,1788870578.732467,1.0199040174484253,1.5664374972693622,0.006744712999524725,0.020546527203456517,0.020546527203456517,0.48508846383248,0.0,1.0800969409942627,1.1585119771957397,0.0,0.0,-1.5707918088883162,0.04800105979666114,1.1433620262145996,9.937575798034668,1.6187928686849773,2.0,0.0,0.0,0.0,678.0,1.0
1788870578.8035452,1788870578.8034382,1.0236140489578247,1.5664374972693622,0.005660368122098615,0.018843182754537852,0.018843182754537852,0.48632465728280294,0.0,1.0833480167388916,1.1555269765853882,0.0,0.0,-1.5707918088883162,0.043637736700475216,1.1399750518798828,9.782853584289551,1.6144295455887914,2.0,0.0,0.0,0.0,677.0,0.0
1788870578.860562,1788870578.8604124,1.0274109840393066,1.5664374972693622,0.005661922228438389,0.018335660618063347,0.018335660618063347,0.48669298885625656,0.0,1.0868120002746582,1.1524400520324707,0.0,0.0,-1.5707918088883162,0.043637736700475216,1.136559944152832,9.848401527404786,1.6144295455887914,2.0,0.0,0.0,0.0,677.0,0.0
1788870578.9280925,1788870578.927967,1.0310640335083008,1.5664374972693622,0.007050200615039969,0.021293147563108534,0.021293147563108534,0.4845466079564911,0.0,1.0900540161132812,1.1495150136947632,0.0,0.0,-1.5707918088883162,0.043637736700475216,1.1332620191574097,9.927166442871094,1.6144295455887914,2.0,0.0,0.0,0.0,678.0,1.0
1788870579.003796,1788870579.0037174,1.0346989631652832,1.5664374972693622,0.006385277555542935,0.020690965993348735,0.020690965993348735,0.48498363812552997,0.0,1.093319993019104,1.1466029691696167,0.0,0.0,-1.5707918088883162,0.03927441360428929,1.1300020027160644,9.753444175720215,1.6100662224926054,2.0,0.0,0.0,0.0,677.0,1.0
1788870579.0589817,1788870579.0588868,1.037099003791809,1.5664374972693622,0.00651240761428192,0.020795082853996123,0.020795082853996123,0.484908075850805,0.0,1.0954799461364746,1.1446870374679565,0.0,0.0,-1.5707918088883162,0.03927441360428929,1.1278639841079712,9.798116188049317,1.6100662224926054,2.0,0.0,0.0,0.0,677.0,1.0
1788870579.128521,1788870579.128417,1.040531039237976,1.5664374972693622,0.005679848286673055,0.01896138501834648,0.01896138501834648,0.48623887259936655,0.0,1.098446946144104,1.1420060205459595,0.0,0.0,-1.5707918088883162,0.03927441360428929,1.1247750329971313,9.882761459350586,1.6100662224926054,2.0,0.0,0.0,0.0,677.0,0.0
1788870579.2042985,1788870579.2042258,1.043882966041565,1.5664374972693622,0.006798744473592617,0.02091760312635141,0.02091760312635141,0.48481915739493214,0.0,1.1013279962539673,1.1394109535217285,0.0,0.0,-1.5707918088883162,0.03927441360428929,1.1217829990386963,9.969727020263672,1.6100662224926054,2.0,0.0,0.0,0.0,678.0,1.0
1788870579.2765741,1788870579.2765012,1.0471609830856323,1.5664374972693622,0.0056808009483628194,0.01900027506223814,0.01900027506223814,0.4862106483505529,0.0,1.1041259574890137,1.1368989753723144,0.0,0.0,-1.5707918088883162,0.03491109050810337,1.11885498046875,9.806191902160645,1.6057028993964195,2.0,0.0,0.0,0.0,677.0,1.0
1788870579.3509068,1788870579.3508277,1.0504519939422607,1.5664374972693622,0.005089882482365859,0.017101419279170967,0.017101419279170967,0.4875887331434588,0.0,1.107007007598877,1.1343610095977783,0.0,0.0,-1.5707918088883162,0.03491109050810337,1.1159590291976929,9.879954795837403,1.6057028993964195,2.0,0.0,0.0,0.0,677.0,1.0
1788870579.4043176,1788870579.4042332,1.0525540113449097,1.5664374972693622,0.006233532473255457,0.019093538523843517,0.019093538523843517,0.48614296287421593,0.0,1.1087800073623657,1.1327769565582275,0.0,0.0,-1.5707918088883162,0.03491109050810337,1.1140919733047485,9.939063529968262,1.6057028993964195,2.0,0.0,0.0,0.0,678.0,1.0
1788870579.478302,1788870579.478099,1.0557140111923218,1.5664374972693622,0.005673941226017795,0.018437689903432915,0.018437689903432915,0.4866189416285246,0.0,1.1115079927444458,1.1303839492797851,0.0,0.0,-1.5707918088883162,0.030547767411917448,1.1113220262527466,9.764435272216797,1.6013395763002336,2.0,0.0,0.0,0.0,677.0,1.0
1788870579.5535414,1788870579.5533926,1.0588860511779785,1.5664374972693622,0.0032923565756843207,0.012906185700562756,0.012906185700562756,0.4906334022799583,0.0,1.1143059539794922,1.127966980934143,0.0,0.0,-1.5707918088883162,0.030547767411917448,1.1085630464553833,9.829725723266602,1.6013395763002336,2.0,0.0,0.0,0.0,677.0,1.0
1788870579.6073487,1788870579.6071537,1.0609270334243774,1.5664374972693622,0.0028061488763811235,0.010157629193262544,0.010157629193262544,0.49262815299190266,0.0,1.11605797290802,1.1264430093765259,0.0,0.0,-1.5707918088883162,0.030547767411917448,1.106781940460205,9.880392532348633,1.6013395763002336,2.0,0.0,0.0,0.0,677.0,1.0
1788870579.6763434,1788870579.6761816,1.0639450550079346,1.5664374972693622,0.005546020439045693,0.015470374541441116,0.015470374541441116,0.48877245545120773,0.0,1.1186480331420898,1.1242010402679443,0.0,0.0,-1.5707918088883162,0.030547767411917448,1.1041739988327026,9.956116180419922,1.6013395763002336,2.0,0.0,0.0,0.0,678.0,2.0
1788870579.7516358,1788870579.7515388,1.0672260522842407,1.5664374972693622,0.0037859738845686035,0.013121693863866008,0.013121693863866008,0.4904769983417321,0.0,1.1216840553283691,1.121666054725647,0.0,0.0,-1.5707918088883162,0.030547767411917448,1.101371030807495,9.979897956848145,1.6013395763002336,2.0,0.0,0.0,0.0,678.0,2.0
1788870579.8062181,1788870579.8061185,1.0695159435272217,1.5664374972693622,0.004319582135490283,0.013612372142658036,0.013612372142658036,0.4901208911111344,0.0,1.123887996673584,1.1198600339889526,0.0,0.0,-1.5707918088883162,0.026184444315731525,1.0994360256195068,9.759577255249024,1.5969762532040477,2.0,0.0,0.0,0.0,677.0,2.0
1788870579.876403,1788870579.8762083,1.0726300477981567,1.5664374972693622,0.004086278255191698,0.013236974934426816,0.013236974934426816,0.4903933336992319,0.0,1.1266890573501587,1.1175130414962768,0.0,0.0,-1.5707918088883162,0.026184444315731525,1.096791009902954,9.812655906677247,1.5969762532040477,2.0,0.0,0.0,0.0,677.0,2.0
1788870579.9286432,1788870579.928526,1.0747239589691162,1.5664374972693622,0.003918439005029047,0.01274839585159311,0.01274839585159311,0.49074791744918755,0.0,1.12860999584198,1.1159189748764038,0.0,0.0,-1.5707918088883162,0.026184444315731525,1.095020990371704,9.842163543701172,1.5969762532040477,2.0,0.0,0.0,0.0,677.0,2.0
1788870580.0031207,1788870580.0030396,1.0778729915618896,1.5664374972693622,0.0037072337934154495,0.01212872245272854,0.01212872245272854,0.49119764222300066,0.0,1.1314749526977539,1.1135450410842895,0.0,0.0,-1.5707918088883162,0.026184444315731525,1.0923579740524292,9.865346412658692,1.5969762532040477,2.0,0.0,0.0,0.0,677.0,2.0
1788870580.0802846,1788870580.0799127,1.0809910297393799,1.5664374972693622,0.00355768477292629,0.011607830627173452,0.011607830627173452,0.49157567677936226,0.0,1.1343220281600952,1.1111999559402466,0.0,0.0,-1.5707918088883162,0.026184444315731525,1.0897409725189209,9.88628719329834,1.5969762532040477,2.0,0.0,0.0,0.0,677.0,1.0
1788870580.136363,1788870580.1361988,1.0830570459365845,1.5664374972693622,0.0034545482559607326,0.011220537281504076,0.011220537281504076,0.49185675292786185,0.0,1.1362190055847168,1.1096470165252685,0.0,0.0,-1.5707918088883162,0.026184444315731525,1.0880169677734375,9.89882610321045,1.5969762532040477,2.0,0.0,0.0,0.0,677.0,1.0
1788870580.2080338,1788870580.207929,1.0861320495605469,1.5664374972693622,0.005291315209644059,0.015218707254053915,0.015218707254053915,0.48895510168727946,0.0,1.139052014350891,1.1073369789123535,0.0,0.0,-1.5707918088883162,0.026184444315731525,1.0854519414901733,9.915864448547364,1.5969762532040477,2.0,0.0,0.0,0.0,678.0,2.0
1788870580.2832274,1788870580.283082,1.0891849994659424,1.5664374972693622,0.0053189027223430165,0.01647995427426453,0.01647995427426453,0.48803975816611816,0.0,1.1418820428848266,1.1050460147857666,0.0,0.0,-1.5707918088883162,0.026184444315731525,1.0829189825057983,9.93036506652832,1.5969762532040477,2.0,0.0,0.0,0.0,678.0,2.0
1788870580.359186,1788870580.3586502,1.0922149419784546,1.5664374972693622,0.005306354453751729,0.01683022025868323,0.01683022025868323,0.4877855544341107,0.0,1.144705991744995,1.1027710247039795,0.0,0.0,-1.5707918088883162,0.026184444315731525,1.0804220247268677,9.942491989135743,1.5969762532040477,2.0,0.0,0.0,0.0,678.0,2.0
1788870580.4358535,1788870580.435613,1.094931960105896,1.5664374972693622,0.004578805858377814,0.015305591200371275,0.015305591200371275,0.4888920461112661,0.0,1.1470620441436767,1.1008449602127075,0.0,0.0,-1.5707918088883162,0.026184444315731525,1.078173975944519,9.974084358215332,1.5969762532040477,2.0,0.0,0.0,0.0,678.0,2.0
1788870580.5097804,1788870580.5096483,1.096647024154663,1.5664374972693622,0.004156529223754875,0.013902302821322302,0.013902302821322302,0.4899104754161527,0.0,1.1485069799423218,1.0996600198745727,0.0,0.0,-1.5707918088883162,0.021821121219545603,1.0767539548873901,9.810188751220704,1.5926129301078618,2.0,0.0,0.0,0.0,677.0,2.0
1788870580.6007936,1788870580.6005826,1.0940200090408325,-1.5009786393493414,0.0030209423053467782,0.010937601610373474,0.010937601610373474,0.49206209203219653,0.0,1.1512919473648071,1.0973919439315796,0.0,0.0,-1.5707918088883162,0.021821121219545603,1.0740200090408325,9.858789901733399,1.5926129301078618,2.0,0.0,0.0,0.0,677.0,2.0
1788870580.66361,1788870580.663336,1.091992974281311,-1.5053419624455273,0.003939065786203963,0.01210478784420892,0.01210478784420892,0.4912150126417124,0.0,1.1533989715576172,1.095697979927063,0.0,0.0,-1.5707918088883162,0.021821121219545603,1.071992974281311,9.890807609558106,1.5926129301078618,2.0,0.0,0.0,0.0,678.0,3.0
1788870580.7363186,1788870580.7362149,1.0899230241775513,-1.5053419624455273,0.0033583736561459215,0.011154193343029542,0.011154193343029542,0.4919049016991,0.0,1.1556060123443603,1.0939429807662964,0.0,0.0,-1.5707918088883162,0.021821121219545603,1.0699230241775513,9.91927001953125,1.5926129301078618,2.0,0.0,0.0,0.0,678.0,3.0
1788870580.8137841,1788870580.8136,1.0877829790115356,-1.5053419624455273,0.0031750430831039757,0.010458354509061768,0.010458354509061768,0.49240990314468397,0.0,1.158048014640808,1.092036943435669,0.0,0.0,-1.5707918088883162,0.021821121219545603,1.0677829790115356,9.933234672546387,1.5926129301078618,2.0,0.0,0.0,0.0,678.0,3.0
1788870580.8787484,1788870580.8785722,1.08639395236969,-1.5097052855417132,0.002960456498954879,0.009768928910377459,0.009768928910377459,0.49291025021783147,0.0,1.159595947265625,1.0908289957046509,0.0,0.0,-1.5707918088883162,0.021821121219545603,1.06639395236969,9.946294288635254,1.5926129301078618,2.0,0.0,0.0,0.0,678.0,3.0
1788870580.939358,1788870580.9391496,1.0843329429626465,-1.5097052855417132,0.0026229610179183626,0.00880611135325037,0.00880611135325037,0.49360901009504365,0.0,1.161928038597107,1.0890229749679565,0.0,0.0,-1.5707918088883162,0.021821121219545603,1.0643329429626465,9.962550621032715,1.5926129301078618,2.0,0.0,0.0,0.0,678.0,3.0
1788870581.008932,1788870581.0087256,1.0822969675064087,-1.5097052855417132,0.0026851547140148853,0.008656579965368455,0.008656579965368455,0.49371753172872423,0.0,1.1642800378799438,1.0872150468826294,0.0,0.0,-1.5707918088883162,0.021821121219545603,1.0622969675064087,9.974955062866211,1.5926129301078618,2.0,0.0,0.0,0.0,678.0,3.0
1788870581.0831153,1788870581.0829358,1.0802899599075317,-1.5097052855417132,0.0027008677870019667,0.008646917832494942,0.008646917832494942,0.4937245439718333,0.0,1.1666259574890137,1.085422019958496,0.0,0.0,-1.5707918088883162,0.01745779812335968,1.0602899599075317,9.790713768005372,1.5882496070116758,2.0,0.0,0.0,0.0,677.0,3.0
1788870581.1540318,1788870581.1538813,1.0789480209350586,-1.5140686086378992,0.002676824162668739,0.008590161474126458,0.008590161474126458,0.49376573460624895,0.0,1.1682239580154419,1.0842100191116333,0.0,0.0,-1.5707918088883162,0.01745779812335968,1.0589480209350586,9.793315391540528,1.5882496070116758,2.0,0.0,0.0,0.0,677.0,3.0
1788870581.21498,1788870581.2148585,1.0769619941711426,-1.5140686086378992,0.0010613283489859832,0.00495442394396654,0.00495442394396654,0.4964043523706889,0.0,1.1705920505523681,1.0824169921875,0.0,0.0,-1.5707918088883162,0.01745779812335968,1.0569619941711426,9.797282676696778,1.5882496070116758,2.0,0.0,0.0,0.0,677.0,3.0
1788870581.2780457,1788870581.2778652,1.0750149488449097,-1.5140686086378992,0.0010034147958458786,0.0037339763258847306,0.0037339763258847306,0.4972900859361417,0.0,1.1729219961166382,1.0806619930267334,0.0,0.0,-1.5707918088883162,0.01745779812335968,1.0550149488449097,9.801316719055176,1.5882496070116758,2.0,0.0,0.0,0.0,677.0,3.0
1788870581.3517582,1788870581.351678,1.0730910301208496,-1.5140686086378992,0.0009900558942956999,0.003337918100987787,0.003337918100987787,0.49757752315054365,0.0,1.175255994796753,1.0789129543304443,0.0,0.0,-1.5707918088883162,0.01745779812335968,1.0530910301208496,9.802900772094727,1.5882496070116758,2.0,0.0,0.0,0.0,677.0,3.0
1788870581.4258819,1788870581.4257975,1.0710870027542114,-1.5140686086378992,0.0015054963344598349,0.004373687219486367,0.004373687219486367,0.4968258190538487,0.0,1.1778460550308227,1.0769860553741455,0.0,0.0,-1.5707918088883162,0.01745779812335968,1.0510870027542114,9.786425094604493,1.5882496070116758,2.0,0.0,0.0,0.0,677.0,4.0
1788870581.4794586,1788870581.479392,1.0697360038757324,-1.5140686086378992,0.0019294811509196707,0.005634143943905973,0.005634143943905973,0.49591104908578254,0.0,1.1796220350265503,1.0756690311431885,0.0,0.0,-1.5707918088883162,0.01745779812335968,1.0497360038757324,9.771924476623536,1.5882496070116758,2.0,0.0,0.0,0.0,677.0,4.0
1788870581.553028,1788870581.5529556,1.0677039623260498,-1.518431931734085,0.004049270149681785,0.01076060831845899,0.01076060831845899,0.4921905440011184,0.0,1.18231294631958,1.0736729907989502,0.0,0.0,-1.5707918088883162,0.01745779812335968,1.0477039623260498,9.74768684387207,1.5882496070116758,2.0,0.0,0.0,0.0,677.0,4.0
1788870581.627711,1788870581.6276443,1.0657110214233398,-1.518431931734085,0.004361695898010334,0.012998381307080845,0.012998381307080845,0.4905664917939444,0.0,1.1832400369644165,1.0717470455169678,0.0,0.0,-1.5707918088883162,0.021821121219545603,1.0457110214233398,9.967899780273438,1.5926129301078618,2.0,0.0,0.0,0.0,678.0,4.0
1788870581.6835926,1788870581.683518,1.0644240379333496,-1.518431931734085,0.0048136542225344775,0.014682099850601482,0.014682099850601482,0.489344541743261,0.0,1.1836410570144653,1.0705309915542602,0.0,0.0,-1.5707918088883162,0.021821121219545603,1.0444240379333496,9.965445976257325,1.5926129301078618,2.0,0.0,0.0,0.0,678.0,4.0
1788870581.7517574,1788870581.7516823,1.0626620054244995,-1.518431931734085,0.004679727983324828,0.014887220637828059,0.014887220637828059,0.4891956763896588,0.0,1.1838739919662475,1.069007019996643,0.0,0.0,-1.5707918088883162,0.01745779812335968,1.0426620054244995,9.735003929138184,1.5882496070116758,2.0,0.0,0.0,0.0,677.0,4.0
1788870581.8308759,1788870581.830677,1.0610469579696655,-1.518431931734085,0.0022746879698739187,0.009561467243865996,0.009561467243865996,0.49306081445250366,0.0,1.1838530111312866,1.0677000093460083,0.0,0.0,-1.5707918088883162,0.01745779812335968,1.0410469579696655,9.779657821655274,1.5882496070116758,2.0,0.0,0.0,0.0,677.0,4.0
1788870581.8880672,1788870581.8879313,1.0600630044937134,-1.522795254830271,0.0015554012258978617,0.006352538919171008,0.006352538919171008,0.4953896776369653,0.0,1.183732967376709,1.066946964263916,0.0,0.0,-1.5707918088883162,0.01745779812335968,1.0400630044937134,9.816183547973633,1.5882496070116758,2.0,0.0,0.0,0.0,677.0,4.0
1788870581.9589183,1788870581.9579906,1.0586589574813843,-1.522795254830271,0.0004937092398678179,0.003011670373055215,0.003011670373055215,0.497814295756759,0.0,1.183502058982849,1.0658949422836304,0.0,0.0,-1.5707918088883162,0.01745779812335968,1.0386589574813843,9.871401290893555,1.5882496070116758,2.0,0.0,0.0,0.0,677.0,4.0
1788870582.0309365,1788870582.0307994,1.0571110248565674,-1.522795254830271,-5.44362384843574e-05,0.000781563937711604,0.000781563937711604,0.49943278400242475,0.0,1.1835759687423706,1.0645630168914795,0.0,0.0,-1.5707918088883162,0.01745779812335968,1.0371110248565674,9.89518497467041,1.5882496070116758,2.0,0.0,0.0,0.0,677.0,4.0
1788870582.1090813,1788870582.1089694,1.0554699897766113,-1.522795254830271,-5.611032704637565e-05,0.00010878204872959976,0.00010878204872959976,0.4999210519890809,0.0,1.1838559913635254,1.0630529928207397,0.0,0.0,-1.5707918088883162,0.01745779812335968,1.0354699897766113,9.89764259338379,1.5882496070116758,2.0,0.0,0.0,0.0,677.0,5.0
1788870582.181673,1788870582.181488,1.0537480115890503,-1.522795254830271,0.000438961927869266,0.0010159093330460356,0.0010159093330460356,0.4992627090401881,0.0,1.1843479681015014,1.0613729763031006,0.0,0.0,-1.5707918088883162,0.01745779812335968,1.0337480115890503,9.878008346557618,1.5882496070116758,2.0,0.0,0.0,0.0,677.0,5.0
1788870582.2540755,1788870582.2539709,1.0519510507583618,-1.522795254830271,0.001258764139624863,0.003124404472673504,0.003124404472673504,0.4977324795652866,0.0,1.1850230503082275,1.059543948173523,0.0,0.0,-1.5707918088883162,0.01745779812335968,1.0319510507583618,9.84030673980713,1.5882496070116758,2.0,0.0,0.0,0.0,677.0,5.0
1788870582.3301127,1788870582.3299768,1.0501350164413452,-1.522795254830271,0.002202999454587695,0.005872040120078487,0.005872040120078487,0.49573839716266266,0.0,1.185739974975586,1.057679991722107,0.0,0.0,-1.5707918088883162,0.01745779812335968,1.0301350164413452,9.798572044372559,1.5882496070116758,2.0,0.0,0.0,0.0,677.0,6.0
1788870582.4035537,1788870582.4034631,1.0483510494232178,-1.522795254830271,0.0029355284472152824,0.008337195757785779,0.008337195757785779,0.49394932317043816,0.0,1.1863820362091064,1.0558769512176513,0.0,0.0,-1.5707918088883162,0.01745779812335968,1.0283510494232178,9.764008979797364,1.5882496070116758,2.0,0.0,0.0,0.0,677.0,6.0
1788870582.4809208,1788870582.4800627,1.0466370582580566,-1.527158577926457,0.0024226129160744548,0.007927811659342513,0.007927811659342513,0.49424643156884995,0.0,1.186868052482605,1.0542030143737793,0.0,0.0,-1.5707918088883162,0.01745779812335968,1.0266370582580566,9.743506889343262,1.5882496070116758,2.0,0.0,0.0,0.0,676.0,5.0
1788870582.5552192,1788870582.5550532,1.0450190305709839,-1.527158577926457,0.002448568701247028,0.007863137388596097,0.007863137388596097,0.4942933685873443,0.0,1.1871449756622314,1.0527020502090454,0.0,0.0,-1.5707918088883162,0.01745779812335968,1.0250190305709839,9.741166572570801,1.5882496070116758,2.0,0.0,0.0,0.0,676.0,5.0
1788870582.6341398,1788870582.633926,1.0435129404067993,-1.527158577926457,0.002090648738528122,0.007041994390881823,0.007041994390881823,0.4948893088836228,0.0,1.1872010040283203,1.0513880062103271,0.0,0.0,-1.5707918088883162,0.01745779812335968,1.0235129404067993,9.756849746704102,1.5882496070116758,2.0,0.0,0.0,0.0,676.0,5.0
1788870582.7064219,1788870582.7059844,1.0420340299606323,-1.527158577926457,0.0017573561118944428,0.006049076007908098,0.006049076007908098,0.49560991427997503,0.0,1.187250952720642,1.0500860023498535,0.0,0.0,-1.5707918088883162,0.01745779812335968,1.0220340299606323,9.769742469787598,1.5882496070116758,2.0,0.0,0.0,0.0,676.0,6.0
1788870582.7789989,1788870582.7788951,1.0405880212783813,-1.527158577926457,0.0015088776193711892,0.0051946086697638935,0.0051946086697638935,0.49623003954448,0.0,1.1872720527648926,1.048814992904663,0.0,0.0,-1.5707918088883162,0.01745779812335968,1.0205880212783813,9.782911758422852,1.5882496070116758,2.0,0.0,0.0,0.0,676.0,6.0
1788870582.8535872,1788870582.8534536,1.0391440391540527,-1.527158577926457,0.0015874496921606822,0.005114269911369096,0.005114269911369096,0.4962883449841095,0.0,1.1873309421539306,1.0475179958343506,0.0,0.0,-1.5707918088883162,0.01745779812335968,1.0191440391540527,9.789337615966797,1.5882496070116758,2.0,0.0,0.0,0.0,676.0,6.0
1788870582.9290693,1788870582.9289262,1.0377039909362793,-1.5315219010226429,0.0015181798350669118,0.004935003803960611,0.004935003803960611,0.49641844643715616,0.0,1.187401990890503,1.046215991973877,0.0,0.0,-1.5707918088883162,0.01745779812335968,1.0177039909362793,9.792165260314942,1.5882496070116758,2.0,0.0,0.0,0.0,676.0,6.0
1788870583.0070057,1788870583.0068653,1.036257028579712,-1.5315219010226429,0.0014511641582798842,0.004731108855735124,0.004731108855735124,0.4965664221444245,0.0,1.1875220346450805,1.044877986907959,0.0,0.0,-1.5707918088883162,0.01745779812335968,1.016257028579712,9.788006286621094,1.5882496070116758,2.0,0.0,0.0,0.0,676.0,6.0
1788870583.0855787,1788870583.085425,1.034829020500183,-1.5315219010226429,0.0015143448590644822,0.004811465141024977,0.004811465141024977,0.4965081039847412,0.0,1.1876250314712524,1.0435590553283691,0.0,0.0,-1.5707918088883162,0.01745779812335968,1.014829020500183,9.78355167388916,1.5882496070116758,2.0,0.0,0.0,0.0,676.0,7.0
1788870583.1533859,1788870583.1532485,1.033879041671753,-1.5315219010226429,0.001553146513605973,0.004922487732784872,0.004922487732784872,0.4964275299112715,0.0,1.187703948020935,1.0426709461212158,0.0,0.0,-1.5707918088883162,0.01745779812335968,1.013879041671753,9.77825496673584,1.5882496070116758,2.0,0.0,0.0,0.0,676.0,7.0
1788870583.214247,1788870583.2140448,1.0324699878692627,-1.5315219010226429,0.0016233907202030677,0.005113141533090334,0.005113141533090334,0.4962891638988267,0.0,1.1878109979629516,1.0413540410995483,0.0,0.0,-1.5707918088883162,0.01745779812335968,1.0124699878692627,9.770088653564454,1.5882496070116758,2.0,0.0,0.0,0.0,676.0,7.0
1788870583.2794936,1788870583.2793891,1.0310829877853394,-1.5315219010226429,0.0014528413887158508,0.004788307170650607,0.004788307170650607,0.49652491076232386,0.0,1.187895040512085,1.0400579977035522,0.0,0.0,-1.5707918088883162,0.021821121219545603,1.0110829877853393,9.967652778625489,1.5926129301078618,2.0,0.0,0.0,0.0,677.0,7.0
1788870583.3547683,1788870583.354608,1.0297149419784546,-1.5315219010226429,0.0015102558260189733,0.004819465201477683,0.004819465201477683,0.49650229798212087,0.0,1.1879600095748901,1.0387819814682007,0.0,0.0,-1.5707918088883162,0.021821121219545603,1.0097149419784546,9.94098804473877,1.5926129301078618,2.0,0.0,0.0,0.0,677.0,8.0
1788870583.4299483,1788870583.429774,1.0283819437026978,-1.5315219010226429,0.0015199288280147649,0.004850480135196379,0.004850480135196379,0.4964797890539064,0.0,1.1879709768295288,1.0375549602508545,0.0,0.0,-1.5707918088883162,0.021821121219545603,1.0083819437026977,9.915680389404297,1.5926129301078618,2.0,0.0,0.0,0.0,677.0,8.0
1788870583.5058389,1788870583.5056314,1.027053952217102,-1.5358852241188288,0.00026493928483365607,0.0020486080385863034,0.0020486080385863034,0.4985132332798648,0.0,1.1879910039901733,1.036324005126953,0.0,0.0,-1.5707918088883162,0.021821121219545603,1.007053952217102,9.889107208251954,1.5926129301078618,2.0,0.0,0.0,0.0,676.0,7.0
1788870583.583668,1788870583.5833805,1.0257420539855957,-1.5358852241188288,0.0002721621405785972,0.0012242256064719488,0.0012242256064719488,0.4991115245789547,0.0,1.1879960107803345,1.0351079511642456,0.0,0.0,-1.5707918088883162,0.026184444315731525,1.0057420539855957,9.968474845886231,1.5969762532040477,2.0,0.0,0.0,0.0,677.0,7.0
1788870583.6581032,1788870583.657961,1.024453043937683,-1.5358852241188288,0.0002712572175974565,0.0009748838493598873,0.0009748838493598873,0.499292483073421,0.0,1.1879750299453735,1.0339170503616333,0.0,0.0,-1.5707918088883162,0.026184444315731525,1.004453043937683,9.941594581604004,1.5969762532040477,2.0,0.0,0.0,0.0,677.0,7.0
1788870583.7302394,1788870583.7301295,1.0231009721755981,-1.5358852241188288,0.0006372744857482714,0.0017199600028840944,0.0017199600028840944,0.49875174789706656,0.0,1.188124041557312,1.0325859594345093,0.0,0.0,-1.5707918088883162,0.026184444315731525,1.0031009721755981,9.907547454833985,1.5969762532040477,2.0,0.0,0.0,0.0,677.0,7.0
1788870583.8075197,1788870583.8073583,1.021718978881836,-1.5358852241188288,0.0013106482732408381,0.003451840132924706,0.003451840132924706,0.4974948448233167,0.0,1.1883439826965332,1.0311959791183472,0.0,0.0,-1.5707918088883162,0.030547767411917448,1.001718978881836,9.978359680175782,1.6013395763002336,2.0,0.0,0.0,0.0,678.0,0.0
1788870583.8813775,1788870583.8812258,1.0203399658203125,-1.5358852241188288,0.0018364636407433117,0.0051492305951424296,0.0051492305951424296,0.49626297244813955,0.0,1.1885609436035156,1.0298080253601074,0.0,0.0,-1.5707918088883162,0.030547767411917448,1.0003399658203125,9.940963249206543,1.6013395763002336,2.0,0.0,0.0,0.0,678.0,0.0
1788870583.9553554,1788870583.9552157,1.0189809799194336,-1.5358852241188288,0.0010563616597246742,0.003911019296325999,0.003911019296325999,0.4971615979132852,0.0,1.1887390422821045,1.0284529733657837,0.0,0.0,-1.5707918088883162,0.030547767411917448,0.9989809799194336,9.904839973449707,1.6013395763002336,2.0,0.0,0.0,0.0,677.0,7.0
1788870584.0305855,1788870584.0304801,1.017698049545288,-1.5358852241188288,0.0012140677653627251,0.0038928175833103044,0.0038928175833103044,0.4971748077126472,0.0,1.1887600231170654,1.027232985496521,0.0,0.0,-1.5707918088883162,0.030547767411917448,0.9976980495452881,9.8744091796875,1.6013395763002336,2.0,0.0,0.0,0.0,677.0,0.0
1788870584.1060388,1788870584.1059184,1.0164849758148193,-1.5358852241188288,0.0013970906687073613,0.0042973283728975804,0.0042973283728975804,0.4968812360930079,0.0,1.188644986152649,1.0261310148239136,0.0,0.0,-1.5707918088883162,0.03491109050810337,0.9964849758148193,9.958079795837403,1.6057028993964195,2.0,0.0,0.0,0.0,678.0,0.0
1788870584.1804678,1788870584.1803274,1.0152469873428345,-1.5358852241188288,0.00182118920651735,0.005368662334468139,0.005368662334468139,0.4961037209948474,0.0,1.1886180448532104,1.0249559688568115,0.0,0.0,-1.5707918088883162,0.03491109050810337,0.9952469873428345,9.927630882263184,1.6057028993964195,2.0,0.0,0.0,0.0,678.0,0.0
1788870584.2543547,1788870584.2541974,1.0140210390090942,-1.5358852241188288,0.001976233189402004,0.006037361044600931,0.006037361044600931,0.49561841635418574,0.0,1.1885789442062378,1.0237170267105102,0.0,0.0,-1.5707918088883162,0.03491109050810337,0.9940210390090942,9.897102813720704,1.6057028993964195,2.0,0.0,0.0,0.0,678.0,0.0
1788870584.3282084,1788870584.3280993,1.0128270387649536,-1.5402485472150147,0.0024202615454477147,0.007232594175183161,0.007232594175183161,0.4947509820730145,0.0,1.1884870338439941,1.022525053024292,0.0,0.0,-1.5707918088883162,0.03927441360428929,0.9928270387649536,9.979532699584961,1.6100662224926054,2.0,0.0,0.0,0.0,679.0,0.0
1788870584.3824675,1788870584.382355,1.012058973312378,-1.5402485472150147,2.6550921851299656e-05,0.00222925231750186,0.00222925231750186,0.4983821316259536,0.0,1.188367943763733,1.021780948638916,0.0,0.0,-1.5707918088883162,0.03927441360428929,0.9920589733123779,9.962090950012207,1.6100662224926054,2.0,0.0,0.0,0.0,678.0,0.0
1788870584.456315,1788870584.4562125,1.010956048965454,-1.5402485472150147,-0.00016931909545406246,0.0002895009214334582,0.0002895009214334582,0.49978989619911246,0.0,1.188101987838745,1.020742039680481,0.0,0.0,-1.5707918088883162,0.03927441360428929,0.9909560489654541,9.93866584777832,1.6100662224926054,2.0,0.0,0.0,0.0,678.0,0.0
1788870584.5299485,1788870584.5289514,1.0099170207977295,-1.5402485472150147,-0.0005227960259118061,-0.001084212821612408,-0.001084212821612408,0.49921313813557544,0.0,1.1877239751815796,1.0198039817810058,0.0,0.0,-1.5707918088883162,0.03927441360428929,0.9899170207977295,9.91875789642334,1.6100662224926054,2.0,0.0,0.0,0.0,678.0,0.0
1788870584.604647,1788870584.6044767,1.0087510347366333,-1.5402485472150147,-0.00018084811890927948,-0.0007303636328405086,-0.0007303636328405086,0.499469942359665,0.0,1.187677960395813,1.018586974143982,0.0,0.0,-1.5707918088883162,0.03927441360428929,0.9887510347366333,9.88371036529541,1.6100662224926054,2.0,0.0,0.0,0.0,678.0,0.0
1788870584.678572,1788870584.6784184,1.0075299739837646,-1.5402485472150147,0.0020350445686397895,0.004339390743900976,0.004339390743900976,0.4968507095441513,0.0,1.1877480554580688,1.0172719764709472,0.0,0.0,-1.5707918088883162,0.043637736700475216,0.9875299739837646,9.951956253051758,1.6144295455887914,2.0,0.0,0.0,0.0,679.0,0.0
1788870584.7525837,1788870584.7524953,1.0061869621276855,-1.5402485472150147,0.0026912894974221056,0.007330305697395809,0.007330305697395809,0.4946800684396287,0.0,1.1879299688339233,1.0158589887619018,0.0,0.0,-1.5707918088883162,0.043637736700475216,0.9861869621276855,9.909010391235352,1.6144295455887914,2.0,0.0,0.0,0.0,679.0,0.0
1788870584.8090112,1788870584.808914,1.0052980184555054,-1.5358852241188288,0.0014770094833590004,0.005507592951942904,0.005507592951942904,0.4960028928156259,0.0,1.1880310583114624,1.0149349975585937,0.0,0.0,-1.5707918088883162,0.04800105979666114,0.9852980184555054,9.963579635620118,1.6187928686849773,2.0,0.0,0.0,0.0,679.0,0.0
1788870584.8766289,1788870584.8765335,1.0040849447250366,-1.5402485472150147,0.0028850101435015803,0.00811470060702641,0.00811470060702641,0.4941107978787814,0.0,1.1881940174102783,1.0137810516357422,0.0,0.0,-1.5707918088883162,0.04800105979666114,0.9840849447250366,9.929782371520997,1.6187928686849773,2.0,0.0,0.0,0.0,679.0,0.0
1788870584.933078,1788870584.932873,1.0033659934997559,-1.5402485472150147,0.0026793713192314232,0.00843620193718631,0.00843620193718631,0.4938774699462743,0.0,1.1884770202636719,1.0131779718399048,0.0,0.0,-1.5707918088883162,0.04800105979666114,0.9833659934997558,9.912821273803711,1.6187928686849773,2.0,0.0,0.0,0.0,679.0,0.0
1788870585.0081918,1788870585.008074,1.002284049987793,-1.5402485472150147,0.003277785469780821,0.009873100033464933,0.009873100033464933,0.4928346485624204,0.0,1.188961009979248,1.0122329998016357,0.0,0.0,-1.5707918088883162,0.05236438289284706,0.982284049987793,9.968320350646973,1.6231561917811632,2.0,0.0,0.0,0.0,680.0,0.0
1788870585.0860288,1788870585.0859137,1.001283049583435,-1.5402485472150147,0.0028793906314444413,0.009411765024475029,0.009411765024475029,0.493169460066271,0.0,1.1892829942703247,1.0114240455627441,0.0,0.0,-1.5707918088883162,0.05236438289284706,0.981283049583435,9.944149475097657,1.6231561917811632,2.0,0.0,0.0,0.0,680.0,0.0
1788870585.1635382,1788870585.1632183,1.00033700466156,-1.5402485472150147,0.0035670942269669277,0.010813820575748428,0.010813820575748428,0.4921519254797853,0.0,1.1895309495925903,1.0106839942932129,0.0,0.0,-1.5707918088883162,0.05236438289284706,0.98033700466156,9.921132545471192,1.6231561917811632,2.0,0.0,0.0,0.0,680.0,0.0
1788870585.237851,1788870585.2376752,0.9994794130325317,-1.5446118703112006,0.0029401923813485594,0.009830177106945302,0.009830177106945302,0.4928657996550053,0.0,1.1896259593963623,1.0100769805908203,0.0,0.0,-1.5707918088883162,0.05236438289284706,0.9794794130325317,9.901534538269043,1.6231561917811632,2.0,0.0,0.0,0.0,680.0,0.0
1788870585.3068101,1788870585.3067107,0.9986417889595032,-1.5446118703112006,0.003391999341062887,0.010547131656064457,0.010547131656064457,0.4923454735880357,0.0,1.1897100019454956,1.0094879674911499,0.0,0.0,-1.5707918088883162,0.056727705989032984,0.9786417889595032,9.966367225646973,1.6275195148773491,2.0,0.0,0.0,0.0,681.0,0.0
1788870585.378067,1788870585.377938,0.9978935122489929,-1.5446118703112006,0.0026423700862399156,0.009083048489996748,0.009083048489996748,0.49340802439610626,0.0,1.1896420526504516,1.0090340185165405,0.0,0.0,-1.5707918088883162,0.056727705989032984,0.9778935122489929,9.949338417053223,1.6275195148773491,2.0,0.0,0.0,0.0,681.0,0.0
1788870585.4574764,1788870585.457345,0.997166097164154,-1.5446118703112006,0.002000660043612615,0.007206393044691281,0.007206393044691281,0.49476999740836003,0.0,1.189602952003479,1.0085669565200805,0.0,0.0,-1.5707918088883162,0.056727705989032984,0.977166097164154,9.929935913085938,1.6275195148773491,2.0,0.0,0.0,0.0,681.0,0.0
1788870585.5326076,1788870585.5325067,0.9964939951896667,-1.5489751934073865,0.0013190909514328854,0.005116681644617049,0.005116681644617049,0.49628659468114117,0.0,1.189486961364746,1.0081720161437988,0.0,0.0,-1.5707918088883162,0.056727705989032984,0.9764939951896667,9.91165683746338,1.6275195148773491,2.0,0.0,0.0,0.0,681.0,0.0
1788870585.6095436,1788870585.6093745,0.995812177658081,-1.5489751934073865,0.0019416678796809034,0.005884340543870339,0.005884340543870339,0.4957294701935242,0.0,1.189436058998108,1.0077320146560669,0.0,0.0,-1.5707918088883162,0.061091029085218906,0.975812177658081,9.977392654418946,1.631882837973535,2.0,0.0,0.0,0.0,682.0,0.0
1788870585.678934,1788870585.6787815,0.9951149225234985,-1.5489751934073865,0.0015445386348975354,0.005225068705331581,0.005225068705331581,0.4962079333307372,0.0,1.1894680070877075,1.0072279977798462,0.0,0.0,-1.5707918088883162,0.061091029085218906,0.9751149225234985,9.952066879272461,1.631882837973535,2.0,0.0,0.0,0.0,682.0,0.0
1788870585.7532213,1788870585.7530317,0.9943842887878418,-1.5489751934073865,-0.0006987853004044917,2.241538693413189e-06,2.241538693413189e-06,0.49999837321485197,0.0,1.1866309452056885,1.006628017425537,0.0,0.0,-1.5707918088883162,0.061091029085218906,0.9743842887878418,9.92200897216797,1.631882837973535,2.0,0.0,0.0,0.0,681.0,0.0
1788870585.8094559,1788870585.8092518,0.9939168095588684,-1.5489751934073865,0.00019685499510096958,0.0004416276506341958,0.0004416276506341958,0.499679491009853,0.0,1.1833849954605102,1.006255965232849,0.0,0.0,-1.5707918088883162,0.061091029085218906,0.9739168095588684,9.902641754150391,1.631882837973535,2.0,0.0,0.0,0.0,681.0,0.0
1788870585.8770308,1788870585.8769627,0.9932221174240112,-1.5489751934073865,0.0013092740782206372,0.0030652622304044863,0.0030652622304044863,0.49777540174264,0.0,1.1785210180282593,1.005691032409668,0.0,0.0,-1.5707918088883162,0.06545435218140483,0.9732221174240112,9.96119068145752,1.636246161069721,2.0,0.0,0.0,0.0,682.0,0.0
1788870585.932736,1788870585.9326718,0.992666482925415,-1.5489751934073865,0.0014794866115053365,0.0042336286788933,0.0042336286788933,0.4969274658174571,0.0,1.1754400539398193,1.0051200199127197,0.0,0.0,-1.5707918088883162,0.06545435218140483,0.972666482925415,9.933035354614258,1.636246161069721,2.0,0.0,0.0,0.0,682.0,0.0
1788870586.0048738,1788870586.0046873,0.9918295741081238,-1.5489751934073865,0.0015434071593270922,0.0047273206405606776,0.0047273206405606776,0.496569171422053,0.0,1.1708169984817505,1.0042680311203003,0.0,0.0,-1.5707918088883162,0.06545435218140483,0.9718295741081238,9.891389350891114,1.636246161069721,2.0,0.0,0.0,0.0,682.0,0.0
1788870586.0819232,1788870586.0817838,0.991081178188324,-1.5489751934073865,0.0021586706033457706,0.006253618343662729,0.006253618343662729,0.4954614687345458,0.0,1.1660530376434326,1.0035830545425415,0.0,0.0,-1.5707918088883162,0.06981767527759075,0.971081178188324,9.945529441833497,1.640609484165907,2.0,0.0,0.0,0.0,682.0,0.0
1788870586.1563604,1788870586.1562464,0.9903827905654907,-1.5533385165035725,0.002096120163145568,0.006571394668544892,0.006571394668544892,0.4952308442054105,0.0,1.1612169551849365,1.0029829549789429,0.0,0.0,-1.5707918088883162,0.06981767527759075,0.9703827905654907,9.91232822418213,1.640609484165907,2.0,0.0,0.0,0.0,682.0,0.0
1788870586.228312,1788870586.2282138,0.9897180199623108,-1.5533385165035725,0.003426681132558087,0.009647184137493582,0.009647184137493582,0.4929986058589619,0.0,1.1563349771499634,1.0024360227584839,0.0,0.0,-1.5707918088883162,0.07418099837377667,0.9697180199623108,9.971484642028809,1.6449728072620928,2.0,0.0,0.0,0.0,683.0,0.0
1788870586.3019536,1788870586.3018603,0.9891213178634644,-1.5533385165035725,0.0031250708751070404,0.009894314001487846,0.009894314001487846,0.49281925263451987,0.0,1.1513559627532959,1.0020040082931518,0.0,0.0,-1.5707918088883162,0.07418099837377667,0.9691213178634643,9.942965965270997,1.6449728072620928,2.0,0.0,0.0,0.0,683.0,0.0
1788870586.3559456,1788870586.3557894,0.9887515902519226,-1.5533385165035725,0.002857328233710165,0.009368709443957124,0.009368709443957124,0.4932007074318111,0.0,1.1479999828338623,1.0017570066452026,0.0,0.0,-1.5707918088883162,0.07418099837377667,0.9687515902519226,9.924836616516114,1.6449728072620928,2.0,0.0,0.0,0.0,683.0,0.0
1788870586.4276412,1788870586.427578,0.9882944822311401,-1.5533385165035725,0.0036594439532192753,0.011007767288398314,0.011007767288398314,0.49201116965318686,0.0,1.1428309488296509,1.0015510129928589,0.0,0.0,-1.5707918088883162,0.0785443214699626,0.9682944822311401,9.957061271667481,1.6493361303582788,2.0,0.0,0.0,0.0,684.0,0.0
1788870586.4846613,1788870586.4844983,0.9880352020263672,-1.5533385165035725,0.004917366100831207,0.014317230252381397,0.014317230252381397,0.4896093439726797,0.0,1.1393320369720459,1.0014769840240478,0.0,0.0,-1.5707918088883162,0.08290764456614852,0.9680352020263672,9.968570213317872,1.6536994534544647,2.0,0.0,0.0,0.0,685.0,0.0
1788870586.556795,1788870586.5566044,0.9876651763916016,-1.5577018395997584,0.004334020013954689,0.014003373906972922,0.014003373906972922,0.48983712359692566,0.0,1.1340729999542236,1.001373987197876,0.0,0.0,-1.5707918088883162,0.08727096766233444,0.9676651763916015,9.969581108093262,1.6580627765506506,2.0,0.0,0.0,0.0,685.0,0.0
1788870586.6296759,1788870586.629552,0.9873741269111633,-1.5577018395997584,0.005579832355641792,0.01669983664872949,0.01669983664872949,0.4878801796666975,0.0,1.1287029790878296,0.9981670188903808,0.0,0.0,-1.5707918088883162,0.09163429075852036,0.9673741269111633,9.972185592651368,1.6624260996468365,2.0,0.0,0.0,0.0,686.0,0.0
1788870586.7037716,1788870586.7036202,0.9872410893440247,-1.5577018395997584,0.006676103470761263,0.01996442276912408,0.01996442276912408,0.48551092312401234,0.0,1.123319010734558,0.9950430202484131,0.0,0.0,-1.5707918088883162,0.09599761385470629,0.9672410893440246,9.978815536499024,1.6667894227430224,2.0,0.0,0.0,0.0,687.0,0.0
1788870586.778216,1788870586.7780697,0.9871739149093628,-1.5620651626959443,0.005890526363303686,0.019184105884537478,0.019184105884537478,0.4860772340792127,0.0,1.1179649639129638,0.9920329856872558,0.0,0.0,-1.5707918088883162,0.09599761385470629,0.9671739149093628,9.952402572631836,1.6667894227430224,2.0,0.0,0.0,0.0,687.0,0.0
1788870586.8532677,1788870586.8530579,0.9872246980667114,-1.5620651626959443,0.008282391499070521,0.02430778872327921,0.02430778872327921,0.4823587476798203,0.0,1.1124479579925537,0.9892049837112427,0.0,0.0,-1.5707918088883162,0.10036093695089221,0.9672246980667114,9.96221778869629,1.6711527458392084,2.0,0.0,0.0,0.0,689.0,0.0
1788870586.9282,1788870586.9280694,0.9874470829963684,-1.5620651626959443,0.008286991020791211,0.02585519650355608,0.02585519650355608,0.48123572446265983,0.0,1.106723051071167,0.986600022315979,0.0,0.0,-1.5707918088883162,0.10472426004707813,0.9674470829963684,9.97523162841797,1.6755160689353943,2.0,0.0,0.0,0.0,690.0,0.0
1788870587.0047712,1788870587.004552,0.9877278208732605,-1.5664284857921302,0.007182910464932136,0.02384627839251481,0.02384627839251481,0.4826936864225447,0.0,1.100947003364563,0.9840559768676758,0.0,0.0,-1.5707918088883162,0.10472426004707813,0.9677278208732605,9.953370552062989,1.6755160689353943,2.0,0.0,0.0,0.0,690.0,0.0
1788870587.0800436,1788870587.0798404,0.9852662086486816,-1.4791620238684118,0.00787670426849565,0.0247977010791847,0.0247977010791847,0.4820031963138079,0.0,1.0948960590362549,0.9818149614334106,0.0,0.0,-1.5707918088883162,0.10908758314326406,0.9652662086486816,9.970703582763672,1.6798793920315802,2.0,0.0,0.0,0.0,691.0,0.0
1788870587.1573598,1788870587.1572018,0.9827532172203064,-1.4835253469645977,0.006138756454923807,0.02119012478278474,0.02119012478278474,0.484621376208063,0.0,1.08868501663208,0.9797596144676208,0.0,0.0,-1.5707918088883162,0.10908758314326406,0.9627532172203064,9.954441528320313,1.6798793920315802,2.0,0.0,0.0,0.0,691.0,0.0
1788870587.2292328,1788870587.2290792,0.9802982211112976,-1.4835253469645977,0.0077764339539707515,0.023776249491729906,0.023776249491729906,0.48274450953617765,0.0,1.0824550199508667,0.977734785079956,0.0,0.0,-1.5707918088883162,0.11345090623944998,0.9602982211112976,9.972884635925293,1.6842427151277661,2.0,0.0,0.0,0.0,693.0,0.0
1788870587.3031263,1788870587.3030381,0.9779363870620728,-1.4878886700607836,0.006249866788276948,0.021132576453259333,0.021132576453259333,0.4846631416114619,0.0,1.0761259603500366,0.9758288073539734,0.0,0.0,-1.5707918088883162,0.11345090623944998,0.9579363870620727,9.955996017456055,1.6842427151277661,2.0,0.0,0.0,0.0,693.0,0.0
1788870587.3769472,1788870587.3768823,0.9755706191062927,-1.4922519931569695,0.007329331912198448,0.022757476419302328,0.022757476419302328,0.48348387884007854,0.0,1.0698760557174682,0.9738380718231201,0.0,0.0,-1.5707918088883162,0.1178142293356359,0.9555706191062927,9.972535591125489,1.688606038223952,2.0,0.0,0.0,0.0,694.0,0.0
1788870587.45332,1788870587.4531395,0.9733424186706543,-1.4922519931569695,0.006492376601623875,0.02137016651342818,0.02137016651342818,0.4844907118504532,0.0,1.0634519863128662,0.9720551776885986,0.0,0.0,-1.5707918088883162,0.1178142293356359,0.9533424186706543,9.95492790222168,1.688606038223952,2.0,0.0,0.0,0.0,695.0,0.0
1788870587.5089166,1788870587.508796,0.9718707799911499,-1.4922519931569695,0.0077516923281307415,0.02377484076904132,0.02377484076904132,0.48274553190940467,0.0,1.0604920196533203,0.9708410906791687,0.0,0.0,-1.5707918088883162,0.12217755243182182,0.9518707799911499,9.978973846435547,1.692969361320138,2.0,0.0,0.0,0.0,696.0,0.0
1788870587.5788753,1788870587.5786948,0.9697458148002625,-1.4966153162531555,0.00640009396922499,0.021468662721776374,0.021468662721776374,0.48441922873515086,0.0,1.0560400295257568,0.9691433715820312,0.0,0.0,-1.5707918088883162,0.12217755243182182,0.9497458148002624,9.960381011962891,1.692969361320138,2.0,0.0,0.0,0.0,696.0,0.0
1788870587.6531994,1788870587.6530466,0.9676960110664368,-1.4966153162531555,0.007393294058435519,0.023001577507428476,0.023001577507428476,0.4833067237341046,0.0,1.0515500116348266,0.9674982237815857,0.0,0.0,-1.5707918088883162,0.12654087552800775,0.9476960110664367,9.979018669128418,1.697332684416324,2.0,0.0,0.0,0.0,697.0,0.0
1788870587.7300391,1788870587.7299533,0.9657741785049438,-1.5009786393493414,0.005973010154594598,0.020280015998520445,0.020280015998520445,0.4852818829651685,0.0,1.0468890476226806,0.9660426187515259,0.0,0.0,-1.5707918088883162,0.12654087552800775,0.9457741785049438,9.961781959533692,1.697332684416324,2.0,0.0,0.0,0.0,697.0,0.0
1788870587.8011599,1788870587.8010552,0.9638952016830444,-1.5053419624455273,0.005073034408214721,0.017447601873957108,0.017447601873957108,0.4873374929104207,0.0,1.0422450113296509,0.964580397605896,0.0,0.0,-1.5707918088883162,0.12654087552800775,0.9438952016830444,9.942705612182618,1.697332684416324,2.0,0.0,0.0,0.0,698.0,0.0
1788870587.8536897,1788870587.8535414,0.9627053141593933,-1.5053419624455273,0.006506320598100279,0.019808438701931757,0.019808438701931757,0.48562412775642844,0.0,1.0390620040893555,0.9637028980255127,0.0,0.0,-1.5707918088883162,0.13090419862419367,0.9427053141593933,9.969676475524903,1.7016960075125098,2.0,0.0,0.0,0.0,699.0,0.0
1788870587.9295719,1788870587.9294305,0.9609416127204895,-1.5053419624455273,0.0051932794110267485,0.017575477491279443,0.017575477491279443,0.4872446878405535,0.0,1.0343299913406372,0.9623495149612427,0.0,0.0,-1.5707918088883162,0.13090419862419367,0.9409416127204895,9.950078468322754,1.7016960075125098,2.0,0.0,0.0,0.0,699.0,0.0
1788870588.006391,1788870588.0060787,0.9591395854949951,-1.5097052855417132,0.0059378945439161794,0.018573527025756077,0.018573527025756077,0.4865203585374574,0.0,1.0297009754180908,0.960894386768341,0.0,0.0,-1.5707918088883162,0.1352675217203796,0.9391395854949951,9.966545562744141,1.7060593306086957,2.0,0.0,0.0,0.0,700.0,0.0
1788870588.0801864,1788870588.080086,0.9574801921844482,-1.5097052855417132,0.00484569476021631,0.016426414370611358,0.016426414370611358,0.4880786144751102,0.0,1.024895052909851,0.9596357750892639,0.0,0.0,-1.5707918088883162,0.1352675217203796,0.9374801921844482,9.946184616088868,1.7060593306086957,2.0,0.0,0.0,0.0,700.0,0.0
1788870588.155924,1788870588.155699,0.9558355212211609,-1.5140686086378992,0.006123455807598673,0.018644465320204435,0.018644465320204435,0.4864688754360625,0.0,1.0201159524917602,0.9583545732498169,0.0,0.0,-1.5707918088883162,0.1396308448165655,0.9358355212211609,9.963871459960938,1.7104226537048817,2.0,0.0,0.0,0.0,701.0,0.0
1788870588.2280982,1788870588.2279973,0.9542694091796875,-1.5140686086378992,0.004841046835768438,0.01643728450818263,0.01643728450818263,0.48807072552882086,0.0,1.0152580547332763,0.9571651029586792,0.0,0.0,-1.5707918088883162,0.1396308448165655,0.9342694091796875,9.942085723876954,1.7104226537048817,2.0,0.0,0.0,0.0,701.0,0.0
1788870588.3044043,1788870588.3043199,0.9527148008346558,-1.518431931734085,0.006749178398751298,0.0200493449656577,0.0200493449656577,0.4854492912777885,0.0,1.0104349660873413,0.9559399890899658,0.0,0.0,-1.5707918088883162,0.14399416791275144,0.9327148008346557,9.958885650634766,1.7147859768010676,2.0,0.0,0.0,0.0,703.0,0.0
1788870588.3781574,1788870588.3780296,0.9512876272201538,-1.518431931734085,0.007998837316369956,0.02393219907836601,0.02393219907836601,0.48263132992784746,0.0,1.0054379510879516,0.9549125838279724,0.0,0.0,-1.5707918088883162,0.14835749100893736,0.9312876272201538,9.978871803283692,1.7191492998972535,2.0,0.0,0.0,0.0,704.0,0.0
1788870588.4330187,1788870588.4329145,0.9503368139266968,-1.518431931734085,0.007310455203318197,0.023555079378942564,0.023555079378942564,0.4829050226050455,0.0,1.002143006324768,0.9541863012313843,0.0,0.0,-1.5707918088883162,0.14835749100893736,0.9303368139266968,9.963115196228028,1.7191492998972535,2.0,0.0,0.0,0.0,704.0,0.0
1788870588.5035837,1788870588.5034847,0.9490354061126709,-1.522795254830271,0.005977759580244502,0.020456705273430454,0.020456705273430454,0.48515365163501994,0.0,0.9970259475708008,0.9533002185821533,0.0,0.0,-1.5707918088883162,0.14835749100893736,0.9290354061126709,9.94244239807129,1.7191492998972535,2.0,0.0,0.0,0.0,704.0,0.0
1788870588.5792048,1788870588.5790691,0.9479606747627258,-1.522795254830271,0.006948421842665579,0.021701476509600033,0.021701476509600033,0.48425026532916726,0.0,0.9916130113601684,0.9527581143379211,0.0,0.0,-1.5707918088883162,0.15272081410512328,0.9279606747627258,9.968730430603028,1.7235126229934394,2.0,0.0,0.0,0.0,705.0,0.0
1788870588.6557448,1788870588.6555986,0.9469649195671082,-1.527158577926457,0.0054211797963245965,0.018653885696647107,0.018653885696647107,0.4864620386464364,0.0,0.9861320066452026,0.9557207036018371,0.0,0.0,-1.5707918088883162,0.15272081410512328,0.9269649195671081,9.952824096679688,1.7235126229934394,2.0,0.0,0.0,0.0,705.0,0.0
1788870588.7288063,1788870588.7287178,0.9459729790687561,-1.527158577926457,0.007042647990632222,0.021371697208010312,0.021371697208010312,0.4844896009567534,0.0,0.9807150173187256,0.9586592721939087,0.0,0.0,-1.5707918088883162,0.1570841372013092,0.9259729790687561,9.975830535888672,1.7278759460896254,2.0,0.0,0.0,0.0,707.0,0.0
1788870588.8030066,1788870588.8029037,0.945071280002594,-1.5315219010226429,0.005583011589896647,0.018917455123771583,0.018917455123771583,0.48627075449382506,0.0,0.9751915144920349,0.9617448854446411,0.0,0.0,-1.5707918088883162,0.1570841372013092,0.925071280002594,9.9549755859375,1.7278759460896254,2.0,0.0,0.0,0.0,707.0,0.0
1788870588.8587794,1788870588.858696,0.9444733262062073,-1.5315219010226429,0.007293577130645117,0.02201284930977654,0.02201284930977654,0.4840242881250667,0.0,0.9715422797203064,0.9637476015090942,0.0,0.0,-1.5707918088883162,0.16144746029749513,0.9244733262062073,9.976036529541016,1.7322392691858113,2.0,0.0,0.0,0.0,708.0,0.0
1788870588.9301305,1788870588.930038,0.9436908960342407,-1.5358852241188288,0.005396894294002064,0.018692898011497584,0.018692898011497584,0.4864337256601049,0.0,0.9659234094619751,0.9669573712348938,0.0,0.0,-1.5707918088883162,0.16144746029749513,0.9236908960342407,9.955006103515625,1.7322392691858113,2.0,0.0,0.0,0.0,708.0,0.0
1788870588.9855726,1788870588.9855042,0.9431735277175903,-1.5358852241188288,0.007090724965582137,0.021491093326353263,0.021491093326353263,0.484402949839545,0.0,0.9621978807449341,0.9690586733818054,0.0,0.0,-1.5707918088883162,0.16581078339368105,0.9231735277175903,9.976723175048829,1.7366025922819972,2.0,0.0,0.0,0.0,709.0,0.0
1788870589.0540652,1788870589.0539887,0.9426019191741943,-1.5489751934073865,0.005752446524606382,0.019332808213024272,0.019332808213024272,0.485969314131113,0.0,0.9564508008956909,0.9724418926239013,0.0,0.0,-1.5707918088883162,0.16581078339368105,0.9226019191741943,9.956153373718262,1.7366025922819972,2.0,0.0,0.0,0.0,709.0,0.0
1788870589.130428,1788870589.1303174,0.9434794187545776,-1.5707918088883162,0.006946904283870046,0.021360908059776182,0.021360908059776182,0.4844974311254489,0.0,0.9507373976707458,0.9757556128501892,0.0,0.0,-1.5707918088883162,0.17017410648986697,0.9234794187545776,9.970910530090332,1.7409659153781831,2.0,0.0,0.0,0.0,710.0,0.0
1788870589.2050674,1788870589.2049088,0.9462394714355469,-1.5707918088883162,0.005951416771903584,0.01973944598699688,0.01973944598699688,0.48567419886352403,0.0,0.9448560881614685,0.9793162155151367,0.0,0.0,-1.5707918088883162,0.17017410648986697,0.9262394714355469,9.950428466796875,1.7409659153781831,2.0,0.0,0.0,0.0,711.0,0.0
1788870589.3067317,1788870589.3065233,0.9485054016113281,1.4268111581914127,0.006813383098016964,0.021183811935657063,0.021183811935657063,0.48462595772431305,0.0,0.9370159912109375,0.9840309429168701,0.0,0.0,-1.5707918088883162,0.1745374295860529,0.9299598741531372,9.958919982910157,1.745329238474369,2.0,0.0,0.0,0.0,712.0,0.0
1788870589.3801744,1788870589.3799202,0.942804217338562,1.4268111581914127,0.007968565035779326,0.02420472926084281,0.02420472926084281,0.4824335425532462,0.0,0.9309726762771606,0.987809042930603,0.0,0.0,-1.5707918088883162,0.17890075268223882,0.9329132843017578,9.977535705566407,1.749692561570555,2.0,0.0,0.0,0.0,713.0,0.0
1788870589.4562,1788870589.4560766,0.9370561242103577,1.4224478350952268,0.006578431451713101,0.021997105230090193,0.021997105230090193,0.484035714309713,0.0,0.9249204206466675,0.9915779638290405,0.0,0.0,-1.5707918088883162,0.17890075268223882,0.9359000134468078,9.955833892822266,1.749692561570555,2.0,0.0,0.0,0.0,713.0,0.0
1788870589.5335667,1788870589.5334644,0.9312151074409485,1.4224478350952268,0.007917605384824567,0.024334567631034087,0.024334567631034087,0.4823393130256055,0.0,0.9187596845626831,0.9955060291290283,0.0,0.0,-1.5707918088883162,0.18326407577842474,0.9390017199516296,9.974741439819336,1.754055884666741,2.0,0.0,0.0,0.0,714.0,0.0
1788870589.6106217,1788870589.61048,0.9251946210861206,1.4180845119990408,0.006611889952815358,0.02211100378361663,0.02211100378361663,0.4839530530218214,0.0,0.912397186756134,0.9997470188140869,0.0,0.0,-1.5707918088883162,0.18326407577842474,0.9423032212257385,9.95725009918213,1.754055884666741,2.0,0.0,0.0,0.0,715.0,0.0
1788870589.6818483,1788870589.6816914,0.9191498160362244,1.413721188902855,0.007919356271625051,0.024372659183525103,0.024372659183525103,0.48231166827780836,0.0,0.9060333180427551,1.0039629745483398,0.0,0.0,-1.5707918088883162,0.18762739887461066,0.9456335115432739,9.978151779174805,1.7584192077629268,2.0,0.0,0.0,0.0,716.0,0.0
1788870589.7601204,1788870589.7599223,0.9129552841186523,1.413721188902855,0.006095302544422239,0.02096527545456335,0.02096527545456335,0.4847845594485598,0.0,0.8995150136947632,1.008419017791748,0.0,0.0,-1.5707918088883162,0.18762739887461066,0.9491253900527954,9.960905532836914,1.7584192077629268,2.0,0.0,0.0,0.0,716.0,0.0
1788870589.8326077,1788870589.8325064,0.9067366719245911,1.409357865806669,0.004615975783177501,0.016629368390686607,0.016629368390686607,0.4879313216415949,0.0,0.8936564135551452,1.0128450202941894,0.0,0.0,-1.5707918088883162,0.18762739887461066,0.9526424217224121,9.941694717407227,1.7584192077629268,2.0,0.0,0.0,0.0,716.0,0.0
1788870589.9071457,1788870589.9070346,0.900359570980072,1.409357865806669,0.0057656347913335616,0.017903832449793163,0.017903832449793163,0.48700638592261,0.0,0.8906907844543457,1.017551999092102,0.0,0.0,-1.5707918088883162,0.19199072197079659,0.9563420820236206,9.96628044128418,1.7627825308591127,2.0,0.0,0.0,0.0,717.0,0.0
1788870589.9846487,1788870589.9845421,0.8939949870109558,1.404994542710483,0.004732758534639561,0.015972528852530567,0.015972528852530567,0.48840801954934754,0.0,0.8878227877616882,1.0221199798583984,0.0,0.0,-1.5707918088883162,0.19199072197079659,0.9600096750259399,9.94623706817627,1.7627825308591127,2.0,0.0,0.0,0.0,718.0,0.0
1788870590.0616734,1788870590.061333,0.887736976146698,1.413721188902855,0.00624485204412643,0.018780227234602376,0.018780227234602376,0.4863703469267592,0.0,0.8851082134246826,1.0264709997177124,0.0,0.0,-1.5707918088883162,0.1963540450669825,0.9635938215255737,9.963813285827637,1.7671458539552987,2.0,0.0,0.0,0.0,719.0,0.0
1788870590.1354184,1788870590.1352396,0.8823099732398987,1.4486277736723423,0.005071286001770986,0.01699374881434772,0.01699374881434772,0.4876668744280899,0.0,0.8822911787033081,1.0309589910507202,0.0,0.0,-1.5707918088883162,0.1963540450669825,0.967276017665863,9.94045207977295,1.7671458539552987,2.0,0.0,0.0,0.0,719.0,0.0
1788870590.2260253,1788870590.2235506,0.8794670104980469,1.470444389153272,-0.007166381493207735,-0.01095456990048101,-0.01095456990048101,0.49204977738314976,0.0,0.880427520275116,1.0339259910583496,0.0,0.0,-1.5707918088883162,2.356198977679014,0.8594670104980469,9.52721736907959,3.9269907865673304,1.0,0.0,0.0,0.0,720.0,11.0
1788870590.3032973,1788870590.3030806,0.8760342001914978,1.5097142970189452,-0.008704780961725434,-0.022785080324409276,-0.022785080324409276,0.4834638454482897,0.0,0.877485613822937,1.038580994606018,0.0,0.0,-1.5707918088883162,2.356198977679014,0.8560342001914978,9.503797988891602,3.9269907865673304,1.0,0.0,0.0,0.0,720.0,11.0
1788870590.3919694,1788870590.3910053,0.8729184865951538,1.5097142970189452,-0.009802806410303908,-0.028793810456403536,-0.028793810456403536,0.4791030405396613,0.0,0.8740529823303222,1.044044952392578,0.0,0.0,-1.5707918088883162,2.356198977679014,0.8529184865951538,9.460697631835938,3.9269907865673304,1.0,0.0,0.0,0.0,720.0,11.0
1788870590.4562078,1788870590.4561012,0.871147871017456,1.5140776201151311,-0.0075660055444586646,-0.025585995556508468,-0.025585995556508468,0.48143109566181586,0.0,0.8724819827079773,1.0467270421981811,0.0,0.0,-1.5707918088883162,2.356198977679014,0.851147871017456,9.445131759643555,3.9269907865673304,1.0,0.0,0.0,0.0,720.0,11.0
1788870590.5360494,1788870590.535915,0.8694041967391968,1.5140776201151311,-0.0041404058244302894,-0.01695030771367639,-0.01695030771367639,0.48769840158289335,0.0,0.8713257122039795,1.0489769983291626,0.0,0.0,-1.5707918088883162,2.356198977679014,0.8494041967391968,9.39996955871582,3.9269907865673304,1.0,0.0,0.0,0.0,720.0,11.0
1788870590.6076307,1788870590.6074877,0.8687356114387512,1.518440943211317,-0.0012436756256087311,-0.007870925715466475,-0.007870925715466475,0.4942877162492795,0.0,0.8710542726516723,1.0496899890899658,0.0,0.0,-1.5707918088883162,2.356198977679014,0.8487356114387512,9.392506103515625,3.9269907865673304,1.0,0.0,0.0,0.0,720.0,11.0
1788870590.6675477,1788870590.667381,0.8677579164505005,1.522804266307503,0.00200573682016254,0.0021315727625241467,0.0021315727625241467,0.4984530220592835,0.0,0.8706043767929077,1.0508730220794678,0.0,0.0,-1.5707918088883162,2.356198977679014,0.8477579164505005,9.365245323181153,3.9269907865673304,1.0,0.0,0.0,0.0,720.0,11.0
1788870590.731339,1788870590.7312236,0.8666185140609741,1.522804266307503,0.004858034739401152,0.011521469645015825,0.011521469645015825,0.49163835281683343,0.0,0.8698261189460754,1.0525619792938232,0.0,0.0,-1.5707918088883162,2.356198977679014,0.8466185140609741,9.345427017211914,3.9269907865673304,1.0,0.0,0.0,0.0,720.0,11.0
1788870590.8030682,1788870590.8029308,0.8651936054229736,1.522804266307503,0.004967532845764995,0.014583714468018337,0.014583714468018337,0.4894159444273358,0.0,0.8685433077812195,1.0549939680099487,0.0,0.0,-1.5707918088883162,2.356198977679014,0.8451936054229736,9.295385818481446,3.9269907865673304,1.0,0.0,0.0,0.0,720.0,12.0
1788870590.856676,1788870590.8564942,0.8640403747558594,1.522804266307503,0.0047822443990644305,0.015087341794309825,0.015087341794309825,0.4890504394922885,0.0,0.8673320817947388,1.0555419731140137,0.0,0.0,-1.5707918088883162,2.356198977679014,0.8440403747558594,9.267830352783204,3.9269907865673304,1.0,0.0,0.0,0.0,720.0,12.0
1788870590.9295635,1788870590.929467,0.8620268702507019,1.522804266307503,0.003968961764837632,0.013416676891529242,0.013416676891529242,0.49026291593051735,0.0,0.865038673877716,1.055340986251831,0.0,0.0,-1.5707918088883162,2.356198977679014,0.8420268702507019,9.234265785217286,3.9269907865673304,1.0,0.0,0.0,0.0,720.0,12.0
1788870591.0031388,1788870591.0030425,0.8598818778991699,1.522804266307503,0.003005500007187864,0.010757323083559589,0.010757323083559589,0.492192928243406,0.0,0.8625129866600036,1.0555020380020141,0.0,0.0,-1.5707918088883162,2.356198977679014,0.8398818778991699,9.206184844970704,3.9269907865673304,1.0,0.0,0.0,0.0,720.0,12.0
1788870591.0794473,1788870591.0791092,0.8576856851577759,1.518440943211317,0.0019303621682743661,0.007551208182002458,0.007551208182002458,0.49451974960053297,0.0,0.8599399137496948,1.0557590532302856,0.0,0.0,-1.5707918088883162,2.356198977679014,0.8376856851577759,9.17912338256836,3.9269907865673304,1.0,0.0,0.0,0.0,720.0,12.0
1788870591.1541321,1788870591.1540217,0.8554059267044067,1.518440943211317,0.0010118176935388808,0.00453183408812783,0.00453183408812783,0.49671104477943356,0.0,0.8573015737533569,1.0559919881820679,0.0,0.0,-1.5707918088883162,2.356198977679014,0.8354059267044067,9.14971778869629,3.9269907865673304,1.0,0.0,0.0,0.0,720.0,12.0
1788870591.233414,1788870591.2332814,0.8531224131584167,1.518440943211317,0.002033184503145328,0.005913883513483883,0.005913883513483883,0.49570802953566867,0.0,0.8547130036354065,1.0561200189590454,0.0,0.0,-1.5707918088883162,2.356198977679014,0.8331224131584167,9.154541473388672,3.9269907865673304,1.0,0.0,0.0,0.0,720.0,12.0
1788870591.3032625,1788870591.3029919,0.8509042859077454,1.5140776201151311,0.001477792033232488,0.005084419208485938,0.005084419208485938,0.4963100089777986,0.0,0.8522788095474243,1.056058030128479,0.0,0.0,-1.5707918088883162,2.356198977679014,0.8309042859077453,9.118450622558594,3.9269907865673304,1.0,0.0,0.0,0.0,720.0,12.0
1788870591.3778515,1788870591.377709,0.8487467765808105,1.5140776201151311,0.0010644603694819742,0.003909716990185404,0.003909716990185404,0.4971625430552512,0.0,0.8499656724929809,1.0558500099182129,0.0,0.0,-1.5707918088883162,2.356198977679014,0.8287467765808105,9.079717140197754,3.9269907865673304,1.0,0.0,0.0,0.0,720.0,12.0
1788870591.454327,1788870591.4542367,0.8465434908866882,1.5140776201151311,0.00032455558793122733,0.0018999196140215705,0.0018999196140215705,0.4986211431372647,0.0,0.8475854802131653,1.0557189989089966,0.0,0.0,-1.5707918088883162,2.356198977679014,0.8265434908866882,9.04190299987793,3.9269907865673304,1.0,0.0,0.0,0.0,720.0,13.0
1788870591.5101244,1788870591.5099995,0.8450688719749451,1.5140776201151311,6.067204266799728e-05,0.0007058812597827851,0.0007058812597827851,0.4994877103156657,0.0,0.8459995794296264,1.0556299495697021,0.0,0.0,-1.5707918088883162,2.356198977679014,0.825068871974945,9.016402702331543,3.9269907865673304,1.0,0.0,0.0,0.0,720.0,13.0
1788870591.5822542,1788870591.582134,0.8428841829299927,1.5140776201151311,-0.0002708065479906978,-0.0003948422895643275,-0.0003948422895643275,0.49971344524439565,0.0,0.8436763095855713,1.0554259824752807,0.0,0.0,-1.5707918088883162,2.356198977679014,0.8228841829299927,8.976811866760254,3.9269907865673304,1.0,0.0,0.0,0.0,720.0,13.0
1788870591.6580837,1788870591.6578977,0.8407440781593323,1.5140776201151311,0.001450518764983819,0.0031307093466944563,0.0031307093466944563,0.49772790383547766,0.0,0.8414374995231628,1.0551179456710815,0.0,0.0,-1.5707918088883162,2.356198977679014,0.8207440781593323,8.972598533630372,3.9269907865673304,1.0,0.0,0.0,0.0,720.0,13.0
1788870591.729554,1788870591.7294626,0.8386461734771729,1.5140776201151311,0.001353679864341555,0.00397145570013342,0.00397145570013342,0.4971177365048688,0.0,0.8392758178710937,1.0547159719467163,0.0,0.0,-1.5707918088883162,2.356198977679014,0.8186461734771728,8.929618339538575,3.9269907865673304,1.0,0.0,0.0,0.0,720.0,13.0
1788870591.805111,1788870591.8049457,0.8365824818611145,1.5140776201151311,0.0032954989686189407,0.008573354399746453,0.008573354399746453,0.4937779322538127,0.0,0.8371727275848388,1.0542429494857788,0.0,0.0,-1.5707918088883162,2.356198977679014,0.8165824818611145,8.922791938781739,3.9269907865673304,1.0,0.0,0.0,0.0,720.0,13.0
1788870591.8777633,1788870591.877692,0.8344094157218933,1.5140776201151311,0.003103829686710972,0.009524584818156514,0.009524584818156514,0.4930875816827741,0.0,0.8348796772956848,1.0540009546279907,0.0,0.0,-1.5707918088883162,2.356198977679014,0.8144094157218933,8.882080535888672,3.9269907865673304,1.0,0.0,0.0,0.0,720.0,13.0
1788870591.9564319,1788870591.9562695,0.8321834206581116,1.5140776201151311,0.005467399188412054,0.015104349627489955,0.015104349627489955,0.4890380961450607,0.0,0.8325099158287048,1.0538500356674194,0.0,0.0,-1.5707918088883162,2.356198977679014,0.8121834206581116,8.879834632873536,3.9269907865673304,1.0,0.0,0.0,0.0,720.0,12.0
1788870592.0302708,1788870592.0299528,0.8298079967498779,1.5097142970189452,0.001802515160326322,0.008568938847377949,0.008568938847377949,0.4937811368181749,0.0,0.8299019145965576,1.0539860534667969,0.0,0.0,-1.5707918088883162,2.356198977679014,0.8098079967498779,8.806670646667481,3.9269907865673304,1.0,0.0,0.0,0.0,720.0,14.0
1788870592.1069508,1788870592.1067445,0.8273507952690125,1.5097142970189452,0.003619164427800005,0.010677609972485395,0.010677609972485395,0.49225077962271874,0.0,0.8271931219100952,1.054241042137146,0.0,0.0,-1.5707918088883162,2.356198977679014,0.8073507952690124,8.8092875289917,3.9269907865673304,1.0,0.0,0.0,0.0,720.0,13.0
1788870592.1797276,1788870592.1795876,0.8247687816619873,1.5097142970189452,0.0027835121320251227,0.009438350167481895,0.009438350167481895,0.4931501660358229,0.0,0.8242522883415222,1.054884057044983,0.0,0.0,-1.5707918088883162,2.356198977679014,0.8047687816619873,8.780939559936524,3.9269907865673304,1.0,0.0,0.0,0.0,720.0,13.0
1788870592.2545638,1788870592.2544756,0.8222771286964417,1.5097142970189452,0.0046540286220232785,0.01325652916357671,0.01325652916357671,0.4903791423182598,0.0,0.821528594493866,1.0551880407333374,0.0,0.0,-1.5707918088883162,2.356198977679014,0.8022771286964416,8.783548812866211,3.9269907865673304,1.0,0.0,0.0,0.0,720.0,12.0
1788870592.3311172,1788870592.3309498,0.8196585178375244,1.5053509739227593,0.0008903989468266652,0.005971452389964744,0.005971452389964744,0.49566624922042285,0.0,0.8186387228965759,1.055652003288269,0.0,0.0,-1.5707918088883162,2.356198977679014,0.7996585178375244,8.712054710388184,3.9269907865673304,1.0,0.0,0.0,0.0,720.0,14.0
1788870592.4141927,1788870592.4138978,0.8170198798179626,1.5053509739227593,0.002668975125345345,0.0077699399977629955,0.0077699399977629955,0.49436100611315903,0.0,0.8157530236244201,1.0561029720306396,0.0,0.0,-1.5707918088883162,2.356198977679014,0.7970198798179626,8.714799385070801,3.9269907865673304,1.0,0.0,0.0,0.0,720.0,13.0
1788870592.5138295,1788870592.513648,0.8152018785476685,1.5053509739227593,0.002297902490342813,0.0074782835776968,0.0074782835776968,0.4945726742560642,0.0,0.8139700102806091,1.0565010118484497,0.0,0.0,-1.5707918088883162,2.356198977679014,0.7952018785476684,8.692550163269043,3.9269907865673304,1.0,0.0,0.0,0.0,720.0,13.0
1788870592.58867,1788870592.5885508,0.8117536902427673,1.5053509739227593,0.0044157884600616575,0.012134851223847153,0.012134851223847153,0.491193194298965,0.0,0.8168210792541504,1.0568769979476929,0.0,0.0,-1.5707918088883162,2.356198977679014,0.7917536902427673,8.679042320251465,3.9269907865673304,1.0,0.0,0.0,0.0,720.0,12.0
1788870592.6682858,1788870592.6680133,0.8090776801109314,1.5053509739227593,0.004071952940959521,0.012761629954903472,0.012761629954903472,0.4907383128669532,0.0,0.8187970924377441,1.0573210525512695,0.0,0.0,-1.5707918088883162,2.356198977679014,0.7890776801109314,8.642359237670899,3.9269907865673304,1.0,0.0,0.0,0.0,720.0,12.0
1788870592.733142,1788870592.732342,0.8063756227493286,1.5009876508265734,0.003936955489574144,0.012647269283117124,0.012647269283117124,0.4908213095347889,0.0,0.8207632708549499,1.0577740478515625,0.0,0.0,-1.5707918088883162,2.356198977679014,0.7863756227493286,8.605215530395508,3.9269907865673304,1.0,0.0,0.0,0.0,720.0,12.0
1788870592.8091972,1788870592.8091006,0.8035026788711548,1.5009876508265734,0.00563490146481676,0.01641636006612468,0.01641636006612468,0.48808591133474527,0.0,0.822405378818512,1.0585549879074097,0.0,0.0,-1.5707918088883162,2.356198977679014,0.7835026788711548,8.610522727966309,3.9269907865673304,1.0,0.0,0.0,0.0,720.0,11.0
1788870592.880939,1788870592.88071,0.8011360168457031,1.5358942355960608,0.0049650131010916514,0.016046537366282705,0.016046537366282705,0.48835430825212484,0.0,0.8239369797706604,1.0594479846954346,0.0,0.0,-1.5707918088883162,2.356198977679014,0.7811360168457031,8.578402976989747,3.9269907865673304,1.0,0.0,0.0,0.0,720.0,11.0
1788870592.9570374,1788870592.9562523,0.8007910251617432,1.5664374972693622,0.004240039968521346,0.014311650739372626,0.014311650739372626,0.48961339327547443,0.0,0.825411479473114,1.060399990081787,0.0,0.0,-1.5707918088883162,2.356198977679014,0.7807910251617431,8.546254615783692,3.9269907865673304,1.0,0.0,0.0,0.0,720.0,11.0
1788870593.015376,1788870593.015248,0.8023368120193481,1.5664374972693622,0.00340714364384665,0.011925496984028285,0.011925496984028285,0.4913451320589558,0.0,0.8266538786888122,1.0615479755401611,0.0,0.0,-1.5707918088883162,2.356198977679014,0.7823368120193481,8.516998748779297,3.9269907865673304,1.0,0.0,0.0,0.0,720.0,11.0
1788870593.0809927,1788870593.080887,0.8037279844284058,1.5664374972693622,0.0023870776768323883,0.008924703091313036,0.008924703091313036,0.49352294275267583,0.0,0.8277116823196411,1.0610840129852295,0.0,0.0,-1.5707918088883162,2.356198977679014,0.7837279844284057,8.489799003601075,3.9269907865673304,1.0,0.0,0.0,0.0,720.0,11.0
1788870593.1569183,1788870593.1567955,0.8051289916038513,1.5664374972693622,0.0016071369057579505,0.0062773975962917205,0.0062773975962917205,0.49544421106457054,0.0,0.8288311171531677,1.0601299810409546,0.0,0.0,-1.5707918088883162,2.356198977679014,0.7851289916038513,8.460725288391114,3.9269907865673304,1.0,0.0,0.0,0.0,720.0,11.0
1788870593.2301216,1788870593.2300305,0.806603193283081,1.5664374972693622,-0.0009065158554210191,-0.000147376237255566,-0.000147376237255566,0.4998930424557733,0.0,0.8300674962997436,1.0590719985961914,0.0,0.0,-1.5707918088883162,2.356198977679014,0.786603193283081,8.428573112487793,3.9269907865673304,1.0,0.0,0.0,0.0,720.0,11.0
1788870593.3051546,1788870593.3049552,0.8081719279289246,1.5664374972693622,-0.002608675480794101,-0.0058876459481554564,-0.0058876459481554564,0.49572707131340893,0.0,0.8314822721481323,1.0578590440750122,0.0,0.0,-1.5707918088883162,2.356198977679014,0.7881719279289245,8.392693023681641,3.9269907865673304,1.0,0.0,0.0,0.0,720.0,12.0
1788870593.3787994,1788870593.3786557,0.8098055720329285,1.5664374972693622,-0.0027763945686661087,-0.007985417618258722,-0.007985417618258722,0.4942046243412179,0.0,0.8330352711677551,1.0565190124511719,0.0,0.0,-1.5707918088883162,2.356198977679014,0.7898055720329284,8.35413501739502,3.9269907865673304,1.0,0.0,0.0,0.0,720.0,12.0
1788870593.4551897,1788870593.4550955,0.811643123626709,1.5664374972693622,-0.0012794192486398355,-0.005261524402430848,-0.005261524402430848,0.49618147579655514,0.0,0.8349671769142151,1.054828028678894,0.0,0.0,-1.5707918088883162,2.356198977679014,0.791643123626709,8.347513656616211,3.9269907865673304,1.0,0.0,0.0,0.0,720.0,12.0
1788870593.5310946,1788870593.53069,0.8136997222900391,1.5664374972693622,-0.0004435212817160519,-0.0025719449917732105,-0.0025719449917732105,0.498133424184733,0.0,0.8372831749916076,1.0527800130844116,0.0,0.0,-1.5707918088883162,2.356198977679014,0.793699722290039,8.296935539245606,3.9269907865673304,1.0,0.0,0.0,0.0,720.0,12.0
1788870593.6090462,1788870593.608598,0.8158718943595886,1.5664374972693622,0.0017065413930706303,0.0030510692229462487,0.0030510692229462487,0.49778570224461505,0.0,0.8397819209098816,1.0505649852752685,0.0,0.0,-1.5707918088883162,2.356198977679014,0.7958718943595886,8.282189826965332,3.9269907865673304,1.0,0.0,0.0,0.0,720.0,12.0
1788870593.6840708,1788870593.6839511,0.817986786365509,1.5664374972693622,0.0037702848814382935,0.009360758901305652,0.009360758901305652,0.4932064774971426,0.0,0.8421534705162048,1.0484679746627807,0.0,0.0,-1.5707918088883162,2.356198977679014,0.797986786365509,8.265502433776856,3.9269907865673304,1.0,0.0,0.0,0.0,720.0,12.0
1788870593.7535338,1788870593.7534494,0.8200231790542603,1.5664374972693622,0.004395935793200984,0.0126551238471619,0.0126551238471619,0.49081560912543637,0.0,0.8443714189529419,1.0465110349655151,0.0,0.0,-1.5707918088883162,2.356198977679014,0.8000231790542602,8.221883277893067,3.9269907865673304,1.0,0.0,0.0,0.0,720.0,12.0
1788870593.8274343,1788870593.8273156,0.8218591213226318,1.5664374972693622,0.0057935577732900105,0.016774106566318194,0.016774106566318194,0.4878262786569883,0.0,0.8462260174751282,1.0448850202560425,0.0,0.0,-1.5707918088883162,2.356198977679014,0.8018591213226318,8.204837303161622,3.9269907865673304,1.0,0.0,0.0,0.0,720.0,12.0
1788870593.8815887,1788870593.8814528,0.8229237794876099,1.5664374972693622,0.005495681414244582,0.01734255833780332,0.01734255833780332,0.487413727715116,0.0,0.8471823143959045,1.0440569925308227,0.0,0.0,-1.5707918088883162,2.356198977679014,0.8029237794876098,8.180453758239747,3.9269907865673304,1.0,0.0,0.0,0.0,720.0,12.0
1788870593.9520216,1788870593.9518487,0.8243691921234131,1.5664374972693622,0.004813109017552992,0.0159841317006597,0.0159841317006597,0.4883995988421492,0.0,0.8483776259422302,1.0430359649658203,0.0,0.0,-1.5707918088883162,2.356198977679014,0.8043691921234131,8.145607452392579,3.9269907865673304,1.0,0.0,0.0,0.0,720.0,12.0
1788870594.0296218,1788870594.0294852,0.8255521059036255,1.5664374972693622,0.0037566971829230806,0.013210241199945611,0.013210241199945611,0.4904127355691762,0.0,0.8491868185997009,1.0423760223388672,0.0,0.0,-1.5707918088883162,2.356198977679014,0.8055521059036255,8.114553909301758,3.9269907865673304,1.0,0.0,0.0,0.0,720.0,12.0
1788870594.1029594,1788870594.1028388,0.8266252875328064,1.5664374972693622,0.0017786354440313624,0.007947215754613936,0.007947215754613936,0.49423234914676606,0.0,0.849869589805603,1.0418360042572021,0.0,0.0,-1.5707918088883162,2.356198977679014,0.8066252875328064,8.084393005371094,3.9269907865673304,1.0,0.0,0.0,0.0,720.0,13.0
1788870594.157638,1788870594.157506,0.8273280262947083,1.5664374972693622,0.0010622744361984615,0.0047636594634687356,0.0047636594634687356,0.49654279870871254,0.0,0.8503287243843078,1.0414759922027588,0.0,0.0,-1.5707918088883162,2.356198977679014,0.8073280262947082,8.063900451660157,3.9269907865673304,1.0,0.0,0.0,0.0,720.0,13.0
1788870594.2263768,1788870594.2262971,0.8284571766853333,1.5664374972693622,0.00023813955550208815,0.001962530443365298,0.001962530443365298,0.498575703650728,0.0,0.8511559176445007,1.0408140230178833,0.0,0.0,-1.5707918088883162,2.356198977679014,0.8084571766853332,8.030668716430664,3.9269907865673304,1.0,0.0,0.0,0.0,720.0,13.0
1788870594.3035,1788870594.3032904,0.8297659754753113,1.5664374972693622,-0.00024002610424265117,5.110065950605092e-05,5.110065950605092e-05,0.4999629139598696,0.0,0.8523145723342895,1.039851050376892,0.0,0.0,-1.5707918088883162,2.356198977679014,0.8097659754753113,7.993318061828614,3.9269907865673304,1.0,0.0,0.0,0.0,720.0,13.0
1788870594.3764536,1788870594.376309,0.8311666250228882,1.5664374972693622,0.001111766186420375,0.0025056864554334553,0.0025056864554334553,0.49818151097581226,0.0,0.8536559748649597,1.038717966079712,0.0,0.0,-1.5707918088883162,2.356198977679014,0.8111666250228882,7.977145175933838,3.9269907865673304,1.0,0.0,0.0,0.0,720.0,13.0
1788870594.4310014,1788870594.4309237,0.8321530222892761,1.5664374972693622,0.001048143638822592,0.0030995476875926424,0.0030995476875926424,0.4977505192488823,0.0,0.8546529817581177,1.0378659772872925,0.0,0.0,-1.5707918088883162,2.356198977679014,0.8121530222892761,7.94980094909668,3.9269907865673304,1.0,0.0,0.0,0.0,720.0,13.0
1788870594.5037851,1788870594.5036445,0.8336970210075378,1.5664374972693622,0.0026948050663402386,0.0069662276548799265,0.0069662276548799265,0.4949442962015768,0.0,0.8562670159339905,1.0364769506454468,0.0,0.0,-1.5707918088883162,2.356198977679014,0.8136970210075378,7.93090389251709,3.9269907865673304,1.0,0.0,0.0,0.0,720.0,13.0
1788870594.578951,1788870594.5788536,0.8351621031761169,1.5664374972693622,0.0017591478010257052,0.0060303593707615585,0.0060303593707615585,0.4956234977828698,0.0,0.8577366876602173,1.035222988128662,0.0,0.0,-1.5707918088883162,2.356198977679014,0.8151621031761169,7.890000801086426,3.9269907865673304,1.0,0.0,0.0,0.0,720.0,14.0
1788870594.6536765,1788870594.653543,0.8365914821624756,1.5664374972693622,0.003990635445088225,0.010748131208226092,0.010748131208226092,0.4921995991995303,0.0,0.8591533708572388,1.0340189743041992,0.0,0.0,-1.5707918088883162,2.356198977679014,0.8165914821624756,7.872751216888428,3.9269907865673304,1.0,0.0,0.0,0.0,720.0,13.0
1788870594.7284594,1788870594.7282927,0.8378806710243225,1.5664374972693622,0.002777488883473284,0.009446014461447983,0.009446014461447983,0.49314460371399876,0.0,0.8603241848945617,1.0330469417572021,0.0,0.0,-1.5707918088883162,2.356198977679014,0.8178806710243225,7.834221820831299,3.9269907865673304,1.0,0.0,0.0,0.0,720.0,14.0
1788870594.783435,1788870594.7833037,0.8387293219566345,1.5664374972693622,0.0024097587489727407,0.008231663936133336,0.008231663936133336,0.49402591234581616,0.0,0.8611007738113403,1.0324029731750488,0.0,0.0,-1.5707918088883162,2.356198977679014,0.8187293219566345,7.808365802764893,3.9269907865673304,1.0,0.0,0.0,0.0,720.0,14.0
1788870594.851724,1788870594.8515909,0.8398451805114746,1.5664374972693622,0.00166122004362794,0.006190632078566587,0.006190632078566587,0.49550718069164384,0.0,0.8619941878318786,1.0316940355300903,0.0,0.0,-1.5707918088883162,2.356198977679014,0.8198451805114746,7.77189682006836,3.9269907865673304,1.0,0.0,0.0,0.0,720.0,14.0
1788870594.9277983,1788870594.9277055,0.8409352898597717,1.5664374972693622,0.0027316040989253526,0.007975982805162766,0.007975982805162766,0.49421147160817064,0.0,0.8628790187835693,1.030995945930481,0.0,0.0,-1.5707918088883162,2.356198977679014,0.8209352898597717,7.758357028961182,3.9269907865673304,1.0,0.0,0.0,0.0,720.0,14.0
1788870595.001771,1788870595.0016458,0.8420274257659912,1.5664374972693622,0.0020979554198655055,0.0070922149820475625,0.0070922149820475625,0.4948528615485522,0.0,0.8636426138877868,1.0314839887619018,0.0,0.0,-1.5707918088883162,2.356198977679014,0.8220274257659912,7.720746974945069,3.9269907865673304,1.0,0.0,0.0,0.0,720.0,14.0
1788870595.0598762,1788870595.0597272,0.8427836894989014,1.5664374972693622,0.003550586238993787,0.010080977669960352,0.010080977669960352,0.49268378243967736,0.0,0.8623521733283996,1.0329940128326416,0.0,0.0,-1.5707918088883162,2.356198977679014,0.8227836894989013,7.7183451461792,3.9269907865673304,1.0,0.0,0.0,0.0,720.0,14.0
1788870595.1284885,1788870595.1282682,0.8438488245010376,1.5664374972693622,0.002822636979794157,0.00934700013572702,0.00934700013572702,0.49321646285031273,0.0,0.8603182244300842,1.0353849935531616,0.0,0.0,-1.5707918088883162,2.356198977679014,0.8238488245010376,7.680229167938233,3.9269907865673304,1.0,0.0,0.0,0.0,720.0,14.0
1788870595.2019925,1788870595.2016983,0.8448963165283203,1.5664374972693622,0.0015398908284006987,0.006253455496335671,0.006253455496335671,0.49546158692015363,0.0,0.8582758712768555,1.0377800273895263,0.0,0.0,-1.5707918088883162,2.356198977679014,0.8248963165283203,7.641808013916016,3.9269907865673304,1.0,0.0,0.0,0.0,720.0,15.0
1788870595.2569811,1788870595.2568057,0.8455215096473694,1.5664374972693622,0.0035420291571744227,0.009810181960971408,0.009810181960971408,0.49288031102908875,0.0,0.8568072128295898,1.0395159530639648,0.0,0.0,-1.5707918088883162,2.356198977679014,0.8255215096473694,7.640850048065186,3.9269907865673304,1.0,0.0,0.0,0.0,720.0,14.0
1788870595.3289847,1788870595.328256,0.8464329242706299,1.5664374972693622,0.002075438997054683,0.007592037941693912,0.007592037941693912,0.49449011761298,0.0,0.8545861053466797,1.0421349811553955,0.0,0.0,-1.5707918088883162,2.356198977679014,0.8264329242706299,7.603610019683838,3.9269907865673304,1.0,0.0,0.0,0.0,720.0,15.0
1788870595.4021564,1788870595.4020753,0.8474171757698059,1.5664374972693622,0.0013738098667921616,0.005354945484122616,0.005354945484122616,0.4961136759282533,0.0,0.852500479221344,1.0445689964294433,0.0,0.0,-1.5707918088883162,2.356198977679014,0.8274171757698059,7.5644187736511235,3.9269907865673304,1.0,0.0,0.0,0.0,720.0,15.0
1788870595.47807,1788870595.4779043,0.8475732803344727,1.522804266307503,0.0023847316367811423,0.006948282511626543,0.006948282511626543,0.4949573197967569,0.0,0.850200514793396,1.0472860145568847,0.0,0.0,-1.5707918088883162,2.356198977679014,0.8275732803344726,7.551097850799561,3.9269907865673304,1.0,0.0,0.0,0.0,720.0,15.0
1788870595.5548913,1788870595.5547395,0.8455824255943298,1.522804266307503,0.0036992546549191787,0.010370815180506922,0.010370815180506922,0.4924734343609767,0.0,0.8479891228675842,1.0498740482330322,0.0,0.0,-1.5707918088883162,2.356198977679014,0.8255824255943298,7.536365013122559,3.9269907865673304,1.0,0.0,0.0,0.0,720.0,15.0
1788870595.6283433,1788870595.6282432,0.8436322212219238,1.522804266307503,0.003015449127906302,0.009865850600662196,0.009865850600662196,0.4928399098008945,0.0,0.8458676743507385,1.052335958480835,0.0,0.0,-1.5707918088883162,2.356198977679014,0.8236322212219238,7.496271114349366,3.9269907865673304,1.0,0.0,0.0,0.0,720.0,15.0
1788870595.7034683,1788870595.7033572,0.8416140079498291,1.518440943211317,0.001772284067544619,0.006929671491498606,0.006929671491498606,0.49497082664864506,0.0,0.8436476993560791,1.0549280452728271,0.0,0.0,-1.5707918088883162,2.356198977679014,0.8216140079498291,7.457063179016114,3.9269907865673304,1.0,0.0,0.0,0.0,720.0,16.0
1788870595.7774384,1788870595.7772982,0.8394473195075989,1.518440943211317,0.0027655181891092953,0.008273662191054404,0.008273662191054404,0.4939954323288757,0.0,0.8411990809440613,1.0578260231018066,0.0,0.0,-1.5707918088883162,2.356198977679014,0.8194473195075989,7.444093208312989,3.9269907865673304,1.0,0.0,0.0,0.0,720.0,16.0
1788870595.85249,1788870595.852426,0.837249219417572,1.518440943211317,0.0018017772094167555,0.006518079606409855,0.006518079606409855,0.4952695373368301,0.0,0.8387285876274109,1.0607420015335083,0.0,0.0,-1.5707918088883162,2.356198977679014,0.817249219417572,7.40671012878418,3.9269907865673304,1.0,0.0,0.0,0.0,720.0,16.0
1788870595.9269047,1788870595.926784,0.8351091742515564,1.518440943211317,0.003244885933959622,0.009223968373992511,0.009223968373992511,0.49330575251696496,0.0,0.8363830256462097,1.0634779739379883,0.0,0.0,-1.5707918088883162,2.356198977679014,0.8151091742515564,7.391547183990479,3.9269907865673304,1.0,0.0,0.0,0.0,720.0,16.0
1788870595.9809752,1788870595.9808779,0.8336420059204102,1.518440943211317,0.004888764810000965,0.013718023686599915,0.013718023686599915,0.49004421504792217,0.0,0.8347570705413818,1.065386037826538,0.0,0.0,-1.5707918088883162,2.356198977679014,0.8136420059204101,7.390252094268799,3.9269907865673304,1.0,0.0,0.0,0.0,720.0,16.0
1788870596.055967,1788870596.0554883,0.8314592242240906,1.5140776201151311,0.004022710508545084,0.013126278645120965,0.013126278645120965,0.4904736709603782,0.0,0.8323793220520019,1.0681550312042236,0.0,0.0,-1.5707918088883162,2.356198977679014,0.8114592242240906,7.3505258369445805,3.9269907865673304,1.0,0.0,0.0,0.0,720.0,16.0
1788870596.1327298,1788870596.1325812,0.82916259765625,1.5140776201151311,0.002601010722066209,0.009764147610964597,0.009764147610964597,0.4929137202212251,0.0,0.8298290777206421,1.0711610126495361,0.0,0.0,-1.5707918088883162,2.356198977679014,0.80916259765625,7.312548141479493,3.9269907865673304,1.0,0.0,0.0,0.0,720.0,17.0
1788870596.2055552,1788870596.2054281,0.8266937732696533,1.5140776201151311,0.0037277433125155377,0.011279389303324184,0.011279389303324184,0.4918140413765027,0.0,0.8270147848129272,1.0745310592651367,0.0,0.0,-1.5707918088883162,2.356198977679014,0.8066937732696533,7.301619033813477,3.9269907865673304,1.0,0.0,0.0,0.0,720.0,17.0
1788870596.2772613,1788870596.2771633,0.8241788148880005,1.5097142970189452,0.002512433213425567,0.009011667189070524,0.009011667189070524,0.49345982900716806,0.0,0.8241616296768188,1.0779419946670532,0.0,0.0,-1.5707918088883162,2.356198977679014,0.8041788148880005,7.265889148712159,3.9269907865673304,1.0,0.0,0.0,0.0,720.0,17.0
1788870596.3518748,1788870596.3517766,0.8216996192932129,1.5097142970189452,0.0038310666570202227,0.011285089468446457,0.011285089468446457,0.4918099045110587,0.0,0.8214186835289001,1.0811819839477539,0.0,0.0,-1.5707918088883162,2.356198977679014,0.8016996192932129,7.252819995880127,3.9269907865673304,1.0,0.0,0.0,0.0,720.0,17.0
1788870596.426174,1788870596.425971,0.8191397190093994,1.5097142970189452,0.008998285962787749,0.023541687397178494,0.023541687397178494,0.4829147417667536,0.0,0.8185645151138305,1.0845759916305542,0.0,0.0,-1.5707918088883162,2.356198977679014,0.7991397190093994,7.266030769348145,3.9269907865673304,1.0,0.0,0.0,0.0,720.0,15.0
1788870596.481295,1788870596.481148,0.8174576163291931,1.5097142970189452,0.004275715464831314,0.01664010886037569,0.01664010886037569,0.4879235268011024,0.0,0.8167195129394531,1.086745958328247,0.0,0.0,-1.5707918088883162,2.356198977679014,0.7974576163291931,7.215066890716553,3.9269907865673304,1.0,0.0,0.0,0.0,720.0,17.0
1788870596.5541291,1788870596.5537403,0.8148422837257385,1.5053509739227593,0.00025186093842132856,0.005556201160176484,0.005556201160176484,0.4959676156591538,0.0,0.8138137865066528,1.0901980209350586,0.0,0.0,-1.5707918088883162,2.356198977679014,0.7948422837257385,7.177834968566895,3.9269907865673304,1.0,0.0,0.0,0.0,720.0,18.0
1788870596.6282878,1788870596.6281784,0.8118938207626343,1.5053509739227593,0.001791311500303255,0.005679398108732237,0.005679398108732237,0.49587820610901784,0.0,0.810359399318695,1.0944850254058838,0.0,0.0,-1.5707918088883162,2.356198977679014,0.7918938207626343,7.174374084472657,3.9269907865673304,1.0,0.0,0.0,0.0,720.0,17.0
1788870596.7034767,1788870596.7033875,0.8090837001800537,1.5053509739227593,0.003928337827931027,0.010503296167185172,0.010503296167185172,0.49237728696804745,0.0,0.8071660208702087,1.098366003036499,0.0,0.0,-1.5707918088883162,2.356198977679014,0.7890837001800537,7.167848091125489,3.9269907865673304,1.0,0.0,0.0,0.0,720.0,16.0
1788870596.7568917,1788870596.7568297,0.8073369860649109,1.5009876508265734,0.006959544723266119,0.01874036903027166,0.01874036903027166,0.48639927381301906,0.0,0.8053039717674255,1.1005179691314697,0.0,0.0,-1.5707918088883162,2.356198977679014,0.7873369860649109,7.166916828155518,3.9269907865673304,1.0,0.0,0.0,0.0,720.0,15.0
1788870596.8264852,1788870596.8263996,0.8046756982803345,1.5009876508265734,0.012982356267413814,0.03470258874808844,0.03470258874808844,0.47481477516372494,0.0,0.8024738836288452,1.103790979385376,0.0,0.0,-1.5707918088883162,2.356198977679014,0.7846756982803345,7.177871208190918,3.9269907865673304,1.0,0.0,0.0,0.0,720.0,13.0
1788870596.8818579,1788870596.881775,0.802793025970459,1.5009876508265734,0.008178866401922754,0.028731437364733506,0.028731437364733506,0.47914830748930726,0.0,0.8004194903373718,1.1057989406585693,0.0,0.0,-1.5707918088883162,2.356198977679014,0.782793025970459,7.126153926849366,3.9269907865673304,1.0,0.0,0.0,0.0,720.0,15.0
1788870596.9533057,1788870596.9531567,0.7997869849205017,1.5009876508265734,0.010184690503321875,0.031433137936861054,0.031433137936861054,0.4771875622306967,0.0,0.7970214295387268,1.108749966621399,0.0,0.0,-1.5707918088883162,2.356198977679014,0.7797869849205017,7.119758110046387,3.9269907865673304,1.0,0.0,0.0,0.0,720.0,14.0
1788870597.0104926,1788870597.0103858,0.7974705100059509,1.4966243277303874,0.008833362287504098,0.029216672905067492,0.029216672905067492,0.47879615029807937,0.0,0.7942591118812561,1.1114729452133179,0.0,0.0,-1.5707918088883162,2.356198977679014,0.7774705100059509,7.105462055206299,3.9269907865673304,1.0,0.0,0.0,0.0,720.0,14.0
1788870597.080205,1788870597.0800438,0.7939735054969788,1.4922610046342015,0.007090203110684681,0.024647056839453937,0.024647056839453937,0.4821125255939792,0.0,0.7901652264595032,1.1154559659957886,0.0,0.0,-1.5707918088883162,2.356198977679014,0.7739735054969787,7.081659774780274,3.9269907865673304,1.0,0.0,0.0,0.0,720.0,14.0
1788870597.156637,1788870597.1564934,0.790325403213501,1.4922610046342015,0.0051490031986999715,0.01892788421692412,0.01892788421692412,0.48626318563324833,0.0,0.7859074282646179,1.119678955078125,0.0,0.0,-1.5707918088883162,2.356198977679014,0.770325403213501,7.058893184661866,3.9269907865673304,1.0,0.0,0.0,0.0,720.0,14.0
1788870597.2291107,1788870597.2290158,0.7866138219833374,1.4878976815380156,0.003391538677637876,0.013275411902986079,0.013275411902986079,0.4903654382675044,0.0,0.7816340136528015,1.1239080238342285,0.0,0.0,-1.5707918088883162,2.356198977679014,0.7666138219833374,7.034843902587891,3.9269907865673304,1.0,0.0,0.0,0.0,720.0,14.0
1788870597.3042774,1788870597.3041737,0.7829403877258301,1.4835343584418297,0.0005573159471652006,0.005231011292545874,0.005231011292545874,0.49620362052871003,0.0,0.7774827289581299,1.1279250192642212,0.0,0.0,-1.5707918088883162,2.356198977679014,0.7629403877258301,7.007688026428223,3.9269907865673304,1.0,0.0,0.0,0.0,720.0,15.0
1788870597.377177,1788870597.3767214,0.7793480753898621,1.4835343584418297,-0.0005113153300672439,0.0004239570484131363,0.0004239570484131363,0.4996923153582945,0.0,0.7735205101966858,1.131623010635376,0.0,0.0,-1.5707918088883162,2.356198977679014,0.759348075389862,6.976740818023682,3.9269907865673304,1.0,0.0,0.0,0.0,720.0,15.0
1788870597.4322472,1788870597.4321516,0.7769656777381897,1.4835343584418297,0.001926247761578652,0.004441982100460122,0.004441982100460122,0.4967762543961519,0.0,0.7709470796585083,1.1339130210876465,0.0,0.0,-1.5707918088883162,2.356198977679014,0.7569656777381897,6.979680042266846,3.9269907865673304,1.0,0.0,0.0,0.0,720.0,14.0
1788870597.5022388,1788870597.5021358,0.7735059261322021,1.4835343584418297,0.00032097190157021126,0.00205157168965531,0.00205157168965531,0.4985110824253839,0.0,0.7673213291168213,1.1369050550460815,0.0,0.0,-1.5707918088883162,2.356198977679014,0.7535059261322021,6.938075046539307,3.9269907865673304,1.0,0.0,0.0,0.0,720.0,15.0
1788870597.57773,1788870597.5775723,0.7702010869979858,1.4791710353456438,0.002218511315126491,0.005584936852779933,0.005584936852779933,0.49594676087842554,0.0,0.763947229385376,1.1394820022583008,0.0,0.0,-1.5707918088883162,2.356198977679014,0.7502010869979858,6.919329147338868,3.9269907865673304,1.0,0.0,0.0,0.0,720.0,15.0
1788870597.6584942,1788870597.6584346,0.7667890191078186,1.4791710353456438,0.0038305124720030698,0.010255828993120856,0.010255828993120856,0.49255688499353334,0.0,0.7604080247879028,1.1423300313949585,0.0,0.0,-1.5707918088883162,2.356198977679014,0.7467890191078186,6.903029899597168,3.9269907865673304,1.0,0.0,0.0,0.0,720.0,15.0
1788870597.7303257,1788870597.73021,0.7634168267250061,1.4791710353456438,0.005728471966061572,0.01590852590191418,0.01590852590191418,0.4884544693607193,0.0,0.7569411206245422,1.1450489568710327,0.0,0.0,-1.5707918088883162,2.356198977679014,0.7434168267250061,6.885377864837647,3.9269907865673304,1.0,0.0,0.0,0.0,720.0,15.0
1788870597.8050303,1788870597.8049088,0.7599244117736816,1.4791710353456438,0.004527319219655653,0.014913752822602917,0.014913752822602917,0.48917642079337453,0.0,0.7532958793640137,1.1480569648742676,0.0,0.0,-1.5707918088883162,2.356198977679014,0.7399244117736816,6.842897872924805,3.9269907865673304,1.0,0.0,0.0,0.0,720.0,16.0
1788870597.8816962,1788870597.8815877,0.7562512159347534,1.4791710353456438,0.005947865017737928,0.017797343486513833,0.017797343486513833,0.48708366973858813,0.0,0.7493914771080017,1.15147696018219,0.0,0.0,-1.5707918088883162,2.356198977679014,0.7362512159347534,6.831034164428711,3.9269907865673304,1.0,0.0,0.0,0.0,720.0,16.0
1788870597.9577892,1788870597.957608,0.7525036931037903,1.4791710353456438,0.005117664235254519,0.01680277093292427,0.01680277093292427,0.4878054756407349,0.0,0.7453368711471557,1.1552339601516723,0.0,0.0,-1.5707918088883162,2.356198977679014,0.7325036931037903,6.796545963287354,3.9269907865673304,1.0,0.0,0.0,0.0,720.0,16.0
1788870598.028985,1788870598.028873,0.7487694025039673,1.4748077122494578,0.006345885305813222,0.0192556143648989,0.0192556143648989,0.4860253371683316,0.0,0.7413251209259033,1.1589369583129883,0.0,0.0,-1.5707918088883162,2.356198977679014,0.7287694025039673,6.7895469474792485,3.9269907865673304,1.0,0.0,0.0,0.0,720.0,16.0
1788870598.1068432,1788870598.106679,0.7448971271514893,1.4748077122494578,0.005416302869012487,0.01790920273605764,0.01790920273605764,0.487002488465046,0.0,0.7371281790733337,1.1629370260238647,0.0,0.0,-1.5707918088883162,2.356198977679014,0.7248971271514892,6.757030944824219,3.9269907865673304,1.0,0.0,0.0,0.0,720.0,16.0
1788870598.181472,1788870598.181322,0.7409828901290894,1.470444389153272,0.006341536198910917,0.01957780190637775,0.01957780190637775,0.4857915112214982,0.0,0.7329069185256958,1.1669490146636963,0.0,0.0,-1.5707918088883162,2.356198977679014,0.7209828901290893,6.751658897399903,3.9269907865673304,1.0,0.0,0.0,0.0,720.0,16.0
1788870598.257455,1788870598.2573075,0.7369285821914673,1.470444389153272,0.004491907716336763,0.015935213856507674,0.015935213856507674,0.4884351007152924,0.0,0.7285169768333435,1.1712310123443603,0.0,0.0,-1.5707918088883162,2.356198977679014,0.7169285821914673,6.720087032318116,3.9269907865673304,1.0,0.0,0.0,0.0,720.0,17.0
1788870598.331645,1788870598.331545,0.7328475713729858,1.466081066057086,0.003490124784634344,0.012598443674533234,0.012598443674533234,0.4908567444684442,0.0,0.724120717048645,1.175490002632141,0.0,0.0,-1.5707918088883162,2.356198977679014,0.7128475713729858,6.6874351310729985,3.9269907865673304,1.0,0.0,0.0,0.0,720.0,17.0
1788870598.4091673,1788870598.4084992,0.7286487221717834,1.466081066057086,0.0045873634659061155,0.014055227265989668,0.014055227265989668,0.48979949128900674,0.0,0.7195973801612854,1.1799479532241821,0.0,0.0,-1.5707918088883162,2.356198977679014,0.7086487221717834,6.683938007354737,3.9269907865673304,1.0,0.0,0.0,0.0,720.0,17.0
1788870598.4840305,1788870598.4838934,0.7244899868965149,1.466081066057086,0.006007151306552934,0.01767258710647547,0.01767258710647547,0.48717421103808123,0.0,0.7151598143577576,1.184218029975891,0.0,0.0,-1.5707918088883162,2.356198977679014,0.7044899868965149,6.678211193084717,3.9269907865673304,1.0,0.0,0.0,0.0,720.0,17.0
1788870598.5575018,1788870598.5572784,0.7202209830284119,1.4617177429609,0.004538154338480757,0.015467241850139538,0.015467241850139538,0.4887747289857658,0.0,0.710656623840332,1.188441972732544,0.0,0.0,-1.5707918088883162,2.356198977679014,0.7002209830284118,6.640347938537598,3.9269907865673304,1.0,0.0,0.0,0.0,720.0,18.0
1788870598.634467,1788870598.6341012,0.7159379720687866,1.4617177429609,0.006814438438505554,0.019904514657294304,0.019904514657294304,0.4855544011272501,0.0,0.7061275053024292,1.1927699851989746,0.0,0.0,-1.5707918088883162,2.356198977679014,0.6959379720687866,6.632801990509034,3.9269907865673304,1.0,0.0,0.0,0.0,720.0,17.0
1788870598.7075076,1788870598.707134,0.7115631103515625,1.4617177429609,0.004977032613324101,0.01711990745103428,0.01711990745103428,0.48757531544806526,0.0,0.7021075892448425,1.1973899412155151,0.0,0.0,-1.5707918088883162,2.356198977679014,0.6915631103515625,6.599682788848877,3.9269907865673304,1.0,0.0,0.0,0.0,720.0,18.0
1788870598.7776232,1788870598.7775283,0.7071723937988281,1.4573544198647141,0.006504234885877787,0.01970545837967653,0.01970545837967653,0.485698865194276,0.0,0.7058434891700744,1.2019289541244507,0.0,0.0,-1.5707918088883162,2.356198977679014,0.6871723937988281,6.594040851593018,3.9269907865673304,1.0,0.0,0.0,0.0,720.0,18.0
1788870598.8527958,1788870598.8526623,0.7026107907295227,1.4573544198647141,0.007910590297905012,0.023631359781210184,0.023631359781210184,0.48284966249644795,0.0,0.709254424571991,1.2068669605255127,0.0,0.0,-1.5707918088883162,2.356198977679014,0.6826107907295227,6.591566066741944,3.9269907865673304,1.0,0.0,0.0,0.0,720.0,18.0
1788870598.9284313,1788870598.928291,0.6980401277542114,1.4529910967685282,0.006361654742152066,0.021339514556783686,0.021339514556783686,0.48451295734992783,0.0,0.7127340841293335,1.2091059494018555,0.0,0.0,-1.5707918088883162,2.356198977679014,0.6780401277542114,6.557900886535645,3.9269907865673304,1.0,0.0,0.0,0.0,720.0,19.0
1788870599.0041647,1788870599.0040698,0.6939576864242554,1.4922610046342015,0.008451946059987808,0.0253342135414078,0.0253342135414078,0.481613825160934,0.0,0.7159848022460937,1.2113820123672485,0.0,0.0,-1.5707918088883162,2.356198977679014,0.6739576864242554,6.552892189025879,3.9269907865673304,1.0,0.0,0.0,0.0,720.0,18.0
1788870599.0776112,1788870599.0774834,0.691425085067749,1.5402575586922467,0.006664682577187409,0.022529153035322137,0.022529153035322137,0.48364958335862795,0.0,0.7189140725135803,1.2140099811553955,0.0,0.0,-1.5707918088883162,2.356198977679014,0.671425085067749,6.523038845062256,3.9269907865673304,1.0,0.0,0.0,0.0,720.0,19.0
1788870599.1552598,1788870599.1551514,0.6918929219245911,1.5664374972693622,0.00818854342113948,0.02510108317394908,0.02510108317394908,0.4817830183229552,0.0,0.7218640255928039,1.2166080284118652,0.0,0.0,-1.5707918088883162,2.356198977679014,0.671892921924591,6.518170814514161,3.9269907865673304,1.0,0.0,0.0,0.0,720.0,19.0
1788870599.2289824,1788870599.2288334,0.694888710975647,1.5664374972693622,0.009562728743776753,0.02895083733824465,0.02895083733824465,0.4789890790898912,0.0,0.7245060014724731,1.2195529747009277,0.0,0.0,-1.5707918088883162,2.356198977679014,0.674888710975647,6.515892009735108,3.9269907865673304,1.0,0.0,0.0,0.0,720.0,19.0
1788870599.2828948,1788870599.2827566,0.696891725063324,1.5664374972693622,0.00857401538033259,0.027891045653418396,0.027891045653418396,0.4797582174402235,0.0,0.726309220790863,1.2214649724960327,0.0,0.0,-1.5707918088883162,2.356198977679014,0.676891725063324,6.495501976013184,3.9269907865673304,1.0,0.0,0.0,0.0,720.0,19.0
1788870599.351627,1788870599.3515108,0.6997547149658203,1.5664374972693622,0.006834060553708452,0.02367560933633245,0.02367560933633245,0.48281754860999554,0.0,0.72881112575531,1.2245650100708008,0.0,0.0,-1.5707918088883162,2.356198977679014,0.6797547149658203,6.466285209655762,3.9269907865673304,1.0,0.0,0.0,0.0,720.0,20.0
1788870599.40765,1788870599.407532,0.7015107274055481,1.5664374972693622,0.008573492528609573,0.026307306064985183,0.026307306064985183,0.4809076082798045,0.0,0.7302524256706238,1.226891975402832,0.0,0.0,-1.5707918088883162,2.356198977679014,0.6815107274055481,6.475612144470215,3.9269907865673304,1.0,0.0,0.0,0.0,720.0,20.0
1788870599.4789872,1788870599.4788647,0.7040793895721436,1.5664374972693622,0.007181614831368319,0.02397900904176059,0.02397900904176059,0.48259735783829444,0.0,0.7323611783981323,1.230440001487732,0.0,0.0,-1.5707918088883162,2.356198977679014,0.6840793895721435,6.448495845794678,3.9269907865673304,1.0,0.0,0.0,0.0,720.0,20.0
1788870599.5574064,1788870599.5567582,0.7067102789878845,1.5664374972693622,0.00867785134826328,0.026632089732637927,0.026632089732637927,0.4806718982077876,0.0,0.734629909992218,1.2337959814071655,0.0,0.0,-1.5707918088883162,2.356198977679014,0.6867102789878845,6.44593189239502,3.9269907865673304,1.0,0.0,0.0,0.0,720.0,20.0
1788870599.6333952,1788870599.6332784,0.7083622813224792,1.5664374972693622,0.007329120079171211,0.024406855897134892,0.024406855897134892,0.4822868501892451,0.0,0.7359946179389953,1.2362079429626465,0.0,0.0,-1.5707918088883162,2.356198977679014,0.6883622813224792,6.427007179260254,3.9269907865673304,1.0,0.0,0.0,0.0,720.0,21.0
1788870599.7049067,1788870599.7047665,0.7108036875724792,1.5664374972693622,0.00882016284636456,0.02707922154499708,0.02707922154499708,0.48034739460065146,0.0,0.7380323815345764,1.239829044342041,0.0,0.0,-1.5707918088883162,2.356198977679014,0.6908036875724792,6.425486068725586,3.9269907865673304,1.0,0.0,0.0,0.0,720.0,21.0
1788870599.7599065,1788870599.7597897,0.7131237983703613,1.5664374972693622,0.010293762294909853,0.031181794004097197,0.031181794004097197,0.4773699737938179,0.0,0.7399133849143982,1.2436359930038452,0.0,0.0,-1.5707918088883162,2.356198977679014,0.6931237983703613,6.4250569152832036,3.9269907865673304,1.0,0.0,0.0,0.0,720.0,21.0
1788870599.8267796,1788870599.826709,0.7153723239898682,1.5664374972693622,0.008582695762776614,0.028579776709848778,0.028579776709848778,0.47925837442753527,0.0,0.7417328763008117,1.247511010169983,0.0,0.0,-1.5707918088883162,2.356198977679014,0.6953723239898681,6.395825843811036,3.9269907865673304,1.0,0.0,0.0,0.0,720.0,22.0
1788870599.9012985,1788870599.9011672,0.7174552083015442,1.5664374972693622,0.0100410613758032,0.031065910494753803,0.031065910494753803,0.47745407565315806,0.0,0.743324499130249,1.251662950515747,0.0,0.0,-1.5707918088883162,2.356198977679014,0.6974552083015442,6.396725158691407,3.9269907865673304,1.0,0.0,0.0,0.0,720.0,22.0
1788870599.955073,1788870599.9549122,0.7186911702156067,1.5664374972693622,0.009029777370808859,0.029546474459037988,0.029546474459037988,0.47855679852094263,0.0,0.7441592025756836,1.2547130393981933,0.0,0.0,-1.5707918088883162,2.356198977679014,0.6986911702156067,6.380157928466797,3.9269907865673304,1.0,0.0,0.0,0.0,720.0,22.0
1788870600.0395145,1788870600.0394187,0.7205166816711426,1.5664374972693622,0.010188091569963273,0.03168526745442912,0.03168526745442912,0.4770045805334548,0.0,0.7454274702072143,1.2592589664459228,0.0,0.0,-1.5707918088883162,2.356198977679014,0.7005166816711426,6.3829588699340825,3.9269907865673304,1.0,0.0,0.0,0.0,720.0,22.0
1788870600.1053598,1788870600.105195,0.7216395735740662,1.5664374972693622,0.0057133154686675215,0.022303406886143986,0.022303406886143986,0.48381341746230955,0.0,0.7461455273628235,1.2624519872665405,0.0,0.0,-1.5707918088883162,2.356198977679014,0.7016395735740661,6.366231899261475,3.9269907865673304,1.0,0.0,0.0,0.0,720.0,23.0
1788870600.1829648,1788870600.1827915,0.7238038778305054,1.5664374972693622,0.006683976247284598,0.021663128859760697,0.021663128859760697,0.4842780959382944,0.0,0.7475374746322632,1.2688849973678589,0.0,0.0,-1.5707918088883162,2.356198977679014,0.7038038778305054,6.361011009216309,3.9269907865673304,1.0,0.0,0.0,0.0,720.0,23.0
1788870600.253344,1788870600.2531893,0.7252184152603149,1.5664374972693622,0.008096930248021333,0.024636062413495998,0.024636062413495998,0.48212050474192425,0.0,0.7483014273643493,1.2740709590911865,0.0,0.0,-1.5707918088883162,2.356198977679014,0.7052184152603149,6.366877059936524,3.9269907865673304,1.0,0.0,0.0,0.0,720.0,23.0
1788870600.3269951,1788870600.326942,0.7268425226211548,1.5664374972693622,0.009458196049858453,0.028577177875731732,0.028577177875731732,0.47926026051799453,0.0,0.7494982290267944,1.2786650466918945,0.0,0.0,-1.5707918088883162,2.356198977679014,0.7068425226211548,6.366267185211182,3.9269907865673304,1.0,0.0,0.0,0.0,720.0,24.0
1788870600.403314,1788870600.403202,0.7284436225891113,1.5664374972693622,0.01124128266438975,0.03375362653095256,0.03375362653095256,0.4755034795993851,0.0,0.750698070526123,1.2841640520095825,0.0,0.0,-1.5707918088883162,2.356198977679014,0.7084436225891113,6.365015010833741,3.9269907865673304,1.0,0.0,0.0,0.0,720.0,24.0
1788870600.5019197,1788870600.5016468,0.7298604846000671,1.5664374972693622,0.012962286535655784,0.03916160979915473,0.03916160979915473,0.4715786636293377,0.0,0.7516308236122131,1.2911629486083984,0.0,0.0,-1.5707918088883162,2.356198977679014,0.7098604846000671,6.36649606704712,3.9269907865673304,1.0,0.0,0.0,0.0,720.0,24.0
1788870600.5828927,1788870600.5827796,0.7306602001190186,1.5664374972693622,0.011654104096407788,0.03785367611569987,0.03785367611569987,0.4725278897556036,0.0,0.7520357775688171,1.296148042678833,0.0,0.0,-1.5707918088883162,2.356198977679014,0.7106602001190185,6.348639945983887,3.9269907865673304,1.0,0.0,0.0,0.0,720.0,25.0
1788870600.6597588,1788870600.6596582,0.7318658828735352,1.5664374972693622,0.03153040957035694,0.0819842202723095,0.0819842202723095,0.4405003748978655,0.0,0.7522668051719665,1.3069799947738647,0.0,0.0,-1.5707918088883162,2.356198977679014,0.7118658828735351,6.481465797424317,3.9269907865673304,1.0,0.0,0.0,0.0,720.0,20.0
1788870600.7292798,1788870600.729136,0.7324302196502686,1.5664374972693622,0.03794922583440892,0.10960153195076883,0.10960153195076883,0.4204572533588767,0.0,0.7519578742980957,1.31583402633667,0.0,0.0,-1.5707918088883162,2.356198977679014,0.7124302196502685,6.5256662178039555,3.9269907865673304,1.0,0.0,0.0,0.0,720.0,18.0
1788870600.8025157,1788870600.802399,0.7330296039581299,1.5664374972693622,0.03510729721009516,0.11152080533584381,0.11152080533584381,0.41906435059659924,0.0,0.7514284062385559,1.3278059768676758,0.0,0.0,-1.5707918088883162,2.356198977679014,0.7130296039581299,6.499494056701661,3.9269907865673304,1.0,0.0,0.0,0.0,720.0,19.0
1788870600.877275,1788870600.877132,0.7320554852485657,1.5664374972693622,0.03386747005671925,0.10931937452780427,0.10931937452780427,0.420662027653618,0.0,0.7487023878097534,1.340355019569397,0.0,0.0,-1.5707918088883162,2.356198977679014,0.7120554852485657,6.511156063079834,3.9269907865673304,1.0,0.0,0.0,0.0,720.0,18.0
1788870600.9317443,1788870600.931571,0.7307075262069702,1.5664374972693622,0.032221456864904095,0.10497187573572647,0.10497187573572647,0.423817202483621,0.0,0.7458110857009888,1.350345950126648,0.0,0.0,-1.5707918088883162,2.356198977679014,0.7107075262069702,6.533643226623536,3.9269907865673304,1.0,0.0,0.0,0.0,720.0,17.0
1788870601.002758,1788870601.0026188,0.7283319234848022,1.5664374972693622,0.022120062484172892,0.08104050268526522,0.08104050268526522,0.44118527307028116,0.0,0.7410790133476257,1.3659939575195312,0.0,0.0,-1.5707918088883162,2.356198977679014,0.7083319234848022,6.504244785308838,3.9269907865673304,1.0,0.0,0.0,0.0,720.0,18.0
1788870601.0583673,1788870601.058264,0.7266398072242737,1.5664374972693622,0.017148851455073794,0.06272557806494487,0.06272557806494487,0.4544772351705901,0.0,0.7378532099723816,1.3766740369796753,0.0,0.0,-1.5707918088883162,2.356198977679014,0.7066398072242737,6.494959812164307,3.9269907865673304,1.0,0.0,0.0,0.0,720.0,18.0
1788870601.1297972,1788870601.1296542,0.7240148186683655,1.5664374972693622,0.010601695268777467,0.04256547082154499,0.04256547082154499,0.4691083290447152,0.0,0.7330323266983032,1.3928379821777344,0.0,0.0,-1.5707918088883162,2.356198977679014,0.7040148186683655,6.494729976654053,3.9269907865673304,1.0,0.0,0.0,0.0,720.0,18.0
1788870601.2041128,1788870601.2039764,0.721703827381134,1.5664374972693622,0.005272744285261782,0.024580588445449893,0.024580588445449893,0.48216076468817615,0.0,0.7289538788795471,1.4079309511184692,0.0,0.0,-1.5707918088883162,2.356198977679014,0.701703827381134,6.476037960052491,3.9269907865673304,1.0,0.0,0.0,0.0,720.0,18.0
1788870601.2771034,1788870601.2770066,0.7196491956710815,1.5577108510769904,0.0029890722024192495,0.014069698267054087,0.014069698267054087,0.48978898903460555,0.0,0.725537519454956,1.421838026046753,0.0,0.0,-1.5707918088883162,2.356198977679014,0.6996491956710815,6.474468212127686,3.9269907865673304,1.0,0.0,0.0,0.0,720.0,18.0
1788870601.3531234,1788870601.352699,0.717927873134613,1.5533475279808044,0.00011552840804936015,0.004479693114146794,0.004479693114146794,0.49674888582242976,0.0,0.7228693175315857,1.434393982887268,0.0,0.0,-1.5707918088883162,2.356198977679014,0.697927873134613,6.458263854980469,3.9269907865673304,1.0,0.0,0.0,0.0,720.0,19.0
1788870601.4101255,1788870601.4100525,0.717032790184021,1.5533475279808044,-0.0005189932895302084,0.00018136296569637168,0.00018136296569637168,0.4998683767628636,0.0,0.7215937185287475,1.4417140293121338,0.0,0.0,-1.5707918088883162,2.356198977679014,0.697032790184021,6.43850419998169,3.9269907865673304,1.0,0.0,0.0,0.0,720.0,19.0
1788870601.4842377,1788870601.4840956,0.7159252762794495,1.5489842048846185,0.0016671776434434228,0.0037888868110221782,0.0037888868110221782,0.49725023493470505,0.0,0.7201261925697326,1.4517119932174682,0.0,0.0,-1.5707918088883162,2.356198977679014,0.6959252762794494,6.43201587677002,3.9269907865673304,1.0,0.0,0.0,0.0,720.0,19.0
1788870601.5556958,1788870601.5555975,0.715072512626648,1.5489842048846185,0.0033435520046021503,0.00862622253361547,0.00862622253361547,0.4937395634782775,0.0,0.719142119884491,1.4608399677276611,0.0,0.0,-1.5707918088883162,2.356198977679014,0.6950725126266479,6.415884952545166,3.9269907865673304,1.0,0.0,0.0,0.0,720.0,20.0
1788870601.6325743,1788870601.632308,0.714353621006012,1.5489842048846185,0.009025272189160839,0.022804476463804922,0.022804476463804922,0.48344976880014157,0.0,0.718396406173706,1.4695509481430054,0.0,0.0,-1.5707918088883162,2.356198977679014,0.694353621006012,6.4262070465087895,3.9269907865673304,1.0,0.0,0.0,0.0,720.0,20.0
1788870601.7074547,1788870601.7073555,0.7135311961174011,1.5489842048846185,0.011517367206758484,0.03264024548228048,0.03264024548228048,0.4763115101541891,0.0,0.7174709844589233,1.4786809492111206,0.0,0.0,-1.5707918088883162,2.356198977679014,0.6935311961174011,6.408329944610596,3.9269907865673304,1.0,0.0,0.0,0.0,720.0,20.0
1788870601.7809317,1788870601.7807586,0.7125388979911804,1.5489842048846185,0.017205724348241847,0.048332896184745885,0.048332896184745885,0.4649226498277245,0.0,0.7162688183784485,1.4884149837493896,0.0,0.0,-1.5707918088883162,2.356198977679014,0.6925388979911804,6.4262938308715825,3.9269907865673304,1.0,0.0,0.0,0.0,720.0,20.0
1788870601.8560739,1788870601.855898,0.7111076712608337,1.5446208817884326,0.019713225567249262,0.05865749412606212,0.05865749412606212,0.4574296261117196,0.0,0.720329384803772,1.4995590257644653,0.0,0.0,-1.5707918088883162,2.356198977679014,0.6911076712608337,6.4266390609741215,3.9269907865673304,1.0,0.0,0.0,0.0,720.0,20.0
1788870601.9294581,1788870601.929359,0.7092970013618469,1.5446208817884326,0.014766045553120891,0.050673190276809436,0.050673190276809436,0.46322419345838883,0.0,0.7238384294509888,1.5118330526351929,0.0,0.0,-1.5707918088883162,2.356198977679014,0.6892970013618469,6.4031309890747075,3.9269907865673304,1.0,0.0,0.0,0.0,720.0,21.0
1788870602.003951,1788870602.0037434,0.7087885737419128,1.5446208817884326,0.021300766980581674,0.06291567511954578,0.06291567511954578,0.45433927321346945,0.0,0.7266621994972229,1.5164439487457275,0.0,0.0,-1.5707918088883162,2.356198977679014,0.6887885737419128,6.414071063995362,3.9269907865673304,1.0,0.0,0.0,0.0,720.0,21.0
1788870602.0799098,1788870602.079661,0.7087795734405518,1.5446208817884326,0.021296235692574137,0.0665782704872298,0.0665782704872298,0.4516811635119417,0.0,0.7265943098068237,1.5163500118255615,0.0,0.0,-1.5707918088883162,2.356198977679014,0.6887795734405517,6.414515953063965,3.9269907865673304,1.0,0.0,0.0,0.0,720.0,21.0
1788870602.1547441,1788870602.154545,0.7087785005569458,1.5446208817884326,0.02129836158924011,0.06768181110606679,0.06768181110606679,0.45088027459834723,0.0,0.7265407848358154,1.5162629890441894,0.0,0.0,-1.5707918088883162,2.356198977679014,0.6887785005569458,6.414906959533692,3.9269907865673304,1.0,0.0,0.0,0.0,720.0,21.0
1788870602.2326698,1788870602.2325618,0.7087836861610413,1.5446208817884326,0.021311880454350556,0.06804315554956529,0.06804315554956529,0.45061803073178985,0.0,0.7265090751647949,1.5162060070037842,0.0,0.0,-1.5707918088883162,2.356198977679014,0.6887836861610412,6.415207843780518,3.9269907865673304,1.0,0.0,0.0,0.0,720.0,21.0
1788870602.3054132,1788870602.3053155,0.7087864279747009,1.5446208817884326,0.021312733424289052,0.06815346953527707,0.06815346953527707,0.45053797092550557,0.0,0.7264858889579773,1.516165952682495,0.0,0.0,-1.5707918088883162,2.356198977679014,0.6887864279747009,6.4154109764099125,3.9269907865673304,1.0,0.0,0.0,0.0,720.0,21.0
1788870602.3801656,1788870602.380045,0.7087907791137695,1.5446208817884326,0.021313925923222763,0.06818923492860211,0.06818923492860211,0.450512014375728,0.0,0.7264731931686401,1.516139965057373,0.0,0.0,-1.5707918088883162,2.356198977679014,0.6887907791137695,6.415564994812012,3.9269907865673304,1.0,0.0,0.0,0.0,720.0,21.0
1788870602.4581509,1788870602.4578853,0.7087922096252441,1.5446208817884326,0.021314701607707712,0.06820170207984591,0.06820170207984591,0.45050296640500104,0.0,0.7264625239372253,1.5161180305480957,0.0,0.0,-1.5707918088883162,2.356198977679014,0.6887922096252441,6.415646057128907,3.9269907865673304,1.0,0.0,0.0,0.0,720.0,21.0
1788870602.5333047,1788870602.533115,0.7087923884391785,1.5446208817884326,0.021314767781042028,0.06820559045348791,0.06820559045348791,0.4505001444378812,0.0,0.7264529871940613,1.5161050367355347,0.0,0.0,-1.5707918088883162,2.356198977679014,0.6887923884391784,6.415725212097168,3.9269907865673304,1.0,0.0,0.0,0.0,720.0,21.0
1788870602.6199768,1788870602.6198359,0.7087978720664978,1.5446208817884326,0.021316209068739597,0.06820998545002308,0.06820998545002308,0.45049695479180907,0.0,0.7264547753334045,1.5160959768295288,0.0,0.0,-1.5707918088883162,2.356198977679014,0.6887978720664978,6.4157700347900395,3.9269907865673304,1.0,0.0,0.0,0.0,720.0,21.0
1788870602.704458,1788870602.7043254,0.7087998986244202,1.5446208817884326,0.021316695400240306,0.0682123933315452,0.0682123933315452,0.4504952072842109,0.0,0.7264545965194702,1.5160920429229736,0.0,0.0,-1.5707918088883162,2.356198977679014,0.6887998986244201,6.41579912185669,3.9269907865673304,1.0,0.0,0.0,0.0,720.0,21.0
1788870602.8083072,1788870602.8081498,0.7088035941123962,1.5446208817884326,0.021317967515745252,0.06821596523473293,0.06821596523473293,0.4504926149938913,0.0,0.7264570999145508,1.5160840559005737,0.0,0.0,-1.5707918088883162,2.356198977679014,0.6888035941123962,6.415801982879639,3.9269907865673304,1.0,0.0,0.0,0.0,720.0,21.0
1788870602.9110713,1788870602.9109027,0.7088075876235962,1.5446208817884326,0.02131877536274565,0.06821884638297014,0.06821884638297014,0.45049052401541506,0.0,0.7264581727981567,1.5160809564590454,0.0,0.0,-1.5707918088883162,2.356198977679014,0.6888075876235962,6.415849189758301,3.9269907865673304,1.0,0.0,0.0,0.0,720.0,21.0
1788870602.9788475,1788870602.978694,0.7088096737861633,1.5446208817884326,0.021319377418298875,0.06822105933188052,0.06822105933188052,0.4504889179791547,0.0,0.726459424495697,1.5160770225524902,0.0,0.0,-1.5707918088883162,2.356198977679014,0.6888096737861633,6.415863018035889,3.9269907865673304,1.0,0.0,0.0,0.0,720.0,21.0
1788870603.0575533,1788870603.0574472,0.7088127136230469,1.5446208817884326,0.02132028613477658,0.06822375874146369,0.06822375874146369,0.45048695889656953,0.0,0.7264622855186462,1.5160729694366455,0.0,0.0,-1.5707918088883162,2.356198977679014,0.6888127136230469,6.4158592033386235,3.9269907865673304,1.0,0.0,0.0,0.0,720.0,21.0
1788870603.1304474,1788870603.130327,0.7088140845298767,1.5446208817884326,0.021321100654936115,0.068226393089496,0.068226393089496,0.4504850470320694,0.0,0.7264647889137268,1.5160679626464844,0.0,0.0,-1.5707918088883162,2.356198977679014,0.6888140845298767,6.415829162597657,3.9269907865673304,1.0,0.0,0.0,0.0,720.0,21.0
1788870603.2047827,1788870603.2046812,0.7088158130645752,1.5446208817884326,0.021321532590300056,0.06822815092912093,0.06822815092912093,0.45048377128902606,0.0,0.7264659810066223,1.5160660552978515,0.0,0.0,-1.5707918088883162,2.356198977679014,0.6888158130645752,6.415832023620606,3.9269907865673304,1.0,0.0,0.0,0.0,720.0,21.0
1788870603.2771094,1788870603.2769442,0.7088170051574707,1.5446208817884326,0.02132138480022172,0.06822834723123293,0.06822834723123293,0.4504836288237805,0.0,0.7264655041694641,1.5160690355300903,0.0,0.0,-1.5707918088883162,2.356198977679014,0.6888170051574707,6.415879230499268,3.9269907865673304,1.0,0.0,0.0,0.0,720.0,21.0
1788870603.3331056,1788870603.3329804,0.7088183164596558,1.5402575586922467,0.02132075423386844,0.06822699365323519,0.06822699365323519,0.4504846111760325,0.0,0.7264637160301208,1.5160759496688843,0.0,0.0,-1.5707918088883162,2.356198977679014,0.6888183164596557,6.415960769653321,3.9269907865673304,1.0,0.0,0.0,0.0,720.0,21.0
1788870603.411799,1788870603.4107568,0.7088204026222229,1.5446208817884326,0.021321557698056905,0.06822838733961803,0.06822838733961803,0.45048359971532687,0.0,0.7264662790298462,1.516072015762329,0.0,0.0,-1.5707918088883162,2.356198977679014,0.6888204026222229,6.415947895050049,3.9269907865673304,1.0,0.0,0.0,0.0,720.0,21.0
1788870603.4886575,1788870603.4876478,0.7088223099708557,1.5446208817884326,0.021322461331393885,0.06823082958420772,0.06823082958420772,0.45048182726890956,0.0,0.7264693784713745,1.5160660552978515,0.0,0.0,-1.5707918088883162,2.356198977679014,0.6888223099708557,6.415914993286133,3.9269907865673304,1.0,0.0,0.0,0.0,720.0,21.0
1788870603.559479,1788870603.5593004,0.7088245749473572,1.5446208817884326,0.021323489057631654,0.06823386436435723,0.06823386436435723,0.4504796247928653,0.0,0.7264733719825744,1.5160620021820068,0.0,0.0,-1.5707918088883162,2.356198977679014,0.6888245749473572,6.41588399887085,3.9269907865673304,1.0,0.0,0.0,0.0,720.0,21.0
1788870603.6424558,1788870603.6423376,0.7088264226913452,1.5446208817884326,0.02132286276327217,0.06823337189903682,0.06823337189903682,0.45047998219703206,0.0,0.7264712858200073,1.5160690355300903,0.0,0.0,-1.5707918088883162,2.356198977679014,0.6888264226913452,6.415984134674073,3.9269907865673304,1.0,0.0,0.0,0.0,720.0,21.0
1788870603.7075891,1788870603.707463,0.7088286876678467,1.5402575586922467,0.021323474251713336,0.06823459389354891,0.06823459389354891,0.4504790953408163,0.0,0.7264737296104431,1.516067008972168,0.0,0.0,-1.5707918088883162,2.356198977679014,0.6888286876678467,6.415986995697022,3.9269907865673304,1.0,0.0,0.0,0.0,720.0,21.0
1788870603.782244,1788870603.7821383,0.7088314890861511,1.5446208817884326,0.021324852899851914,0.06823804866373297,0.06823804866373297,0.4504765880591701,0.0,0.7264781999588013,1.516059021949768,0.0,0.0,-1.5707918088883162,2.356198977679014,0.6888314890861511,6.415941219329834,3.9269907865673304,1.0,0.0,0.0,0.0,720.0,21.0
1788870603.8547935,1788870603.8546438,0.7088360786437988,1.5446208817884326,0.021328481617584962,0.06824721342251021,0.06824721342251021,0.4504699367827466,0.0,0.7264898824691772,1.5160369682312012,0.0,0.0,-1.5707918088883162,2.356198977679014,0.6888360786437988,6.415763835906983,3.9269907865673304,1.0,0.0,0.0,0.0,720.0,21.0
1788870603.9287152,1788870603.9286184,0.7088397741317749,1.5446208817884326,0.02132973492327174,0.06825277025488177,0.06825277025488177,0.45046590394030733,0.0,0.7264941740036011,1.51603196144104,0.0,0.0,-1.5707918088883162,2.356198977679014,0.6888397741317749,6.4157490539550786,3.9269907865673304,1.0,0.0,0.0,0.0,720.0,21.0
1788870603.9866579,1788870603.9865427,0.7088425755500793,1.5446208817884326,0.021330402989383195,0.0682559337726829,0.0682559337726829,0.4504636080335762,0.0,0.7264966177940368,1.5160300540924072,0.0,0.0,-1.5707918088883162,2.356198977679014,0.6888425755500793,6.415760974884034,3.9269907865673304,1.0,0.0,0.0,0.0,720.0,21.0
1788870604.0572531,1788870604.0571349,0.708846390247345,1.5446208817884326,0.021331523651199197,0.06825939311049106,0.06825939311049106,0.45046109743700036,0.0,0.7265006113052368,1.516025047302246,0.0,0.0,-1.5707918088883162,2.356198977679014,0.688846390247345,6.415757160186768,3.9269907865673304,1.0,0.0,0.0,0.0,720.0,21.0
1788870604.1344557,1788870604.134337,0.7088505029678345,1.5446208817884326,0.021332854266563873,0.06826341149025039,0.06826341149025039,0.45045818111861124,0.0,0.726505320072174,1.516020040512085,0.0,0.0,-1.5707918088883162,2.356198977679014,0.6888505029678345,6.415744762420655,3.9269907865673304,1.0,0.0,0.0,0.0,720.0,21.0
1788870604.2066605,1788870604.2064798,0.7088543176651001,1.5446208817884326,0.021334048772684546,0.0682672926978885,0.0682672926978885,0.45045536435218175,0.0,0.7265093731880188,1.5160139608383179,0.0,0.0,-1.5707918088883162,2.356198977679014,0.6888543176651001,6.415736179351807,3.9269907865673304,1.0,0.0,0.0,0.0,720.0,21.0
1788870604.2791095,1788870604.2789385,0.7088580131530762,1.5446208817884326,0.021336598906285826,0.0682741693594468,0.0682741693594468,0.4504503736505161,0.0,0.7265180158615112,1.5159989404678345,0.0,0.0,-1.5707918088883162,2.356198977679014,0.6888580131530762,6.415614109039307,3.9269907865673304,1.0,0.0,0.0,0.0,720.0,21.0
1788870604.353939,1788870604.3537192,0.7088623046875,1.5446208817884326,0.021339365821672063,0.06828243024837946,0.06828243024837946,0.45044437835297135,0.0,0.726527373790741,1.5159820127487182,0.0,0.0,-1.5707918088883162,2.356198977679014,0.6888623046875,6.415482978820801,3.9269907865673304,1.0,0.0,0.0,0.0,720.0,21.0
1788870604.4290233,1788870604.42885,0.7088664770126343,1.5446208817884326,0.021345913082981924,0.06829957438039334,0.06829957438039334,0.4504319360875679,0.0,0.7265373277664184,1.515964012145996,0.0,0.0,-1.5707918088883162,2.356198977679014,0.6888664770126343,6.415338973999024,3.9269907865673304,1.0,0.0,0.0,0.0,720.0,21.0
1788870604.4854934,1788870604.4854085,0.7088683843612671,1.5446208817884326,0.021347499330289104,0.06830827081396561,0.06830827081396561,0.4504256246957469,0.0,0.7265425133705139,1.5159530448913574,0.0,0.0,-1.5707918088883162,2.356198977679014,0.6888683843612671,6.415252189636231,3.9269907865673304,1.0,0.0,0.0,0.0,720.0,21.0
1788870604.5552986,1788870604.5549383,0.7088701725006104,1.5446208817884326,0.021348558119400205,0.06831325143164614,0.06831325143164614,0.4504220100381483,0.0,0.7265463876724243,1.5159469652175903,0.0,0.0,-1.5707918088883162,2.356198977679014,0.6888701725006103,6.415204029083252,3.9269907865673304,1.0,0.0,0.0,0.0,720.0,21.0
1788870604.6324668,1788870604.6323164,0.7088726162910461,1.5446208817884326,0.021354010577828337,0.06832695912382931,0.06832695912382931,0.4504120617512316,0.0,0.726548593044281,1.5159439849853515,0.0,0.0,-1.5707918088883162,2.356198977679014,0.6888726162910461,6.415207843780518,3.9269907865673304,1.0,0.0,0.0,0.0,720.0,21.0
1788870604.707461,1788870604.7073498,0.7088754773139954,1.5446208817884326,0.02135478725245122,0.06833281118263952,0.06833281118263952,0.45040781464972685,0.0,0.7265512752532959,1.5159419584274292,0.0,0.0,-1.5707918088883162,2.356198977679014,0.6888754773139953,6.415212135314942,3.9269907865673304,1.0,0.0,0.0,0.0,720.0,21.0
1788870604.7790217,1788870604.7788615,0.7088780999183655,1.5446208817884326,0.0213555599606624,0.06833629766667564,0.06833629766667564,0.45040528435191607,0.0,0.7265540170669555,1.5159389781951904,0.0,0.0,-1.5707918088883162,2.356198977679014,0.6888780999183655,6.415214042663575,3.9269907865673304,1.0,0.0,0.0,0.0,720.0,21.0
1788870604.853175,1788870604.8530033,0.7088810205459595,1.5446208817884326,0.021356375505244163,0.06833917043174963,0.06833917043174963,0.45040319945747737,0.0,0.7265568780899048,1.5159359979629516,0.0,0.0,-1.5707918088883162,2.356198977679014,0.6888810205459595,6.415213088989258,3.9269907865673304,1.0,0.0,0.0,0.0,720.0,21.0
1788870604.9269235,1788870604.9267972,0.7088847160339355,1.5446208817884326,0.021357552407804112,0.0683426685230061,0.0683426685230061,0.4504006607357863,0.0,0.7265609908103943,1.515930037498474,0.0,0.0,-1.5707918088883162,2.356198977679014,0.6888847160339355,6.415204982757569,3.9269907865673304,1.0,0.0,0.0,0.0,720.0,21.0
1788870604.982954,1788870604.9828863,0.7088869214057922,1.5446208817884326,0.021358100950624865,0.06834494668630152,0.06834494668630152,0.4503990073705222,0.0,0.7265630173683166,1.5159289646148681,0.0,0.0,-1.5707918088883162,2.356198977679014,0.6888869214057922,6.415214996337891,3.9269907865673304,1.0,0.0,0.0,0.0,720.0,21.0
1788870605.0556138,1788870605.0555127,0.7088912129402161,1.5446208817884326,0.021359378304402717,0.06834849140775255,0.06834849140775255,0.45039643480720787,0.0,0.72656742811203,1.515923957824707,0.0,0.0,-1.5707918088883162,2.356198977679014,0.688891212940216,6.415210227966309,3.9269907865673304,1.0,0.0,0.0,0.0,720.0,21.0
1788870605.1290097,1788870605.1288629,0.7088943719863892,1.5446208817884326,0.02136043055028788,0.06835191185497062,0.06835191185497062,0.45039395243527724,0.0,0.7265711236000061,1.5159189510345459,0.0,0.0,-1.5707918088883162,2.356198977679014,0.6888943719863891,6.415201168060303,3.9269907865673304,1.0,0.0,0.0,0.0,720.0,21.0
1788870605.1853225,1788870605.1851776,0.7088962197303772,1.5446208817884326,0.021360823781035335,0.06835381882601034,0.06835381882601034,0.45039256846087866,0.0,0.7265726137161255,1.5159179973602295,0.0,0.0,-1.5707918088883162,2.356198977679014,0.6888962197303772,6.415212135314942,3.9269907865673304,1.0,0.0,0.0,0.0,720.0,21.0
1788870605.2518563,1788870605.2517588,0.7088990211486816,1.5446208817884326,0.021361793710712475,0.06835656355979905,0.06835656355979905,0.45039057648448505,0.0,0.7265758919715881,1.5159139442443847,0.0,0.0,-1.5707918088883162,2.356198977679014,0.6888990211486816,6.415198783874512,3.9269907865673304,1.0,0.0,0.0,0.0,720.0,21.0
1788870605.3259666,1788870605.3258848,0.7089021801948547,1.5446208817884326,0.021362703840438278,0.06835942567052146,0.06835942567052146,0.45038849932238706,0.0,0.726579110622406,1.5159100103378296,0.0,0.0,-1.5707918088883162,2.356198977679014,0.6889021801948547,6.41520212173462,3.9269907865673304,1.0,0.0,0.0,0.0,720.0,21.0
1788870605.3783898,1788870605.378313,0.708904504776001,1.5446208817884326,0.021364354015564097,0.06836398069602001,0.06836398069602001,0.45038519353611994,0.0,0.7265816140174866,1.5159070301055908,0.0,0.0,-1.5707918088883162,2.356198977679014,0.688904504776001,6.415196876525879,3.9269907865673304,1.0,0.0,0.0,0.0,720.0,21.0
1788870605.4513578,1788870605.451267,0.7089077234268188,1.5446208817884326,0.021365361855328058,0.06836760476474085,0.06836760476474085,0.4503825633869337,0.0,0.7265851902961731,1.515902976989746,0.0,0.0,-1.5707918088883162,2.356198977679014,0.6889077234268188,6.415191154479981,3.9269907865673304,1.0,0.0,0.0,0.0,720.0,21.0
1788870605.505206,1788870605.50509,0.7089095711708069,1.5446208817884326,0.02136583451547592,0.06836975074408831,0.06836975074408831,0.45038100595348823,0.0,0.7265869188308716,1.5159009504318237,0.0,0.0,-1.5707918088883162,2.356198977679014,0.6889095711708069,6.4151949691772465,3.9269907865673304,1.0,0.0,0.0,0.0,720.0,21.0
1788870605.5774536,1788870605.5773168,0.7089129090309143,1.5446208817884326,0.021366824965435207,0.06837261314580136,0.06837261314580136,0.4503789285802053,0.0,0.7265903162956238,1.5158970165252685,0.0,0.0,-1.5707918088883162,2.356198977679014,0.6889129090309143,6.41519401550293,3.9269907865673304,1.0,0.0,0.0,0.0,720.0,21.0
1788870605.6539388,1788870605.6536233,0.7089157104492188,1.5446208817884326,0.021367628518344374,0.06837527182483182,0.06837527182483182,0.4503769990576087,0.0,0.7265931177139282,1.5158940362930298,0.0,0.0,-1.5707918088883162,2.356198977679014,0.6889157104492187,6.41519401550293,3.9269907865673304,1.0,0.0,0.0,0.0,720.0,21.0
1788870605.7101698,1788870605.709979,0.7089179754257202,1.5446208817884326,0.02136830183203198,0.06837757765120119,0.06837757765120119,0.45037532561601135,0.0,0.7265955018997192,1.5158920097351074,0.0,0.0,-1.5707918088883162,2.356198977679014,0.6889179754257202,6.415193061828614,3.9269907865673304,1.0,0.0,0.0,0.0,720.0,21.0
1788870605.7798812,1788870605.7793245,0.7089223265647888,1.5446208817884326,0.021369564319805266,0.06838109737172415,0.06838109737172415,0.4503727711969916,0.0,0.7265999126434326,1.5158870029449463,0.0,0.0,-1.5707918088883162,2.356198977679014,0.6889223265647888,6.4151902008056645,3.9269907865673304,1.0,0.0,0.0,0.0,720.0,21.0
1788870605.8523707,1788870605.852141,0.7089254260063171,1.5446208817884326,0.02137042851347858,0.06838408908170927,0.06838408908170927,0.450370599978897,0.0,0.7266030120849609,1.5158829498291015,0.0,0.0,-1.5707918088883162,2.356198977679014,0.6889254260063171,6.41519401550293,3.9269907865673304,1.0,0.0,0.0,0.0,720.0,21.0
1788870605.9045503,1788870605.904426,0.7089278101921082,1.5446208817884326,0.021373237041858936,0.0683912776982768,0.0683912776982768,0.450365382877492,0.0,0.7266053962707519,1.5158810424804687,0.0,0.0,-1.5707918088883162,2.356198977679014,0.6889278101921081,6.415193061828614,3.9269907865673304,1.0,0.0,0.0,0.0,720.0,21.0
1788870605.9771369,1788870605.977018,0.7089313864707947,1.5446208817884326,0.0213743581386458,0.06839594554004963,0.06839594554004963,0.4503619952153956,0.0,0.7266093897819519,1.5158760356903076,0.0,0.0,-1.5707918088883162,2.356198977679014,0.6889313864707947,6.415186862945557,3.9269907865673304,1.0,0.0,0.0,0.0,720.0,21.0
1788870606.0533571,1788870606.0532646,0.7089343070983887,1.5446208817884326,0.021375095622336932,0.06839899785604962,0.06839899785604962,0.4503597800127982,0.0,0.726612012386322,1.5158740091323852,0.0,0.0,-1.5707918088883162,2.356198977679014,0.6889343070983887,6.41519401550293,3.9269907865673304,1.0,0.0,0.0,0.0,720.0,21.0
1788870606.128137,1788870606.1280425,0.7089375257492065,1.5446208817884326,0.021376138591823836,0.06840224980250029,0.06840224980250029,0.4503574199294306,0.0,0.7266155886650085,1.515869002342224,0.0,0.0,-1.5707918088883162,2.356198977679014,0.6889375257492065,6.415185909271241,3.9269907865673304,1.0,0.0,0.0,0.0,720.0,21.0
1788870606.20219,1788870606.2020848,0.708939790725708,1.5446208817884326,0.021376753290087227,0.06840460231054547,0.06840460231054547,0.4503557126088478,0.0,0.7266179132461548,1.5158669757843017,0.0,0.0,-1.5707918088883162,2.356198977679014,0.688939790725708,6.41518877029419,3.9269907865673304,1.0,0.0,0.0,0.0,720.0,21.0
1788870606.2765322,1788870606.2764227,0.7089428901672363,1.5446208817884326,0.02137774048727964,0.06840751938467003,0.06840751938467003,0.45035359555734417,0.0,0.7266211915016174,1.5158630418777466,0.0,0.0,-1.5707918088883162,2.356198977679014,0.6889428901672363,6.415186862945557,3.9269907865673304,1.0,0.0,0.0,0.0,720.0,21.0
1788870606.330378,1788870606.3302047,0.7089458107948303,1.5446208817884326,0.02137936963517362,0.06841204379818992,0.06841204379818992,0.4503503119875627,0.0,0.7266242909431457,1.5158589887619018,0.0,0.0,-1.5707918088883162,2.356198977679014,0.6889458107948303,6.415183048248291,3.9269907865673304,1.0,0.0,0.0,0.0,720.0,21.0
1788870606.401193,1788870606.401036,0.7089486718177795,1.5446208817884326,0.02138013188031719,0.0684151085513675,0.0684151085513675,0.45034808775874785,0.0,0.7266267943382263,1.5158569622039795,0.0,0.0,-1.5707918088883162,2.356198977679014,0.6889486718177795,6.4151902008056645,3.9269907865673304,1.0,0.0,0.0,0.0,720.0,21.0
1788870606.4565475,1788870606.4564636,0.7089508771896362,1.5446208817884326,0.021380856394877946,0.06841765088993684,0.06841765088993684,0.4503462426696409,0.0,0.7266294169425964,1.5158539819717407,0.0,0.0,-1.5707918088883162,2.356198977679014,0.6889508771896362,6.415184001922608,3.9269907865673304,1.0,0.0,0.0,0.0,720.0,21.0
1788870606.5295315,1788870606.5293474,0.708953320980072,1.5446208817884326,0.0213815071392186,0.06841987125883071,0.06841987125883071,0.4503446312483658,0.0,0.7266318011283874,1.515851001739502,0.0,0.0,-1.5707918088883162,2.356198977679014,0.688953320980072,6.415184001922608,3.9269907865673304,1.0,0.0,0.0,0.0,720.0,21.0
1788870606.60536,1788870606.6051688,0.7089564800262451,1.5446208817884326,0.021382540066067157,0.06842285112563964,0.06842285112563964,0.45034246862539523,0.0,0.7266353178024292,1.5158469486236572,0.0,0.0,-1.5707918088883162,2.356198977679014,0.6889564800262451,6.415179233551026,3.9269907865673304,1.0,0.0,0.0,0.0,720.0,21.0
1788870606.6810865,1788870606.680993,0.708959698677063,1.5446208817884326,0.021383475754788137,0.06842584102841733,0.06842584102841733,0.45034029871887205,0.0,0.7266385960578918,1.515843014717102,0.0,0.0,-1.5707918088883162,2.356198977679014,0.688959698677063,6.415177803039551,3.9269907865673304,1.0,0.0,0.0,0.0,720.0,21.0
1788870606.7531793,1788870606.7530491,0.7089629769325256,1.5446208817884326,0.021384433299488255,0.06842888289937889,0.06842888289937889,0.4503380910967074,0.0,0.726641993522644,1.5158389616012573,0.0,0.0,-1.5707918088883162,2.356198977679014,0.6889629769325256,6.415175895690918,3.9269907865673304,1.0,0.0,0.0,0.0,720.0,21.0
1788870606.8272126,1788870606.827013,0.7089657783508301,1.5446208817884326,0.021385274277644944,0.06843167925173835,0.06843167925173835,0.4503360616584023,0.0,0.726644914150238,1.5158359813690185,0.0,0.0,-1.5707918088883162,2.356198977679014,0.6889657783508301,6.415175895690918,3.9269907865673304,1.0,0.0,0.0,0.0,720.0,21.0
1788870606.9013503,1788870606.9012818,0.70896977186203,1.5446208817884326,0.02138644260186581,0.06843513520370091,0.06843513520370091,0.4503335535190864,0.0,0.7266490268707275,1.5158320474624634,0.0,0.0,-1.5707918088883162,2.356198977679014,0.68896977186203,6.415177803039551,3.9269907865673304,1.0,0.0,0.0,0.0,720.0,21.0
1788870606.9576442,1788870606.9575315,0.7089722752571106,1.5446208817884326,0.021387213769958505,0.06843789940581733,0.06843789940581733,0.45033154741365433,0.0,0.7266514110565185,1.515828948020935,0.0,0.0,-1.5707918088883162,2.356198977679014,0.6889722752571106,6.415176849365235,3.9269907865673304,1.0,0.0,0.0,0.0,720.0,21.0
1788870607.0276814,1788870607.0275812,0.7089750170707703,1.5446208817884326,0.021388069620490564,0.06844064577164406,0.06844064577164406,0.4503295542528175,0.0,0.7266543912887573,1.5158250141143799,0.0,0.0,-1.5707918088883162,2.356198977679014,0.6889750170707702,6.415173034667969,3.9269907865673304,1.0,0.0,0.0,0.0,720.0,21.0
1788870607.1029859,1788870607.1028306,0.7089781761169434,1.5446208817884326,0.02138901905629962,0.06844359641760436,0.06844359641760436,0.4503274128367271,0.0,0.7266577887535095,1.5158209609985351,0.0,0.0,-1.5707918088883162,2.356198977679014,0.6889781761169433,6.415171127319336,3.9269907865673304,1.0,0.0,0.0,0.0,720.0,21.0
1788870607.1777139,1788870607.1776047,0.708981990814209,1.5446208817884326,0.021390114677730096,0.06844693580339672,0.06844693580339672,0.45032498929470827,0.0,0.7266616034507751,1.51581702709198,0.0,0.0,-1.5707918088883162,2.356198977679014,0.688981990814209,6.41517017364502,3.9269907865673304,1.0,0.0,0.0,0.0,720.0,21.0
1788870607.251973,1788870607.2518868,0.708986222743988,1.5446208817884326,0.021391281801167995,0.06845055197563532,0.06845055197563532,0.45032236487635324,0.0,0.7266657757759094,1.5158129739761352,0.0,0.0,-1.5707918088883162,2.356198977679014,0.688986222743988,6.415172080993653,3.9269907865673304,1.0,0.0,0.0,0.0,720.0,21.0
1788870607.3273554,1788870607.3271954,0.7089893817901611,1.5446208817884326,0.021392271290001284,0.06845385328229348,0.06845385328229348,0.4503199689700697,0.0,0.7266691136360168,1.51580904006958,0.0,0.0,-1.5707918088883162,2.356198977679014,0.6889893817901611,6.415172080993653,3.9269907865673304,1.0,0.0,0.0,0.0,720.0,21.0
1788870607.3823857,1788870607.3821483,0.7089908123016357,1.5446208817884326,0.021392706909786046,0.06845581946260879,0.06845581946260879,0.4503185420248446,0.0,0.7266707825660705,1.5158070135116577,0.0,0.0,-1.5707918088883162,2.356198977679014,0.6889908123016357,6.4151668357849125,3.9269907865673304,1.0,0.0,0.0,0.0,720.0,21.0
1788870607.4519649,1788870607.4517896,0.7089940905570984,1.5446208817884326,0.02139363805289854,0.06845849507727536,0.06845849507727536,0.4503166002112975,0.0,0.7266738820075989,1.515804033279419,0.0,0.0,-1.5707918088883162,2.356198977679014,0.6889940905570984,6.41517017364502,3.9269907865673304,1.0,0.0,0.0,0.0,720.0,21.0
1788870607.5064929,1788870607.506257,0.7089962959289551,1.5446208817884326,0.021394319941557625,0.06846082519227169,0.06846082519227169,0.4503149091423544,0.0,0.7266763257980347,1.5158010530471802,0.0,0.0,-1.5707918088883162,2.356198977679014,0.6889962959289551,6.4151692199707036,3.9269907865673304,1.0,0.0,0.0,0.0,720.0,21.0
1788870607.5823004,1788870607.5822244,0.7090001106262207,1.5446208817884326,0.02139544379994586,0.06846404166956024,0.06846404166956024,0.4503125748005483,0.0,0.7266803193092346,1.515796046257019,0.0,0.0,-1.5707918088883162,2.356198977679014,0.6890001106262207,6.415163021087647,3.9269907865673304,1.0,0.0,0.0,0.0,720.0,21.0
1788870607.6541536,1788870607.6539714,0.7090033292770386,1.5446208817884326,0.021396256527052262,0.06846682712146514,0.06846682712146514,0.45031055327319186,0.0,0.7266831803321838,1.5157940196990967,0.0,0.0,-1.5707918088883162,2.356198977679014,0.6890033292770386,6.415174942016602,3.9269907865673304,1.0,0.0,0.0,0.0,720.0,21.0
1788870607.7285395,1788870607.7284348,0.7090060114860535,1.5446208817884326,0.021397197432548334,0.06846977038534781,0.06846977038534781,0.45030841721460624,0.0,0.7266863989830017,1.515789966583252,0.0,0.0,-1.5707918088883162,2.356198977679014,0.6890060114860534,6.41516492843628,3.9269907865673304,1.0,0.0,0.0,0.0,720.0,21.0
1788870607.783989,1788870607.7838585,0.7090079188346863,1.5446208817884326,0.021397718554201858,0.0684718206770165,0.0684718206770165,0.45030692922600024,0.0,0.726688187122345,1.5157869863510132,0.0,0.0,-1.5707918088883162,2.356198977679014,0.6890079188346863,6.415163974761963,3.9269907865673304,1.0,0.0,0.0,0.0,720.0,21.0
1788870607.852766,1788870607.8526547,0.7090106010437012,1.5446208817884326,0.021398548093035465,0.06847429393150439,0.06847429393150439,0.45030513427430924,0.0,0.726691107749939,1.5157840061187744,0.0,0.0,-1.5707918088883162,2.356198977679014,0.6890106010437012,6.415163974761963,3.9269907865673304,1.0,0.0,0.0,0.0,720.0,21.0
1788870607.9273727,1788870607.9272945,0.7090138792991638,1.5446208817884326,0.02139954003140613,0.06847725784980105,0.06847725784980105,0.45030298322588924,0.0,0.7266946840286255,1.5157799530029297,0.0,0.0,-1.5707918088883162,2.356198977679014,0.6890138792991638,6.415157775878907,3.9269907865673304,1.0,0.0,0.0,0.0,720.0,21.0
1788870608.0032153,1788870608.00312,0.7090170979499817,1.5446208817884326,0.021400466641633323,0.06848022263219895,0.06848022263219895,0.45030083155035217,0.0,0.7266979026794433,1.515776972770691,0.0,0.0,-1.5707918088883162,2.356198977679014,0.6890170979499817,6.4151620674133305,3.9269907865673304,1.0,0.0,0.0,0.0,720.0,21.0
1788870608.059127,1788870608.059058,0.709019124507904,1.5446208817884326,0.021401056148094046,0.06848243256139035,0.06848243256139035,0.4502992277056373,0.0,0.7266999888420105,1.5157739925384521,0.0,0.0,-1.5707918088883162,2.356198977679014,0.689019124507904,6.41515682220459,3.9269907865673304,1.0,0.0,0.0,0.0,720.0,21.0
1788870608.129477,1788870608.1289043,0.7090222239494324,1.5446208817884326,0.021401956283792718,0.0684851118441128,0.0684851118441128,0.45029728323001744,0.0,0.7267030882835388,1.5157710123062134,0.0,0.0,-1.5707918088883162,2.356198977679014,0.6890222239494324,6.415159206390381,3.9269907865673304,1.0,0.0,0.0,0.0,720.0,21.0
1788870608.2029371,1788870608.2027829,0.7090256214141846,1.5446208817884326,0.021402914757952324,0.06848806261104705,0.06848806261104705,0.45029514172613083,0.0,0.726706485748291,1.5157669591903686,0.0,0.0,-1.5707918088883162,2.356198977679014,0.6890256214141846,6.415159206390381,3.9269907865673304,1.0,0.0,0.0,0.0,720.0,21.0
1788870608.2575521,1788870608.2574713,0.7090278267860413,1.5446208817884326,0.021403634261635787,0.06849055952937828,0.06849055952937828,0.4502933296005276,0.0,0.7267089891433716,1.5157639789581299,0.0,0.0,-1.5707918088883162,2.356198977679014,0.6890278267860412,6.415153007507325,3.9269907865673304,1.0,0.0,0.0,0.0,720.0,21.0
1788870608.327757,1788870608.3272657,0.7090315222740173,1.5446208817884326,0.021404692551413012,0.06849367917397862,0.06849367917397862,0.4502910655345457,0.0,0.7267126846313476,1.5157600450515747,0.0,0.0,-1.5707918088883162,2.356198977679014,0.6890315222740173,6.41515682220459,3.9269907865673304,1.0,0.0,0.0,0.0,720.0,21.0
1788870608.3803928,1788870608.3802052,0.7090334296226501,1.5446208817884326,0.021405206001813858,0.06849576519625664,0.06849576519625664,0.45028955161463424,0.0,0.7267144727706909,1.5157580184936523,0.0,0.0,-1.5707918088883162,2.356198977679014,0.6890334296226501,6.415160160064698,3.9269907865673304,1.0,0.0,0.0,0.0,720.0,21.0
1788870608.4529967,1788870608.452918,0.7090365886688232,1.5446208817884326,0.021406233039864043,0.06849869156817244,0.06849869156817244,0.45028742781530645,0.0,0.7267181086540222,1.5157530117034912,0.0,0.0,-1.5707918088883162,2.356198977679014,0.6890365886688232,6.415151100158692,3.9269907865673304,1.0,0.0,0.0,0.0,720.0,21.0
1788870608.507016,1788870608.506915,0.7090389132499695,1.5446208817884326,0.021406923887017308,0.0685011169773705,0.0685011169773705,0.4502856675870879,0.0,0.7267204928398132,1.5157509851455688,0.0,0.0,-1.5707918088883162,2.356198977679014,0.6890389132499695,6.415150146484375,3.9269907865673304,1.0,0.0,0.0,0.0,720.0,21.0
1788870608.5801768,1788870608.580044,0.7090427279472351,1.5446208817884326,0.021408807944116617,0.06850606488803238,0.06850606488803238,0.45028207666643943,0.0,0.7267241883277893,1.5157470512390137,0.0,0.0,-1.5707918088883162,2.356198977679014,0.6890427279472351,6.415152053833008,3.9269907865673304,1.0,0.0,0.0,0.0,720.0,21.0
1788870608.6534677,1788870608.6532812,0.70904541015625,1.5446208817884326,0.021409679713448666,0.06850950202453472,0.06850950202453472,0.4502795821823468,0.0,0.7267272281646728,1.515742998123169,0.0,0.0,-1.5707918088883162,2.356198977679014,0.68904541015625,6.415147762298584,3.9269907865673304,1.0,0.0,0.0,0.0,720.0,21.0
1788870608.72751,1788870608.727408,0.7090492248535156,1.5446208817884326,0.021410737079482482,0.06851290166540118,0.06851290166540118,0.4502771149105186,0.0,0.7267309236526489,1.5157389450073242,0.0,0.0,-1.5707918088883162,2.356198977679014,0.6890492248535156,6.415151100158692,3.9269907865673304,1.0,0.0,0.0,0.0,720.0,21.0
1788870608.781265,1788870608.781117,0.7090514898300171,1.5446208817884326,0.021411412621926824,0.06851543477273644,0.06851543477273644,0.4502752765209323,0.0,0.7267333078384399,1.5157370376586914,0.0,0.0,-1.5707918088883162,2.356198977679014,0.6890514898300171,6.415149192810059,3.9269907865673304,1.0,0.0,0.0,0.0,720.0,21.0
1788870608.8546884,1788870608.8545525,0.7090551257133484,1.5446208817884326,0.021412508960219026,0.06851865050271155,0.06851865050271155,0.4502729427214851,0.0,0.7267371225357055,1.5157329845428467,0.0,0.0,-1.5707918088883162,2.356198977679014,0.6890551257133484,6.415147762298584,3.9269907865673304,1.0,0.0,0.0,0.0,720.0,21.0
1788870608.908634,1788870608.908549,0.7090575098991394,1.5446208817884326,0.021413212985944823,0.06852119223932987,0.06852119223932987,0.4502710980692411,0.0,0.7267396259307861,1.515730004310608,0.0,0.0,-1.5707918088883162,2.356198977679014,0.6890575098991394,6.415147762298584,3.9269907865673304,1.0,0.0,0.0,0.0,720.0,21.0
1788870608.9775057,1788870608.9774344,0.7090610861778259,1.5446208817884326,0.02141439310849505,0.06852459823482787,0.06852459823482787,0.45026862618557184,0.0,0.7267436790466308,1.5157249975204468,0.0,0.0,-1.5707918088883162,2.356198977679014,0.6890610861778259,6.415135841369629,3.9269907865673304,1.0,0.0,0.0,0.0,720.0,21.0
1788870609.052668,1788870609.0525804,0.7090644836425781,1.5446208817884326,0.021415232852395393,0.06852750105981405,0.06852750105981405,0.4502665194753068,0.0,0.7267467784881592,1.515722017288208,0.0,0.0,-1.5707918088883162,2.356198977679014,0.6890644836425781,6.415144901275635,3.9269907865673304,1.0,0.0,0.0,0.0,720.0,21.0
1788870609.1089675,1788870609.1081827,0.7090666890144348,1.5446208817884326,0.021416070755119393,0.06853024880941165,0.06853024880941165,0.45026452531020544,0.0,0.7267495799064636,1.5157179641723633,0.0,0.0,-1.5707918088883162,2.356198977679014,0.6890666890144348,6.415132026672364,3.9269907865673304,1.0,0.0,0.0,0.0,720.0,21.0
1788870609.1846485,1788870609.1844687,0.7090700268745422,1.5446208817884326,0.021416840127381338,0.06853279652815769,0.06853279652815769,0.45026267631646305,0.0,0.726752381324768,1.5157160568237305,0.0,0.0,-1.5707918088883162,2.356198977679014,0.6890700268745422,6.415146808624268,3.9269907865673304,1.0,0.0,0.0,0.0,720.0,21.0
1788870609.2599998,1788870609.2598822,0.7090733051300049,1.5446208817884326,0.02141781839380103,0.06853575216056161,0.06853575216056161,0.450260531281487,0.0,0.7267557787895202,1.5157120037078857,0.0,0.0,-1.5707918088883162,2.356198977679014,0.6890733051300049,6.415142040252686,3.9269907865673304,1.0,0.0,0.0,0.0,720.0,21.0
1788870609.332622,1788870609.3324993,0.7090749740600586,1.5446208817884326,0.02141841939445911,0.06853798509175689,0.06853798509175689,0.45025891074318636,0.0,0.7267579245567322,1.515709023475647,0.0,0.0,-1.5707918088883162,2.356198977679014,0.6890749740600586,6.415136795043946,3.9269907865673304,1.0,0.0,0.0,0.0,720.0,21.0
1788870609.4060886,1788870609.4059458,0.7090787291526794,1.5446208817884326,0.02141950892270323,0.0685410955143823,0.0685410955143823,0.4502566533700052,0.0,0.726761679649353,1.5157040166854858,0.0,0.0,-1.5707918088883162,2.356198977679014,0.6890787291526794,6.415135841369629,3.9269907865673304,1.0,0.0,0.0,0.0,720.0,21.0
1788870609.4799674,1788870609.4798427,0.7090814709663391,1.5446208817884326,0.021420336651751633,0.06854388275423835,0.06854388275423835,0.4502546305450524,0.0,0.726764600276947,1.515701036453247,0.0,0.0,-1.5707918088883162,2.356198977679014,0.6890814709663391,6.415134887695313,3.9269907865673304,1.0,0.0,0.0,0.0,720.0,21.0
1788870609.5563436,1788870609.556167,0.7090852856636047,1.5446208817884326,0.021421407757426607,0.06854711820290711,0.06854711820290711,0.4502522824348649,0.0,0.7267684149742126,1.5156969833374023,0.0,0.0,-1.5707918088883162,2.356198977679014,0.6890852856636047,6.415136795043946,3.9269907865673304,1.0,0.0,0.0,0.0,720.0,21.0
1788870609.6307108,1788870609.6305928,0.7090880274772644,1.5446208817884326,0.021422252832595884,0.06854998180588692,0.06854998180588692,0.45025020418976885,0.0,0.7267712759971618,1.5156940031051636,0.0,0.0,-1.5707918088883162,2.356198977679014,0.6890880274772644,6.41513298034668,3.9269907865673304,1.0,0.0,0.0,0.0,720.0,21.0
1788870609.7036557,1788870609.7035794,0.7090911865234375,1.5446208817884326,0.021423155805826367,0.06855286354681714,0.06855286354681714,0.45024811278114873,0.0,0.7267744946479797,1.5156899499893188,0.0,0.0,-1.5707918088883162,2.356198977679014,0.6890911865234375,6.415135841369629,3.9269907865673304,1.0,0.0,0.0,0.0,720.0,21.0
1788870609.7781665,1788870609.7780483,0.7090954780578613,1.5446208817884326,0.02142441987710646,0.06855655958876361,0.06855655958876361,0.45024543039776516,0.0,0.7267790246009826,1.5156849431991577,0.0,0.0,-1.5707918088883162,2.356198977679014,0.6890954780578613,6.415130119323731,3.9269907865673304,1.0,0.0,0.0,0.0,720.0,21.0
1788870609.853975,1788870609.8538296,0.7090978026390076,1.5446208817884326,0.021425126621075978,0.06855925150783927,0.06855925150783927,0.45024347675137716,0.0,0.7267814087867737,1.515681962966919,0.0,0.0,-1.5707918088883162,2.356198977679014,0.6890978026390076,6.4151291656494145,3.9269907865673304,1.0,0.0,0.0,0.0,720.0,21.0
1788870609.929615,1788870609.9295,0.7091010212898254,1.5446208817884326,0.02142602033498533,0.06856206100271893,0.06856206100271893,0.4502414377749557,0.0,0.7267846274375915,1.5156789827346802,0.0,0.0,-1.5707918088883162,2.356198977679014,0.6891010212898254,6.41513298034668,3.9269907865673304,1.0,0.0,0.0,0.0,720.0,21.0
1788870610.004498,1788870610.0044045,0.7091044187545776,1.5446208817884326,0.021426969165990156,0.06856502923263362,0.06856502923263362,0.4502392835974011,0.0,0.7267880249023437,1.515675048828125,0.0,0.0,-1.5707918088883162,2.356198977679014,0.6891044187545776,6.415131072998047,3.9269907865673304,1.0,0.0,0.0,0.0,720.0,21.0
1788870610.0800102,1788870610.0798564,0.7091079950332642,1.5446208817884326,0.021427976173870034,0.06856817539925897,0.06856817539925897,0.4502370002831963,0.0,0.7267914819717407,1.5156719493865967,0.0,0.0,-1.5707918088883162,2.356198977679014,0.6891079950332641,6.41513822555542,3.9269907865673304,1.0,0.0,0.0,0.0,720.0,21.0
1788870610.1521084,1788870610.1519244,0.7091103196144104,1.5446208817884326,0.02142879577616467,0.06857095515838656,0.06857095515838656,0.4502349828873436,0.0,0.7267942833900451,1.5156680154800415,0.0,0.0,-1.5707918088883162,2.356198977679014,0.6891103196144104,6.415124874114991,3.9269907865673304,1.0,0.0,0.0,0.0,720.0,21.0
1788870610.2072937,1788870610.2071981,0.7091140151023865,1.5446208817884326,0.021429896896749727,0.06857425559623535,0.06857425559623535,0.4502325876115939,0.0,0.7267982172966003,1.5156630086898804,0.0,0.0,-1.5707918088883162,2.356198977679014,0.6891140151023865,6.415122966766358,3.9269907865673304,1.0,0.0,0.0,0.0,720.0,21.0
1788870610.2795787,1788870610.2793443,0.7091171741485596,1.5446208817884326,0.021430902987327527,0.06857749937048428,0.06857749937048428,0.45023023345915963,0.0,0.7268016743659973,1.5156589555740356,0.0,0.0,-1.5707918088883162,2.356198977679014,0.6891171741485596,6.415116767883301,3.9269907865673304,1.0,0.0,0.0,0.0,720.0,21.0
1788870610.3579805,1788870610.3575878,0.7091205716133118,1.5446208817884326,0.02143175052758098,0.06858037099292667,0.06858037099292667,0.45022814939397987,0.0,0.7268047142028808,1.5156559753417969,0.0,0.0,-1.5707918088883162,2.356198977679014,0.6891205716133117,6.415124874114991,3.9269907865673304,1.0,0.0,0.0,0.0,720.0,21.0
1788870610.433673,1788870610.4334757,0.7091236710548401,1.5446208817884326,0.021432779526743856,0.06858353743778425,0.06858353743778425,0.45022585136295257,0.0,0.7268081712722778,1.5156520414352417,0.0,0.0,-1.5707918088883162,2.356198977679014,0.6891236710548401,6.415121059417725,3.9269907865673304,1.0,0.0,0.0,0.0,720.0,21.0
1788870610.5070536,1788870610.5069253,0.7091264724731445,1.5446208817884326,0.021433629526120993,0.0685863913698463,0.0685863913698463,0.4502237801364752,0.0,0.7268112111091614,1.5156489419937134,0.0,0.0,-1.5707918088883162,2.356198977679014,0.6891264724731445,6.415112953186036,3.9269907865673304,1.0,0.0,0.0,0.0,720.0,21.0
1788870610.577709,1788870610.5776114,0.7091289162635803,1.5446208817884326,0.021434291612798393,0.0685887306236223,0.0685887306236223,0.45022208243510986,0.0,0.726813416481018,1.5156459617614746,0.0,0.0,-1.5707918088883162,2.356198977679014,0.6891289162635803,6.415119152069092,3.9269907865673304,1.0,0.0,0.0,0.0,720.0,21.0
1788870610.641867,1788870610.6416497,0.7091324925422668,1.5446208817884326,0.021435303379262402,0.06859169875663447,0.06859169875663447,0.45021992832788177,0.0,0.7268171119689941,1.5156420278549194,0.0,0.0,-1.5707918088883162,2.356198977679014,0.6891324925422668,6.415121059417725,3.9269907865673304,1.0,0.0,0.0,0.0,720.0,21.0
1788870610.7084405,1788870610.7082913,0.7091361880302429,1.5446208817884326,0.021436377075801528,0.06859499427678577,0.06859499427678577,0.4502175366211257,0.0,0.7268209862709045,1.5156379747390747,0.0,0.0,-1.5707918088883162,2.356198977679014,0.6891361880302429,6.415120105743409,3.9269907865673304,1.0,0.0,0.0,0.0,720.0,21.0
1788870610.785725,1788870610.785581,0.7091391086578369,1.5446208817884326,0.021437221150765105,0.06859787366074957,0.06859787366074957,0.4502154469230618,0.0,0.726823787689209,1.515634994506836,0.0,0.0,-1.5707918088883162,2.356198977679014,0.6891391086578369,6.415119152069092,3.9269907865673304,1.0,0.0,0.0,0.0,720.0,21.0
1788870610.861014,1788870610.860866,0.7091417908668518,1.5446208817884326,0.02143803615298693,0.0686005630809156,0.0686005630809156,0.4502134950902446,0.0,0.726826708316803,1.5156320142745972,0.0,0.0,-1.5707918088883162,2.356198977679014,0.6891417908668518,6.415118198394776,3.9269907865673304,1.0,0.0,0.0,0.0,720.0,21.0
1788870610.9352038,1788870610.9350846,0.7091448903083801,1.5446208817884326,0.021439106111148548,0.06860376661324744,0.06860376661324744,0.45021117014317413,0.0,0.726830403804779,1.515627007484436,0.0,0.0,-1.5707918088883162,2.356198977679014,0.6891448903083801,6.415107231140137,3.9269907865673304,1.0,0.0,0.0,0.0,720.0,21.0
1788870611.0090122,1788870611.0088418,0.7091469168663025,1.5446208817884326,0.021439608969937716,0.0686058540766347,0.0686058540766347,0.45020965517738504,0.0,0.7268320727348327,1.5156249809265137,0.0,0.0,-1.5707918088883162,2.356198977679014,0.6891469168663025,6.415111999511719,3.9269907865673304,1.0,0.0,0.0,0.0,720.0,21.0
1788870611.0773633,1788870611.0772345,0.7091506123542786,1.5446208817884326,0.021440683444722646,0.06860888713916914,0.06860888713916914,0.45020745394789097,0.0,0.7268360066413879,1.5156210470199585,0.0,0.0,-1.5707918088883162,2.356198977679014,0.6891506123542785,6.415111045837403,3.9269907865673304,1.0,0.0,0.0,0.0,720.0,21.0
1788870611.1372316,1788870611.137125,0.7091541886329651,1.5446208817884326,0.021441788794366156,0.06861227304113093,0.06861227304113093,0.450204996647002,0.0,0.7268398213386535,1.5156169939041138,0.0,0.0,-1.5707918088883162,2.356198977679014,0.6891541886329651,6.415110092163086,3.9269907865673304,1.0,0.0,0.0,0.0,720.0,21.0
1788870611.2192216,1788870611.218692,0.7091575264930725,1.5446208817884326,0.021442680606392404,0.06861528647065827,0.06861528647065827,0.45020280966606163,0.0,0.7268429803848266,1.515612940788269,0.0,0.0,-1.5707918088883162,2.356198977679014,0.6891575264930725,6.415111999511719,3.9269907865673304,1.0,0.0,0.0,0.0,720.0,21.0
1788870611.3107955,1788870611.3106575,0.7091612815856934,1.5446208817884326,0.021443795870543722,0.06861868869121542,0.06861868869121542,0.45020034052203617,0.0,0.7268469142913818,1.5156090068817138,0.0,0.0,-1.5707918088883162,2.356198977679014,0.6891612815856933,6.415111045837403,3.9269907865673304,1.0,0.0,0.0,0.0,720.0,21.0
1788870611.4011598,1788870611.4009998,0.709164023399353,1.5446208817884326,0.021447063047719893,0.06862702783425718,0.06862702783425718,0.4501942884319753,0.0,0.7268497157096863,1.515606026649475,0.0,0.0,-1.5707918088883162,2.356198977679014,0.689164023399353,6.415110092163086,3.9269907865673304,1.0,0.0,0.0,0.0,720.0,21.0
1788870611.4855127,1788870611.4844124,0.7091671824455261,1.5446208817884326,0.021448176061172324,0.06863202272730316,0.06863202272730316,0.4501906634141039,0.0,0.7268534708023071,1.515601019859314,0.0,0.0,-1.5707918088883162,2.356198977679014,0.6891671824455261,6.415097217559815,3.9269907865673304,1.0,0.0,0.0,0.0,720.0,21.0
1788870611.5586007,1788870611.558309,0.7091705203056335,1.5446208817884326,0.021449000170977738,0.06863536720118109,0.06863536720118109,0.45018823617943315,0.0,0.7268565106391907,1.5155980396270752,0.0,0.0,-1.5707918088883162,2.356198977679014,0.6891705203056335,6.415107231140137,3.9269907865673304,1.0,0.0,0.0,0.0,720.0,21.0
1788870611.6350782,1788870611.6349564,0.7091746926307678,1.5446208817884326,0.02145024869049787,0.06863916722706956,0.06863916722706956,0.4501854783302398,0.0,0.726860921382904,1.515593032836914,0.0,0.0,-1.5707918088883162,2.356198977679014,0.6891746926307678,6.415102939605713,3.9269907865673304,1.0,0.0,0.0,0.0,720.0,21.0
1788870611.72338,1788870611.7232635,0.7091783285140991,1.5446208817884326,0.021451340992267493,0.06864275399080005,0.06864275399080005,0.450182875254958,0.0,0.7268646764755249,1.515588026046753,0.0,0.0,-1.5707918088883162,2.356198977679014,0.6891783285140991,6.4151010322570805,3.9269907865673304,1.0,0.0,0.0,0.0,720.0,21.0
1788870611.785251,1788870611.7851605,0.7091811895370483,1.5446208817884326,0.021452273910793348,0.06864591975741711,0.06864591975741711,0.4501805777161602,0.0,0.7268680143356323,1.5155850458145141,0.0,0.0,-1.5707918088883162,2.356198977679014,0.6891811895370483,6.415091972351075,3.9269907865673304,1.0,0.0,0.0,0.0,720.0,21.0
1788870611.8560805,1788870611.8551562,0.7091844081878662,1.5446208817884326,0.021453127577284313,0.068648781700342,0.068648781700342,0.4501785006758404,0.0,0.7268708753585815,1.5155819463729858,0.0,0.0,-1.5707918088883162,2.356198977679014,0.6891844081878662,6.415100078582764,3.9269907865673304,1.0,0.0,0.0,0.0,720.0,21.0
1788870611.9132743,1788870611.9131486,0.7091872096061707,1.5446208817884326,0.02145387796956334,0.06865132116192449,0.06865132116192449,0.45017665767469195,0.0,0.726873676776886,1.515578966140747,0.0,0.0,-1.5707918088883162,2.356198977679014,0.6891872096061706,6.415101985931397,3.9269907865673304,1.0,0.0,0.0,0.0,720.0,21.0
1788870611.988727,1788870611.9886038,0.7091904878616333,1.5446208817884326,0.021454858237230173,0.06865427879997293,0.06865427879997293,0.45017451118412966,0.0,0.7268770146369934,1.5155750322341919,0.0,0.0,-1.5707918088883162,2.356198977679014,0.6891904878616333,6.4151010322570805,3.9269907865673304,1.0,0.0,0.0,0.0,720.0,21.0
1788870612.0600777,1788870612.0596747,0.7091937065124512,1.5446208817884326,0.021455847533652667,0.06865738211537385,0.06865738211537385,0.45017225896898,0.0,0.7268804717063904,1.5155709791183472,0.0,0.0,-1.5707918088883162,2.356198977679014,0.6891937065124512,6.41509578704834,3.9269907865673304,1.0,0.0,0.0,0.0,720.0,21.0
1788870612.1323307,1788870612.1321392,0.7091962099075317,1.5446208817884326,0.02145650007294997,0.06865977479802009,0.06865977479802009,0.4501705224918876,0.0,0.7268827962875366,1.5155689525604248,0.0,0.0,-1.5707918088883162,2.356198977679014,0.6891962099075317,6.415099124908448,3.9269907865673304,1.0,0.0,0.0,0.0,720.0,21.0
1788870612.207029,1788870612.2068913,0.7091991901397705,1.5446208817884326,0.021457362940967437,0.06866242542717309,0.06866242542717309,0.4501685988114481,0.0,0.7268857765197754,1.515565972328186,0.0,0.0,-1.5707918088883162,2.356198977679014,0.6891991901397705,6.415104846954346,3.9269907865673304,1.0,0.0,0.0,0.0,720.0,21.0
1788870612.2832415,1788870612.283147,0.709201991558075,1.5446208817884326,0.021458308414291753,0.06866533847616545,0.06866533847616545,0.4501664846811633,0.0,0.7268891143798828,1.5155609655380249,0.0,0.0,-1.5707918088883162,2.356198977679014,0.6892019915580749,6.415092926025391,3.9269907865673304,1.0,0.0,0.0,0.0,720.0,21.0
1788870612.3558934,1788870612.3557196,0.7092053294181824,1.5446208817884326,0.02145919226831158,0.06866819222386758,0.06866819222386758,0.4501644135884842,0.0,0.7268922138214111,1.5155579853057861,0.0,0.0,-1.5707918088883162,2.356198977679014,0.6892053294181824,6.415100078582764,3.9269907865673304,1.0,0.0,0.0,0.0,720.0,21.0
1788870612.4334166,1788870612.4333231,0.7092084884643555,1.5446208817884326,0.021460177667156816,0.06867125564159154,0.06867125564159154,0.45016219032886784,0.0,0.7268956708908081,1.515554051399231,0.0,0.0,-1.5707918088883162,2.356198977679014,0.6892084884643555,6.4150938796997075,3.9269907865673304,1.0,0.0,0.0,0.0,720.0,21.0
1788870612.5130973,1788870612.512936,0.7092117071151733,1.5446208817884326,0.021461042286230296,0.06867411141363332,0.06867411141363332,0.45016011776703463,0.0,0.7268987107276916,1.5155509519577026,0.0,0.0,-1.5707918088883162,2.356198977679014,0.6892117071151733,6.415101985931397,3.9269907865673304,1.0,0.0,0.0,0.0,720.0,21.0
1788870612.5934174,1788870612.5932682,0.7092139720916748,1.5446208817884326,0.021461866017548913,0.06867681330339957,0.06867681330339957,0.45015815688446936,0.0,0.7269015717506409,1.5155470180511474,0.0,0.0,-1.5707918088883162,2.356198977679014,0.6892139720916748,6.415088157653809,3.9269907865673304,1.0,0.0,0.0,0.0,720.0,21.0
1788870612.6760886,1788870612.6759655,0.7092170119285583,1.5446208817884326,0.021462644716993384,0.06867936815708506,0.06867936815708506,0.4501563027125815,0.0,0.7269043731689453,1.5155440378189087,0.0,0.0,-1.5707918088883162,2.356198977679014,0.6892170119285583,6.415091018676758,3.9269907865673304,1.0,0.0,0.0,0.0,720.0,21.0
1788870612.7411177,1788870612.7409158,0.7092205882072449,1.5446208817884326,0.021463736845821174,0.06868258098176494,0.06868258098176494,0.45015397102163734,0.0,0.7269081878662109,1.515539984703064,0.0,0.0,-1.5707918088883162,2.356198977679014,0.6892205882072449,6.415091018676758,3.9269907865673304,1.0,0.0,0.0,0.0,720.0,21.0
1788870612.8096125,1788870612.8094764,0.7092229127883911,1.5446208817884326,0.021464748264627895,0.06868581040729597,0.06868581040729597,0.4501516272827111,0.0,0.726910810470581,1.5155370044708252,0.0,0.0,-1.5707918088883162,2.356198977679014,0.6892229127883911,6.415084819793702,3.9269907865673304,1.0,0.0,0.0,0.0,720.0,21.0
1788870612.8810892,1788870612.8809912,0.7092267274856567,1.5446208817884326,0.02146579772214766,0.06868913001979955,0.06868913001979955,0.45014921809105457,0.0,0.7269143867492676,1.5155329513549805,0.0,0.0,-1.5707918088883162,2.356198977679014,0.6892267274856567,6.415088157653809,3.9269907865673304,1.0,0.0,0.0,0.0,720.0,21.0
1788870612.961621,1788870612.9614694,0.7092294096946716,1.5446208817884326,0.02146660113496108,0.06869192554825268,0.06869192554825268,0.45014718925069513,0.0,0.726917188167572,1.5155299711227417,0.0,0.0,-1.5707918088883162,2.356198977679014,0.6892294096946716,6.415088157653809,3.9269907865673304,1.0,0.0,0.0,0.0,720.0,21.0
1788870613.031417,1788870613.031255,0.7092316746711731,1.5446208817884326,0.02146727911909243,0.06869428289124284,0.06869428289124284,0.4501454784211759,0.0,0.726919572353363,1.515526990890503,0.0,0.0,-1.5707918088883162,2.356198977679014,0.6892316746711731,6.415085773468018,3.9269907865673304,1.0,0.0,0.0,0.0,720.0,21.0
1788870613.0956182,1788870613.0955148,0.709234893321991,1.5446208817884326,0.02146823430574366,0.06869712971223865,0.06869712971223865,0.45014341235551814,0.0,0.72692302942276,1.5155230569839477,0.0,0.0,-1.5707918088883162,2.356198977679014,0.689234893321991,6.415084819793702,3.9269907865673304,1.0,0.0,0.0,0.0,720.0,21.0
1788870613.1607552,1788870613.1606433,0.709237277507782,1.5446208817884326,0.0214689723624947,0.06869963700565972,0.06869963700565972,0.45014159270024695,0.0,0.7269254732131958,1.5155199575424194,0.0,0.0,-1.5707918088883162,2.356198977679014,0.689237277507782,6.415081005096436,3.9269907865673304,1.0,0.0,0.0,0.0,720.0,21.0
1788870613.2317002,1788870613.2314916,0.7092404961585999,1.5446208817884326,0.021469921924286497,0.06870251621209966,0.06870251621209966,0.45013950313102014,0.0,0.726928870677948,1.5155160236358642,0.0,0.0,-1.5707918088883162,2.356198977679014,0.6892404961585998,6.415079097747803,3.9269907865673304,1.0,0.0,0.0,0.0,720.0,21.0
1788870613.3053398,1788870613.305218,0.7092441916465759,1.5446208817884326,0.021471028918941943,0.06870585964205986,0.06870585964205986,0.45013707665396724,0.0,0.7269326853752136,1.5155119705200195,0.0,0.0,-1.5707918088883162,2.356198977679014,0.6892441916465759,6.415079097747803,3.9269907865673304,1.0,0.0,0.0,0.0,720.0,21.0
1788870613.3799052,1788870613.3798118,0.709248423576355,1.5446208817884326,0.021472251741251547,0.06870960179302142,0.06870960179302142,0.4501343608072037,0.0,0.7269369769096374,1.5155069637298584,0.0,0.0,-1.5707918088883162,2.356198977679014,0.689248423576355,6.41507719039917,3.9269907865673304,1.0,0.0,0.0,0.0,720.0,21.0
1788870613.4549165,1788870613.4545078,0.7092517018318176,1.5446208817884326,0.021473221508022628,0.06871289671587712,0.06871289671587712,0.4501319695339318,0.0,0.7269404935836792,1.5155030298233032,0.0,0.0,-1.5707918088883162,2.356198977679014,0.6892517018318176,6.415076236724854,3.9269907865673304,1.0,0.0,0.0,0.0,720.0,21.0
1788870613.5139346,1788870613.5137303,0.7092534899711609,1.5446208817884326,0.021473706709250882,0.06871497204348512,0.06871497204348512,0.45013046337562196,0.0,0.7269422817230224,1.5155019569396972,0.0,0.0,-1.5707918088883162,2.356198977679014,0.6892534899711609,6.415079097747803,3.9269907865673304,1.0,0.0,0.0,0.0,720.0,21.0
1788870613.5827818,1788870613.582661,0.7092571258544922,1.5446208817884326,0.021474837833598086,0.06871812836030525,0.06871812836030525,0.45012817269496563,0.0,0.7269462156295776,1.5154969501495361,0.0,0.0,-1.5707918088883162,2.356198977679014,0.6892571258544922,6.415073852539063,3.9269907865673304,1.0,0.0,0.0,0.0,720.0,21.0
1788870613.6576514,1788870613.6574185,0.7092605233192444,1.5446208817884326,0.02147574703108692,0.06872111185772627,0.06872111185772627,0.4501260074370971,0.0,0.7269493746757507,1.5154939699172973,0.0,0.0,-1.5707918088883162,2.356198977679014,0.6892605233192444,6.415076236724854,3.9269907865673304,1.0,0.0,0.0,0.0,720.0,21.0
1788870613.7321472,1788870613.7320418,0.7092627882957458,1.5446208817884326,0.021476487093496574,0.06872366464675021,0.06872366464675021,0.45012415476362666,0.0,0.7269518780708313,1.5154900360107422,0.0,0.0,-1.5707918088883162,2.356198977679014,0.6892627882957458,6.41507194519043,3.9269907865673304,1.0,0.0,0.0,0.0,720.0,21.0
1788870613.8043041,1788870613.8041036,0.7092660069465637,1.5446208817884326,0.021477454204049503,0.06872659681109596,0.06872659681109596,0.45012202676047275,0.0,0.7269552755355835,1.5154870557785034,0.0,0.0,-1.5707918088883162,2.356198977679014,0.6892660069465637,6.415070991516114,3.9269907865673304,1.0,0.0,0.0,0.0,720.0,21.0
1788870613.8824677,1788870613.8823588,0.7092679142951965,1.5446208817884326,0.02147790655782743,0.06872848973286223,0.06872848973286223,0.45012065298226195,0.0,0.7269568848609924,1.5154859828948974,0.0,0.0,-1.5707918088883162,2.356198977679014,0.6892679142951965,6.415078144073487,3.9269907865673304,1.0,0.0,0.0,0.0,720.0,21.0
1788870613.9598775,1788870613.9590385,0.709270715713501,1.5446208817884326,0.021478755012221133,0.068730958147234,0.068730958147234,0.4501188615432603,0.0,0.726959924697876,1.5154820489883423,0.0,0.0,-1.5707918088883162,2.356198977679014,0.689270715713501,6.4150728988647465,3.9269907865673304,1.0,0.0,0.0,0.0,720.0,21.0
1788870614.0391638,1788870614.0389838,0.7092733979225159,1.5446208817884326,0.021479466083260346,0.06873329147067338,0.06873329147067338,0.45011716814580616,0.0,0.7269624876976013,1.51548002243042,0.0,0.0,-1.5707918088883162,2.356198977679014,0.6892733979225159,6.41508005142212,3.9269907865673304,1.0,0.0,0.0,0.0,720.0,21.0
1788870614.1193364,1788870614.119186,0.7092766165733337,1.5446208817884326,0.021480583132279962,0.06873649365750914,0.06873649365750914,0.4501148441752225,0.0,0.7269663023948669,1.5154739427566528,0.0,0.0,-1.5707918088883162,2.356198977679014,0.6892766165733337,6.415067176818848,3.9269907865673304,1.0,0.0,0.0,0.0,720.0,21.0
1788870614.1900856,1788870614.189919,0.7092788815498352,1.5446208817884326,0.021481230983004924,0.06873890549918377,0.06873890549918377,0.4501130937935641,0.0,0.7269686269760132,1.51547203540802,0.0,0.0,-1.5707918088883162,2.356198977679014,0.6892788815498352,6.415070037841797,3.9269907865673304,1.0,0.0,0.0,0.0,720.0,21.0
1788870614.2572742,1788870614.2571309,0.7092826962471008,1.5446208817884326,0.021482310718190734,0.06874204765850238,0.06874204765850238,0.45011081338764153,0.0,0.726972382068634,1.5154679822921753,0.0,0.0,-1.5707918088883162,2.356198977679014,0.6892826962471008,6.415069084167481,3.9269907865673304,1.0,0.0,0.0,0.0,720.0,21.0
1788870614.3300118,1788870614.3298962,0.7092859148979187,1.5446208817884326,0.021483162276863768,0.06874489779772557,0.06874489779772557,0.4501087449137973,0.0,0.7269754219055176,1.5154650020599365,0.0,0.0,-1.5707918088883162,2.356198977679014,0.6892859148979187,6.415076236724854,3.9269907865673304,1.0,0.0,0.0,0.0,720.0,21.0
1788870614.3930976,1788870614.3929656,0.7092896103858948,1.5446208817884326,0.02148451171451919,0.06874877557984066,0.06874877557984066,0.45010593063342347,0.0,0.7269800114631653,1.515459041595459,0.0,0.0,-1.5707918088883162,2.356198977679014,0.6892896103858948,6.415052871704102,3.9269907865673304,1.0,0.0,0.0,0.0,720.0,21.0
1788870614.496504,1788870614.496365,0.7092928290367126,1.5446208817884326,0.021485214813329663,0.06875151385581064,0.06875151385581064,0.45010394334375853,0.0,0.7269825744628906,1.5154570150375366,0.0,0.0,-1.5707918088883162,2.356198977679014,0.6892928290367126,6.4150728988647465,3.9269907865673304,1.0,0.0,0.0,0.0,720.0,21.0
1788870614.5695558,1788870614.5690925,0.7092961072921753,1.5446208817884326,0.021486314472100407,0.06875479857424811,0.06875479857424811,0.4501015594762905,0.0,0.7269863891601562,1.5154520082473755,0.0,0.0,-1.5707918088883162,2.356198977679014,0.6892961072921753,6.415060024261475,3.9269907865673304,1.0,0.0,0.0,0.0,720.0,21.0
1788870614.6393924,1788870614.6392684,0.7092983722686768,1.5446208817884326,0.021486998734704724,0.06875731673801302,0.06875731673801302,0.4500997319319233,0.0,0.7269887733459472,1.5154490280151367,0.0,0.0,-1.5707918088883162,2.356198977679014,0.6892983722686767,6.415059070587159,3.9269907865673304,1.0,0.0,0.0,0.0,720.0,21.0
1788870614.7131732,1788870614.712955,0.7093011736869812,1.5446208817884326,0.021487799815366415,0.06875986660782467,0.06875986660782467,0.4500978813770562,0.0,0.7269915747642517,1.515446047782898,0.0,0.0,-1.5707918088883162,2.356198977679014,0.6893011736869812,6.415061931610108,3.9269907865673304,1.0,0.0,0.0,0.0,720.0,21.0
1788870614.7859576,1788870614.7857125,0.709304928779602,1.5446208817884326,0.021488879560718755,0.06876305019835742,0.06876305019835742,0.45009557090264357,0.0,0.7269953894615173,1.5154419946670532,0.0,0.0,-1.5707918088883162,2.356198977679014,0.689304928779602,6.415060977935791,3.9269907865673304,1.0,0.0,0.0,0.0,720.0,21.0
1788870614.8579495,1788870614.8577325,0.7093086242675781,1.5446208817884326,0.02149002402942109,0.06876656888541047,0.06876656888541047,0.4500930172336593,0.0,0.7269993829727173,1.515436987876892,0.0,0.0,-1.5707918088883162,2.356198977679014,0.6893086242675781,6.415056209564209,3.9269907865673304,1.0,0.0,0.0,0.0,720.0,21.0
1788870614.9358482,1788870614.935504,0.7093114256858826,1.5446208817884326,0.021490783913337946,0.06876932663150014,0.06876932663150014,0.45009101581365535,0.0,0.7270021247863769,1.5154340076446533,0.0,0.0,-1.5707918088883162,2.356198977679014,0.6893114256858826,6.415059070587159,3.9269907865673304,1.0,0.0,0.0,0.0,720.0,21.0
1788870615.0078094,1788870615.0076988,0.7093151211738586,1.5446208817884326,0.021491933027132294,0.06877272797022638,0.06877272797022638,0.4500885473096141,0.0,0.7270061182975769,1.5154290008544922,0.0,0.0,-1.5707918088883162,2.356198977679014,0.6893151211738586,6.415052871704102,3.9269907865673304,1.0,0.0,0.0,0.0,720.0,21.0
1788870615.084941,1788870615.083934,0.7093169093132019,1.5446208817884326,0.021492416613688718,0.06877483160573065,0.06877483160573065,0.45008702060699457,0.0,0.7270077872276306,1.5154280471801758,0.0,0.0,-1.5707918088883162,2.356198977679014,0.6893169093132019,6.415057163238526,3.9269907865673304,1.0,0.0,0.0,0.0,720.0,21.0
1788870615.1626062,1788870615.1624036,0.7093216180801392,1.5446208817884326,0.02149382174324543,0.06877861018658897,0.06877861018658897,0.4500842783214213,0.0,0.7270126748085022,1.5154219675064087,0.0,0.0,-1.5707918088883162,2.356198977679014,0.6893216180801391,6.415050964355469,3.9269907865673304,1.0,0.0,0.0,0.0,720.0,21.0
1788870615.233331,1788870615.2332182,0.7093244194984436,1.5446208817884326,0.02149460544313853,0.06878149924860699,0.06878149924860699,0.4500821815995595,0.0,0.7270154762268066,1.51541898727417,0.0,0.0,-1.5707918088883162,2.356198977679014,0.6893244194984436,6.415053825378418,3.9269907865673304,1.0,0.0,0.0,0.0,720.0,21.0
1788870615.3070495,1788870615.3069406,0.7093275785446167,1.5446208817884326,0.02149555965167845,0.06878450339434183,0.06878450339434183,0.4500800013562836,0.0,0.7270188736915588,1.5154150533676147,0.0,0.0,-1.5707918088883162,2.356198977679014,0.6893275785446167,6.415052871704102,3.9269907865673304,1.0,0.0,0.0,0.0,720.0,21.0
1788870615.3819973,1788870615.3819149,0.7093312740325928,1.5446208817884326,0.021496651868888248,0.06878785120461223,0.06878785120461223,0.4500775717002432,0.0,0.7270226287841797,1.51541100025177,0.0,0.0,-1.5707918088883162,2.356198977679014,0.6893312740325928,6.415051918029786,3.9269907865673304,1.0,0.0,0.0,0.0,720.0,21.0
1788870615.4580326,1788870615.457884,0.7093340754508972,1.5446208817884326,0.021497491402926627,0.0687907361039393,0.0687907361039393,0.45007547799943287,0.0,0.7270254898071289,1.5154080200195312,0.0,0.0,-1.5707918088883162,2.356198977679014,0.6893340754508972,6.415050964355469,3.9269907865673304,1.0,0.0,0.0,0.0,720.0,21.0
1788870615.5328715,1788870615.5327172,0.7093374133110046,1.5446208817884326,0.021498483241023898,0.06879382329107533,0.06879382329107533,0.45007323748928835,0.0,0.7270291256904602,1.51540301322937,0.0,0.0,-1.5707918088883162,2.356198977679014,0.6893374133110046,6.415046195983887,3.9269907865673304,1.0,0.0,0.0,0.0,720.0,21.0
1788870615.6086884,1788870615.6084185,0.7093405723571777,1.5446208817884326,0.021499351010676904,0.06879669325123887,0.06879669325123887,0.4500711546304989,0.0,0.727032105922699,1.5154009866714477,0.0,0.0,-1.5707918088883162,2.356198977679014,0.6893405723571777,6.415051918029786,3.9269907865673304,1.0,0.0,0.0,0.0,720.0,21.0
1788870615.6842518,1788870615.6841223,0.7093448042869568,1.5446208817884326,0.02150063287574595,0.06880042561704258,0.06880042561704258,0.45006844588526324,0.0,0.7270365762710571,1.5153959798812866,0.0,0.0,-1.5707918088883162,2.356198977679014,0.6893448042869568,6.4150471496582036,3.9269907865673304,1.0,0.0,0.0,0.0,720.0,21.0
1788870615.755268,1788870615.7551367,0.7093480229377747,1.5446208817884326,0.02150162736177944,0.06880377297549871,0.06880377297549871,0.4500660165571247,0.0,0.7270400929450989,1.5153909730911255,0.0,0.0,-1.5707918088883162,2.356198977679014,0.6893480229377746,6.415041904449463,3.9269907865673304,1.0,0.0,0.0,0.0,720.0,21.0
1788870615.834867,1788870615.8347564,0.7093513011932373,1.5446208817884326,0.021502700526530614,0.0688071810720782,0.0688071810720782,0.45006354314860636,0.0,0.7270437288284302,1.5153870391845703,0.0,0.0,-1.5707918088883162,2.356198977679014,0.6893513011932373,6.415031890869141,3.9269907865673304,1.0,0.0,0.0,0.0,720.0,21.0
1788870615.9082754,1788870615.9081519,0.7093548774719238,1.5446208817884326,0.021503670882379176,0.06881037709815281,0.06881037709815281,0.45006122364916334,0.0,0.7270471858978271,1.5153829860687256,0.0,0.0,-1.5707918088883162,2.356198977679014,0.6893548774719238,6.4150399971008305,3.9269907865673304,1.0,0.0,0.0,0.0,720.0,21.0
1788870615.9832199,1788870615.982928,0.7093582153320312,1.5446208817884326,0.021504638181002997,0.06881350265489256,0.06881350265489256,0.45005895529247675,0.0,0.7270505833625793,1.5153790521621704,0.0,0.0,-1.5707918088883162,2.356198977679014,0.6893582153320312,6.415039043426514,3.9269907865673304,1.0,0.0,0.0,0.0,720.0,21.0
1788870616.0557215,1788870616.055583,0.7093614935874939,1.5446208817884326,0.02150548854566569,0.06881634513875891,0.06881634513875891,0.45005689237446833,0.0,0.7270536828041076,1.515377025604248,0.0,0.0,-1.5707918088883162,2.356198977679014,0.6893614935874939,6.4150447654724125,3.9269907865673304,1.0,0.0,0.0,0.0,720.0,21.0
1788870616.135652,1788870616.1354716,0.7093647122383118,1.5446208817884326,0.021506545600292925,0.06881956568628382,0.06881956568628382,0.45005455507870923,0.0,0.727057318687439,1.515372018814087,0.0,0.0,-1.5707918088883162,2.356198977679014,0.6893647122383117,6.415037136077881,3.9269907865673304,1.0,0.0,0.0,0.0,720.0,21.0
1788870616.2105343,1788870616.210391,0.7093675136566162,1.5446208817884326,0.02150734559325562,0.06882232383477774,0.06882232383477774,0.45005255336666244,0.0,0.7270601201057434,1.5153690385818481,0.0,0.0,-1.5707918088883162,2.356198977679014,0.6893675136566162,6.415039043426514,3.9269907865673304,1.0,0.0,0.0,0.0,720.0,21.0
1788870616.280765,1788870616.2806153,0.7093706130981445,1.5446208817884326,0.02150839181347516,0.06882549481261768,0.06882549481261768,0.4500502520458466,0.0,0.7270638155937195,1.515364031791687,0.0,0.0,-1.5707918088883162,2.356198977679014,0.6893706130981445,6.415028076171875,3.9269907865673304,1.0,0.0,0.0,0.0,720.0,21.0
1788870616.3552732,1788870616.355184,0.7093740105628967,1.5446208817884326,0.02150920299173008,0.06882826314526068,0.06882826314526068,0.4500482429427062,0.0,0.7270666766166687,1.5153610515594482,0.0,0.0,-1.5707918088883162,2.356198977679014,0.6893740105628967,6.415037136077881,3.9269907865673304,1.0,0.0,0.0,0.0,720.0,21.0
1788870616.4316053,1788870616.431448,0.7093777060508728,1.5446208817884326,0.021510379072357484,0.06883172806565897,0.06883172806565897,0.4500457282945943,0.0,0.7270707893371582,1.5153569984436035,0.0,0.0,-1.5707918088883162,2.356198977679014,0.6893777060508728,6.415030937194825,3.9269907865673304,1.0,0.0,0.0,0.0,720.0,21.0
1788870616.5063238,1788870616.5061269,0.7093805074691772,1.5446208817884326,0.021511148630856503,0.06883449135281626,0.06883449135281626,0.4500437228531891,0.0,0.7270734715461731,1.5153540182113647,0.0,0.0,-1.5707918088883162,2.356198977679014,0.6893805074691772,6.415033798217774,3.9269907865673304,1.0,0.0,0.0,0.0,720.0,21.0
1788870616.586548,1788870616.5863101,0.7093837261199951,1.5446208817884326,0.02151206260637079,0.06883736764411545,0.06883736764411545,0.4500416353996106,0.0,0.727076690196991,1.515351037979126,0.0,0.0,-1.5707918088883162,2.356198977679014,0.6893837261199951,6.415037136077881,3.9269907865673304,1.0,0.0,0.0,0.0,720.0,21.0
1788870616.6597846,1788870616.6596227,0.7093859910964966,1.5446208817884326,0.021512836194621156,0.06883996336918602,0.06883996336918602,0.45003975156552584,0.0,0.7270793724060058,1.5153469848632812,0.0,0.0,-1.5707918088883162,2.356198977679014,0.6893859910964966,6.415029029846192,3.9269907865673304,1.0,0.0,0.0,0.0,720.0,21.0
1788870616.7342925,1788870616.7341685,0.7093892097473145,1.5446208817884326,0.021513880471079095,0.06884308126597298,0.06884308126597298,0.4500374887680104,0.0,0.7270830082893371,1.515343050956726,0.0,0.0,-1.5707918088883162,2.356198977679014,0.6893892097473144,6.41501901626587,3.9269907865673304,1.0,0.0,0.0,0.0,720.0,21.0
1788870616.8038511,1788870616.8037167,0.7093905806541443,1.5446208817884326,0.02151412647932209,0.06884456769347339,0.06884456769347339,0.45003641000091693,0.0,0.7270839023590088,1.515343050956726,0.0,0.0,-1.5707918088883162,2.356198977679014,0.6893905806541443,6.4150352287292485,3.9269907865673304,1.0,0.0,0.0,0.0,720.0,21.0
1788870616.8609982,1788870616.8608658,0.7093933820724487,1.5446208817884326,0.021515005872583617,0.06884698346262932,0.06884698346262932,0.4500346567689092,0.0,0.7270871210098266,1.515338044166565,0.0,0.0,-1.5707918088883162,2.356198977679014,0.6893933820724487,6.415027122497559,3.9269907865673304,1.0,0.0,0.0,0.0,720.0,21.0
1788870616.9322064,1788870616.932035,0.7093967199325562,1.5446208817884326,0.021515974056353835,0.06884987692502138,0.06884987692502138,0.4500325568534986,0.0,0.7270903992652893,1.5153349447250366,0.0,0.0,-1.5707918088883162,2.356198977679014,0.6893967199325561,6.415025215148926,3.9269907865673304,1.0,0.0,0.0,0.0,720.0,21.0
1788870617.0116184,1788870617.0114625,0.7093998789787292,1.5446208817884326,0.02151693753527461,0.06885290315652154,0.06885290315652154,0.45003036058159246,0.0,0.7270936775207519,1.5153310108184814,0.0,0.0,-1.5707918088883162,2.356198977679014,0.6893998789787292,6.415023784637452,3.9269907865673304,1.0,0.0,0.0,0.0,720.0,21.0
1788870617.0787125,1788870617.0785882,0.7094022035598755,1.5446208817884326,0.021517613937093633,0.06885532616604621,0.06885532616604621,0.4500286020949244,0.0,0.7270961213111877,1.5153280305862427,0.0,0.0,-1.5707918088883162,2.356198977679014,0.6894022035598755,6.415022830963135,3.9269907865673304,1.0,0.0,0.0,0.0,720.0,21.0
1788870617.1430075,1788870617.1417959,0.7094051241874695,1.5446208817884326,0.0215183322360927,0.0688576620586615,0.0688576620586615,0.4500269068329042,0.0,0.7270986843109131,1.5153260040283203,0.0,0.0,-1.5707918088883162,2.356198977679014,0.6894051241874695,6.415029983520508,3.9269907865673304,1.0,0.0,0.0,0.0,720.0,21.0
1788870617.2058647,1788870617.2056692,0.7094069123268127,1.5446208817884326,0.021520338778227503,0.06886285748082806,0.06886285748082806,0.45002313628205753,0.0,0.7271008896827698,1.5153230237960815,0.0,0.0,-1.5707918088883162,2.356198977679014,0.6894069123268127,6.415020923614502,3.9269907865673304,1.0,0.0,0.0,0.0,720.0,21.0
1788870617.2639208,1788870617.2636611,0.7094097137451172,1.5446208817884326,0.02152115721471496,0.06886624940520994,0.06886624940520994,0.4500206746104282,0.0,0.7271038103103638,1.5153189706802368,0.0,0.0,-1.5707918088883162,2.356198977679014,0.6894097137451172,6.415019969940186,3.9269907865673304,1.0,0.0,0.0,0.0,720.0,21.0
1788870617.3298934,1788870617.329705,0.7094132900238037,1.5446208817884326,0.021522267023600026,0.06886975295442703,0.06886975295442703,0.4500181319276504,0.0,0.7271076250076294,1.5153150367736816,0.0,0.0,-1.5707918088883162,2.356198977679014,0.6894132900238037,6.41501901626587,3.9269907865673304,1.0,0.0,0.0,0.0,720.0,21.0
1788870617.4049582,1788870617.4047935,0.7094169855117798,1.5446208817884326,0.02152328990844403,0.06887309528124273,0.06887309528124273,0.4500157062511989,0.0,0.7271113204956055,1.515310983657837,0.0,0.0,-1.5707918088883162,2.356198977679014,0.6894169855117798,6.415020923614502,3.9269907865673304,1.0,0.0,0.0,0.0,720.0,21.0
1788870617.480242,1788870617.4801002,0.7094203233718872,1.5446208817884326,0.021524229731495707,0.0688762031829232,0.0688762031829232,0.4500134507075806,0.0,0.7271147179603576,1.5153080034255981,0.0,0.0,-1.5707918088883162,2.356198977679014,0.6894203233718872,6.415019969940186,3.9269907865673304,1.0,0.0,0.0,0.0,720.0,21.0
1788870617.5573761,1788870617.5572371,0.7094240188598633,1.5446208817884326,0.021525443109410975,0.06887985351995755,0.06887985351995755,0.4500108014943012,0.0,0.7271187710762024,1.5153020429611206,0.0,0.0,-1.5707918088883162,2.356198977679014,0.6894240188598633,6.415009002685547,3.9269907865673304,1.0,0.0,0.0,0.0,720.0,21.0
1788870617.6335077,1788870617.6333454,0.7094262838363647,1.5446208817884326,0.021526018528152835,0.06888223755904962,0.06888223755904962,0.4500090712902237,0.0,0.7271209168434143,1.5153009700775146,0.0,0.0,-1.5707918088883162,2.356198977679014,0.6894262838363647,6.415018062591553,3.9269907865673304,1.0,0.0,0.0,0.0,720.0,21.0
1788870617.7112675,1788870617.7111266,0.7094300985336304,1.5446208817884326,0.021527125769504968,0.06888543299140602,0.06888543299140602,0.4500067522216687,0.0,0.7271246719360351,1.5152959632873535,0.0,0.0,-1.5707918088883162,2.356198977679014,0.6894300985336304,6.415017108917237,3.9269907865673304,1.0,0.0,0.0,0.0,720.0,21.0
1788870617.7806654,1788870617.7805521,0.7094327807426453,1.5446208817884326,0.02152792741782965,0.06888818731336023,0.06888818731336023,0.45000475328671335,0.0,0.7271275925636291,1.5152929830551147,0.0,0.0,-1.5707918088883162,2.356198977679014,0.6894327807426452,6.41501615524292,3.9269907865673304,1.0,0.0,0.0,0.0,720.0,21.0
1788870617.8526316,1788870617.8525474,0.7094364762306213,1.5446208817884326,0.02152903027424406,0.06889148400831475,0.06889148400831475,0.45000236072734984,0.0,0.7271314072608948,1.5152890491485596,0.0,0.0,-1.5707918088883162,2.356198977679014,0.6894364762306213,6.415015201568604,3.9269907865673304,1.0,0.0,0.0,0.0,720.0,21.0
1788870617.9303439,1788870617.9302423,0.7094398140907288,1.5446208817884326,0.021529988065192785,0.06889461846852628,0.06889461846852628,0.4500000859090145,0.0,0.7271346855163574,1.5152849960327148,0.0,0.0,-1.5707918088883162,2.356198977679014,0.6894398140907287,6.415013771057129,3.9269907865673304,1.0,0.0,0.0,0.0,720.0,21.0
1788870617.986205,1788870617.9860744,0.709441602230072,1.5446208817884326,0.0215304246419424,0.06889653673850886,0.06889653673850886,0.44999869373446644,0.0,0.7271364140510559,1.5152840423583984,0.0,0.0,-1.5707918088883162,2.356198977679014,0.689441602230072,6.415020923614502,3.9269907865673304,1.0,0.0,0.0,0.0,720.0,21.0
1788870618.0611088,1788870618.0606859,0.7094442844390869,1.5446208817884326,0.021531355095112076,0.06889919643460372,0.06889919643460372,0.44999676347374057,0.0,0.727139573097229,1.5152799892425537,0.0,0.0,-1.5707918088883162,2.356198977679014,0.6894442844390869,6.4150118637084965,3.9269907865673304,1.0,0.0,0.0,0.0,720.0,21.0
1788870618.1348388,1788870618.1347249,0.7094467282295227,1.5446208817884326,0.021531990746425266,0.06890141820237371,0.06890141820237371,0.4499951510372383,0.0,0.7271417784690857,1.515277009010315,0.0,0.0,-1.5707918088883162,2.356198977679014,0.6894467282295227,6.415015201568604,3.9269907865673304,1.0,0.0,0.0,0.0,720.0,21.0
1788870618.205569,1788870618.2054508,0.7094504237174988,1.5446208817884326,0.021533126972718065,0.06890462987960058,0.06890462987960058,0.4499928201790523,0.0,0.7271457719802856,1.5152729558944702,0.0,0.0,-1.5707918088883162,2.356198977679014,0.6894504237174988,6.415009002685547,3.9269907865673304,1.0,0.0,0.0,0.0,720.0,21.0
1788870618.2810142,1788870618.2808611,0.7094532251358032,1.5446208817884326,0.02153391001185007,0.06890734739042433,0.06890734739042433,0.4499908479595851,0.0,0.7271485137939453,1.5152699756622314,0.0,0.0,-1.5707918088883162,2.356198977679014,0.6894532251358032,6.4150118637084965,3.9269907865673304,1.0,0.0,0.0,0.0,720.0,21.0
1788870618.354439,1788870618.3543372,0.7094559073448181,1.5446208817884326,0.021534811223236278,0.06891018135717657,0.06891018135717657,0.4499887912228283,0.0,0.7271516728401184,1.5152660417556763,0.0,0.0,-1.5707918088883162,2.356198977679014,0.6894559073448181,6.415004234313965,3.9269907865673304,1.0,0.0,0.0,0.0,720.0,21.0
1788870618.429245,1788870618.4291108,0.7094597220420837,1.5446208817884326,0.02153592014374973,0.06891351552915237,0.06891351552915237,0.4499863714647099,0.0,0.727155487537384,1.5152610349655151,0.0,0.0,-1.5707918088883162,2.356198977679014,0.6894597220420837,6.415002803802491,3.9269907865673304,1.0,0.0,0.0,0.0,720.0,21.0
1788870618.5039186,1788870618.5037484,0.7094634175300598,1.5446208817884326,0.021536958271396445,0.06891684118667375,0.06891684118667375,0.4499839578859129,0.0,0.7271591830253601,1.5152569818496704,0.0,0.0,-1.5707918088883162,2.356198977679014,0.6894634175300598,6.415005187988282,3.9269907865673304,1.0,0.0,0.0,0.0,720.0,21.0
1788870618.5592365,1788870618.5591438,0.7094647884368896,1.5446208817884326,0.02153734815645854,0.06891871222646925,0.06891871222646925,0.4499825999884295,0.0,0.7271604943275451,1.515256028175354,0.0,0.0,-1.5707918088883162,2.356198977679014,0.6894647884368896,6.415009002685547,3.9269907865673304,1.0,0.0,0.0,0.0,720.0,21.0
1788870618.6287856,1788870618.628689,0.7094671130180359,1.5446208817884326,0.021538050806937374,0.0689208474754805,0.0689208474754805,0.4499810503424702,0.0,0.7271629977226257,1.5152530479431152,0.0,0.0,-1.5707918088883162,2.356198977679014,0.6894671130180359,6.415004234313965,3.9269907865673304,1.0,0.0,0.0,0.0,720.0,21.0
1788870618.6857197,1788870618.6855707,0.709470272064209,1.5446208817884326,0.021538960346873665,0.06892352541964115,0.06892352541964115,0.4499791068383047,0.0,0.7271662163734436,1.515249948501587,0.0,0.0,-1.5707918088883162,2.356198977679014,0.689470272064209,6.4150070953369145,3.9269907865673304,1.0,0.0,0.0,0.0,720.0,21.0
1788870618.7555146,1788870618.7554505,0.7094734907150269,1.5446208817884326,0.021540012749765462,0.06892668618536699,0.06892668618536699,0.44997681292887803,0.0,0.7271699118614197,1.5152449417114258,0.0,0.0,-1.5707918088883162,2.356198977679014,0.6894734907150268,6.414998035430909,3.9269907865673304,1.0,0.0,0.0,0.0,720.0,21.0
1788870618.8277266,1788870618.8275912,0.7094768285751343,1.5446208817884326,0.0215409205520054,0.0689296678921022,0.0689296678921022,0.4499746489705905,0.0,0.7271730709075928,1.515241961479187,0.0,0.0,-1.5707918088883162,2.356198977679014,0.6894768285751343,6.415000896453858,3.9269907865673304,1.0,0.0,0.0,0.0,720.0,21.0
1788870618.9019394,1788870618.9016564,0.709479570388794,1.5446208817884326,0.021541757576318894,0.06893243733858499,0.06893243733858499,0.4499726390590865,0.0,0.7271761107444763,1.5152389812469482,0.0,0.0,-1.5707918088883162,2.356198977679014,0.6894795703887939,6.414998989105225,3.9269907865673304,1.0,0.0,0.0,0.0,720.0,21.0
1788870618.978548,1788870618.978446,0.7094832062721252,1.5446208817884326,0.02154293447210784,0.06893590441909705,0.06893590441909705,0.44997012284328325,0.0,0.7271801042556763,1.5152330207824707,0.0,0.0,-1.5707918088883162,2.356198977679014,0.6894832062721252,6.414988975524903,3.9269907865673304,1.0,0.0,0.0,0.0,720.0,21.0
1788870619.0562377,1788870619.056098,0.7094864845275879,1.5446208817884326,0.021543749053032548,0.06893876920452202,0.06893876920452202,0.4499680437400337,0.0,0.727183084487915,1.5152309942245483,0.0,0.0,-1.5707918088883162,2.356198977679014,0.6894864845275879,6.415000896453858,3.9269907865673304,1.0,0.0,0.0,0.0,720.0,21.0
1788870619.1291676,1788870619.1290896,0.7094897031784058,1.5446208817884326,0.021544856601052747,0.06894210954771476,0.06894210954771476,0.44996561950318636,0.0,0.7271867799758911,1.5152259874343872,0.0,0.0,-1.5707918088883162,2.356198977679014,0.6894897031784057,6.41498706817627,3.9269907865673304,1.0,0.0,0.0,0.0,720.0,21.0
1788870619.2039921,1788870619.2038853,0.709493100643158,1.5446208817884326,0.021545724376527155,0.06894505546773526,0.06894505546773526,0.44996348151692245,0.0,0.727189998626709,1.515222053527832,0.0,0.0,-1.5707918088883162,2.356198977679014,0.6894931006431579,6.414990882873536,3.9269907865673304,1.0,0.0,0.0,0.0,720.0,21.0
1788870619.2783287,1788870619.27823,0.7094963788986206,1.5446208817884326,0.021546632347532742,0.06894797309879393,0.06894797309879393,0.4499613640612267,0.0,0.7271930980682373,1.5152200269699097,0.0,0.0,-1.5707918088883162,2.356198977679014,0.6894963788986206,6.414998035430909,3.9269907865673304,1.0,0.0,0.0,0.0,720.0,21.0
1788870619.3522568,1788870619.3520222,0.7094985842704773,1.5446208817884326,0.021547380625891552,0.06895052453163526,0.06895052453163526,0.4499595123719989,0.0,0.7271957802772522,1.515215973854065,0.0,0.0,-1.5707918088883162,2.356198977679014,0.6894985842704773,6.414988975524903,3.9269907865673304,1.0,0.0,0.0,0.0,720.0,21.0
1788870619.430112,1788870619.429677,0.7095018029212952,1.5446208817884326,0.02154837786946842,0.06895352378709985,0.06895352378709985,0.4499573356778114,0.0,0.7271991777420044,1.5152120399475097,0.0,0.0,-1.5707918088883162,2.356198977679014,0.6895018029212951,6.414988021850586,3.9269907865673304,1.0,0.0,0.0,0.0,720.0,21.0
1788870619.4863026,1788870619.4862046,0.7095041871070862,1.5446208817884326,0.021536631674398198,0.06892811208678191,0.06892811208678191,0.449975778088279,0.0,0.7272015023231506,1.5152089405059814,0.0,0.0,-1.5707918088883162,2.356198977679014,0.6895041871070862,6.414988021850586,3.9269907865673304,1.0,0.0,0.0,0.0,720.0,21.0
1788870619.5539284,1788870619.5534828,0.7095069289207458,1.5446208817884326,0.021537385210813564,0.06892217649825697,0.06892217649825697,0.4499800858110435,0.0,0.7272041845321655,1.5152070331573486,0.0,0.0,-1.5707918088883162,2.356198977679014,0.6895069289207458,6.414989929199219,3.9269907865673304,1.0,0.0,0.0,0.0,720.0,21.0
1788870619.6285098,1788870619.6283655,0.7095096707344055,1.5446208817884326,0.021538225695342812,0.06892227850704499,0.06892227850704499,0.44998001177869157,0.0,0.7272071051597595,1.5152040529251098,0.0,0.0,-1.5707918088883162,2.356198977679014,0.6895096707344055,6.414988975524903,3.9269907865673304,1.0,0.0,0.0,0.0,720.0,21.0
1788870619.7050412,1788870619.7048872,0.7095128893852234,1.5446208817884326,0.021539122014727623,0.06892431686510338,0.06892431686510338,0.4499785324508417,0.0,0.7272103238105774,1.5151999998092651,0.0,0.0,-1.5707918088883162,2.356198977679014,0.6895128893852234,6.414991836547852,3.9269907865673304,1.0,0.0,0.0,0.0,720.0,21.0
1788870619.7776127,1788870619.7775333,0.7095147967338562,1.5446208817884326,0.021539616908172417,0.06892603693383724,0.06892603693383724,0.4499772841198278,0.0,0.7272121119499206,1.5151979732513428,0.0,0.0,-1.5707918088883162,2.356198977679014,0.6895147967338562,6.414995174407959,3.9269907865673304,1.0,0.0,0.0,0.0,720.0,21.0
1788870619.8525789,1788870619.8525198,0.7095184922218323,1.5446208817884326,0.021540810067146036,0.0689292256305583,0.0689292256305583,0.4499749699396254,0.0,0.7272162842750549,1.5151929664611816,0.0,0.0,-1.5707918088883162,2.356198977679014,0.6895184922218323,6.4149861145019536,3.9269907865673304,1.0,0.0,0.0,0.0,720.0,21.0
1788870619.9271839,1788870619.9270928,0.7095217704772949,1.5446208817884326,0.021541819156485884,0.06893244259969587,0.06893244259969587,0.4499726352408624,0.0,0.7272196817398071,1.5151890325546264,0.0,0.0,-1.5707918088883162,2.356198977679014,0.6895217704772949,6.414980869293213,3.9269907865673304,1.0,0.0,0.0,0.0,720.0,21.0
1788870619.9817207,1788870619.9815342,0.709523618221283,1.5446208817884326,0.021542206525424344,0.0689342753968593,0.0689342753968593,0.44997130509777206,0.0,0.7272211718559265,1.5151879596710205,0.0,0.0,-1.5707918088883162,2.356198977679014,0.6895236182212829,6.414991836547852,3.9269907865673304,1.0,0.0,0.0,0.0,720.0,21.0
1788870620.0566366,1788870620.056531,0.7095268964767456,1.5446208817884326,0.021543248406483605,0.06893715904958107,0.06893715904958107,0.44996921230167913,0.0,0.7272246885299682,1.5151840257644653,0.0,0.0,-1.5707918088883162,2.356198977679014,0.6895268964767456,6.41498706817627,3.9269907865673304,1.0,0.0,0.0,0.0,720.0,21.0
1788870620.1329155,1788870620.1326356,0.7095301151275635,1.5446208817884326,0.021544265605190478,0.06894030267050098,0.06894030267050098,0.44996693083500694,0.0,0.7272283244132995,1.5151790189743042,0.0,0.0,-1.5707918088883162,2.356198977679014,0.6895301151275635,6.414978008270264,3.9269907865673304,1.0,0.0,0.0,0.0,720.0,21.0
1788870620.207206,1788870620.2069438,0.7095323801040649,1.5446208817884326,0.021544987300239377,0.0689428623536865,0.0689428623536865,0.44996507315813433,0.0,0.7272307085990906,1.5151769924163818,0.0,0.0,-1.5707918088883162,2.356198977679014,0.6895323801040649,6.414977054595948,3.9269907865673304,1.0,0.0,0.0,0.0,720.0,21.0
1788870620.282567,1788870620.2822256,0.7095357179641724,1.5446208817884326,0.021545915822685058,0.06894571014892048,0.06894571014892048,0.44996300638542824,0.0,0.7272341060638428,1.5151730585098266,0.0,0.0,-1.5707918088883162,2.356198977679014,0.6895357179641723,6.414977054595948,3.9269907865673304,1.0,0.0,0.0,0.0,720.0,21.0
1788870620.3533025,1788870620.3532362,0.7095388770103455,1.5446208817884326,0.02154688749411859,0.06894874103150178,0.06894874103150178,0.4499608067380239,0.0,0.7272373843193054,1.515169005393982,0.0,0.0,-1.5707918088883162,2.356198977679014,0.6895388770103454,6.414975147247315,3.9269907865673304,1.0,0.0,0.0,0.0,720.0,21.0
1788870620.4283226,1788870620.428005,0.7095422148704529,1.5446208817884326,0.021547784992578613,0.06895166069282664,0.06895166069282664,0.44995868780887294,0.0,0.7272407221794128,1.5151660251617431,0.0,0.0,-1.5707918088883162,2.356198977679014,0.6895422148704529,6.414978008270264,3.9269907865673304,1.0,0.0,0.0,0.0,720.0,21.0
1788870620.5045416,1788870620.5041788,0.709545910358429,1.5446208817884326,0.02155095722139331,0.068959642383769,0.068959642383769,0.44995289513783,0.0,0.7272450733184814,1.515159945487976,0.0,0.0,-1.5707918088883162,2.356198977679014,0.6895459103584289,6.414959888458252,3.9269907865673304,1.0,0.0,0.0,0.0,720.0,21.0
1788870620.5802298,1788870620.580093,0.7095491290092468,1.5446208817884326,0.0215517824550213,0.06896388541437841,0.06896388541437841,0.44994981578024484,0.0,0.7272478747367859,1.5151569652557373,0.0,0.0,-1.5707918088883162,2.356198977679014,0.6895491290092468,6.4149718093872075,3.9269907865673304,1.0,0.0,0.0,0.0,720.0,21.0
1788870620.6594586,1788870620.6593397,0.7095518708229065,1.5446208817884326,0.021552522467981148,0.06896681595259128,0.06896681595259128,0.44994768895724846,0.0,0.7272506761550903,1.5151550579071045,0.0,0.0,-1.5707918088883162,2.356198977679014,0.6895518708229065,6.4149741935729985,3.9269907865673304,1.0,0.0,0.0,0.0,720.0,21.0
1788870620.730806,1788870620.7306862,0.7095550894737244,1.5446208817884326,0.02155356700609566,0.06897003487943168,0.06897003487943168,0.4499453528376928,0.0,0.7272543120384216,1.5151500511169433,0.0,0.0,-1.5707918088883162,2.356198977679014,0.6895550894737243,6.414968948364258,3.9269907865673304,1.0,0.0,0.0,0.0,720.0,21.0
1788870620.8029985,1788870620.8028913,0.7095584273338318,1.5446208817884326,0.02155452183196629,0.06897313936743399,0.06897313936743399,0.44994309977153374,0.0,0.7272575902938843,1.5151459980010986,0.0,0.0,-1.5707918088883162,2.356198977679014,0.6895584273338318,6.414968948364258,3.9269907865673304,1.0,0.0,0.0,0.0,720.0,21.0
1788870620.8780937,1788870620.8780026,0.7095615863800049,1.5446208817884326,0.021555403699738015,0.06897604609764335,0.06897604609764335,0.44994099022707323,0.0,0.727260570526123,1.5151439714431763,0.0,0.0,-1.5707918088883162,2.356198977679014,0.6895615863800049,6.414975147247315,3.9269907865673304,1.0,0.0,0.0,0.0,720.0,21.0
1788870620.9353712,1788870620.9352121,0.7095633745193481,1.5446208817884326,0.021556058180203282,0.06897838415294837,0.06897838415294837,0.44993929339549205,0.0,0.7272627758979797,1.515140037536621,0.0,0.0,-1.5707918088883162,2.356198977679014,0.6895633745193481,6.414967041015625,3.9269907865673304,1.0,0.0,0.0,0.0,720.0,21.0
1788870621.0047166,1788870621.004453,0.7095667123794556,1.5446208817884326,0.021557010011343133,0.06898121767129313,0.06898121767129313,0.44993723698416466,0.0,0.7272661733627319,1.5151370573043823,0.0,0.0,-1.5707918088883162,2.356198977679014,0.6895667123794555,6.414966087341309,3.9269907865673304,1.0,0.0,0.0,0.0,720.0,21.0
1788870621.0806057,1788870621.080292,0.7095699906349182,1.5446208817884326,0.021561334568176962,0.06899175473410434,0.06899175473410434,0.4499295897651649,0.0,0.7272693920135498,1.5151330041885376,0.0,0.0,-1.5707918088883162,2.356198977679014,0.6895699906349182,6.414967994689942,3.9269907865673304,1.0,0.0,0.0,0.0,720.0,21.0
1788870621.1590588,1788870621.1588883,0.7095730900764465,1.5446208817884326,0.021562333156392964,0.06899715269055154,0.06899715269055154,0.4499256722261085,0.0,0.7272729086875915,1.5151289510726929,0.0,0.0,-1.5707918088883162,2.356198977679014,0.6895730900764465,6.41496322631836,3.9269907865673304,1.0,0.0,0.0,0.0,720.0,21.0
1788870621.2310379,1788870621.2309053,0.709576427936554,1.5446208817884326,0.0215632757213648,0.06900088342302262,0.06900088342302262,0.4499229646662556,0.0,0.7272763061523437,1.5151250171661377,0.0,0.0,-1.5707918088883162,2.356198977679014,0.6895764279365539,6.414961795806885,3.9269907865673304,1.0,0.0,0.0,0.0,720.0,21.0
1788870621.304658,1788870621.3043282,0.7095792293548584,1.5446208817884326,0.021564078034301694,0.06900379982374259,0.06900379982374259,0.44992084810347177,0.0,0.7272789883613586,1.5151229906082153,0.0,0.0,-1.5707918088883162,2.356198977679014,0.6895792293548584,6.414965133666993,3.9269907865673304,1.0,0.0,0.0,0.0,720.0,21.0
1788870621.3800213,1788870621.379869,0.709582507610321,1.5446208817884326,0.021565012827226355,0.06900676868010981,0.06900676868010981,0.44991869347127245,0.0,0.727282326221466,1.5151190567016601,0.0,0.0,-1.5707918088883162,2.356198977679014,0.689582507610321,6.414964179992676,3.9269907865673304,1.0,0.0,0.0,0.0,720.0,21.0
1788870621.457343,1788870621.4572535,0.7095857262611389,1.5446208817884326,0.02156593175660469,0.06900971773882746,0.06900971773882746,0.44991655320711527,0.0,0.7272854852676391,1.5151159572601318,0.0,0.0,-1.5707918088883162,2.356198977679014,0.6895857262611389,6.414967041015625,3.9269907865673304,1.0,0.0,0.0,0.0,720.0,21.0
1788870621.5294974,1788870621.5293355,0.7095879912376404,1.5446208817884326,0.02156664287171794,0.06901219535429642,0.06901219535429642,0.4499147550904648,0.0,0.7272879886627197,1.515112977027893,0.0,0.0,-1.5707918088883162,2.356198977679014,0.6895879912376404,6.414961795806885,3.9269907865673304,1.0,0.0,0.0,0.0,720.0,21.0
1788870621.605681,1788870621.6055057,0.7095913290977478,1.5446208817884326,0.021567523525902903,0.06901491130431144,0.06901491130431144,0.44991278400374646,0.0,0.727291088104248,1.5151090431213379,0.0,0.0,-1.5707918088883162,2.356198977679014,0.6895913290977478,6.414967994689942,3.9269907865673304,1.0,0.0,0.0,0.0,720.0,21.0
1788870621.6807914,1788870621.6806877,0.7095944881439209,1.5446208817884326,0.021568623545146378,0.06901819013242132,0.06901819013242132,0.4499104044111533,0.0,0.7272950220108032,1.5151040363311767,0.0,0.0,-1.5707918088883162,2.356198977679014,0.6895944881439209,6.414956073760987,3.9269907865673304,1.0,0.0,0.0,0.0,720.0,21.0
1788870621.755507,1788870621.7553952,0.7095972895622253,1.5446208817884326,0.021569436572888116,0.06902099496299578,0.06902099496299578,0.4499083688198273,0.0,0.7272978234291076,1.515101056098938,0.0,0.0,-1.5707918088883162,2.356198977679014,0.6895972895622253,6.414956073760987,3.9269907865673304,1.0,0.0,0.0,0.0,720.0,21.0
1788870621.8283944,1788870621.8282251,0.709601104259491,1.5446208817884326,0.021570438178721806,0.06902408000923559,0.06902408000923559,0.4499061298634272,0.0,0.7273012804985046,1.5150979566574097,0.0,0.0,-1.5707918088883162,2.356198977679014,0.689601104259491,6.414960842132569,3.9269907865673304,1.0,0.0,0.0,0.0,720.0,21.0
1788870621.9032354,1788870621.903098,0.7096046805381775,1.5446208817884326,0.02157153849214685,0.06902747022517962,0.06902747022517962,0.44990366943168786,0.0,0.7273050951957702,1.5150929498672485,0.0,0.0,-1.5707918088883162,2.356198977679014,0.6896046805381775,6.414959888458252,3.9269907865673304,1.0,0.0,0.0,0.0,720.0,21.0
1788870621.9790833,1788870621.9789197,0.7096065282821655,1.5446208817884326,0.021572028050331742,0.069029583900297,0.069029583900297,0.4499021354428708,0.0,0.7273068833351135,1.5150919961929321,0.0,0.0,-1.5707918088883162,2.356198977679014,0.6896065282821655,6.41496322631836,3.9269907865673304,1.0,0.0,0.0,0.0,720.0,21.0
1788870622.0543,1788870622.0541358,0.70960932970047,1.5446208817884326,0.021572936469182426,0.06903225286105773,0.06903225286105773,0.4499001984583615,0.0,0.7273101019859314,1.5150879430770874,0.0,0.0,-1.5707918088883162,2.356198977679014,0.68960932970047,6.41495512008667,3.9269907865673304,1.0,0.0,0.0,0.0,720.0,21.0
1788870622.132014,1788870622.1318939,0.7096135020256042,1.5446208817884326,0.021574168578385622,0.06903581347390111,0.06903581347390111,0.4498976143619511,0.0,0.7273143935203552,1.5150830554962158,0.0,0.0,-1.5707918088883162,2.356198977679014,0.6896135020256042,6.4149532127380375,3.9269907865673304,1.0,0.0,0.0,0.0,720.0,21.0
1788870622.2075098,1788870622.2073731,0.7096163034439087,1.5446208817884326,0.021575013384294565,0.06903877402299018,0.06903877402299018,0.4498954657587161,0.0,0.7273173141479492,1.515079002380371,0.0,0.0,-1.5707918088883162,2.356198977679014,0.6896163034439087,6.414951782226563,3.9269907865673304,1.0,0.0,0.0,0.0,720.0,21.0
1788870622.2792006,1788870622.279,0.7096189856529236,1.5446208817884326,0.02157577265203413,0.06904136294745351,0.06904136294745351,0.4498935868601369,0.0,0.7273201155662536,1.5150769758224487,0.0,0.0,-1.5707918088883162,2.356198977679014,0.6896189856529236,6.41495512008667,3.9269907865673304,1.0,0.0,0.0,0.0,720.0,21.0
1788870622.3550081,1788870622.3548827,0.709622323513031,1.5446208817884326,0.021576775287446576,0.06904438552811638,0.06904438552811638,0.449891393237807,0.0,0.7273235130310058,1.5150719690322876,0.0,0.0,-1.5707918088883162,2.356198977679014,0.689622323513031,6.41494987487793,3.9269907865673304,1.0,0.0,0.0,0.0,720.0,21.0
1788870622.4297915,1788870622.4295728,0.7096260190010071,1.5446208817884326,0.021577903481530603,0.06904781945706347,0.06904781945706347,0.44988890108158114,0.0,0.7273273873329162,1.5150680351257324,0.0,0.0,-1.5707918088883162,2.356198977679014,0.6896260190010071,6.414945106506348,3.9269907865673304,1.0,0.0,0.0,0.0,720.0,21.0
1788870622.5073109,1788870622.507117,0.7096291780471802,1.5446208817884326,0.021579239943275586,0.06905184331005636,0.06905184331005636,0.449885980791021,0.0,0.7273307251930237,1.5150639820098877,0.0,0.0,-1.5707918088883162,2.356198977679014,0.6896291780471802,6.414947013854981,3.9269907865673304,1.0,0.0,0.0,0.0,720.0,21.0
1788870622.582043,1788870622.5818865,0.7096328735351562,1.5446208817884326,0.021580326438775204,0.06905548421587336,0.06905548421587336,0.449883338422399,0.0,0.7273344802856445,1.5150600481033325,0.0,0.0,-1.5707918088883162,2.356198977679014,0.6896328735351562,6.414947013854981,3.9269907865673304,1.0,0.0,0.0,0.0,720.0,21.0
1788870622.6567962,1788870622.6566753,0.7096366882324219,1.5446208817884326,0.02158168531081503,0.06905962036098767,0.06905962036098767,0.4498803366364108,0.0,0.727339129447937,1.5150539684295654,0.0,0.0,-1.5707918088883162,2.356198977679014,0.6896366882324219,6.414924125671387,3.9269907865673304,1.0,0.0,0.0,0.0,720.0,21.0
1788870622.7294128,1788870622.729168,0.7096400260925293,1.5446208817884326,0.021582438452790096,0.06906254824254612,0.06906254824254612,0.4498782117414677,0.0,0.7273418712615967,1.5150509881973266,0.0,0.0,-1.5707918088883162,2.356198977679014,0.6896400260925293,6.414939861297608,3.9269907865673304,1.0,0.0,0.0,0.0,720.0,21.0
1788870622.804387,1788870622.804158,0.7096431851387024,1.5446208817884326,0.02158330032022585,0.06906535719006975,0.06906535719006975,0.44987617316228706,0.0,0.727344970703125,1.5150489616394043,0.0,0.0,-1.5707918088883162,2.356198977679014,0.6896431851387024,6.4149460601806645,3.9269907865673304,1.0,0.0,0.0,0.0,720.0,21.0
1788870622.881444,1788870622.8813384,0.7096465229988098,1.5446208817884326,0.02158425696622293,0.0690683427613603,0.0690683427613603,0.44987400639931835,0.0,0.7273481893539429,1.515045027732849,0.0,0.0,-1.5707918088883162,2.356198977679014,0.6896465229988098,6.414945106506348,3.9269907865673304,1.0,0.0,0.0,0.0,720.0,21.0
1788870622.956749,1788870622.956643,0.7096487283706665,1.5446208817884326,0.02158503660126075,0.06907098481523218,0.06907098481523218,0.44987208894234487,0.0,0.7273509907722473,1.5150409746170044,0.0,0.0,-1.5707918088883162,2.356198977679014,0.6896487283706665,6.414937000274659,3.9269907865673304,1.0,0.0,0.0,0.0,720.0,21.0
1788870623.0299537,1788870623.0298412,0.7096524238586426,1.5446208817884326,0.021586077823134656,0.06907410976839128,0.06907410976839128,0.4498698210237038,0.0,0.7273546862602234,1.5150370407104492,0.0,0.0,-1.5707918088883162,2.356198977679014,0.6896524238586426,6.414938907623291,3.9269907865673304,1.0,0.0,0.0,0.0,720.0,21.0
1788870623.1053035,1788870623.105146,0.7096555829048157,1.5446208817884326,0.02158703687966729,0.06907719554097212,0.06907719554097212,0.4498675815401654,0.0,0.7273580241203308,1.5150339412689209,0.0,0.0,-1.5707918088883162,2.356198977679014,0.6896555829048157,6.414937953948975,3.9269907865673304,1.0,0.0,0.0,0.0,720.0,21.0
1788870623.1801746,1788870623.1799924,0.7096583843231201,1.5446208817884326,0.021587886775696792,0.06908002503985244,0.06908002503985244,0.4498655280459436,0.0,0.7273611235618591,1.5150300073623657,0.0,0.0,-1.5707918088883162,2.356198977679014,0.6896583843231201,6.414934139251709,3.9269907865673304,1.0,0.0,0.0,0.0,720.0,21.0
1788870623.2540615,1788870623.2539864,0.7096611857414246,1.5446208817884326,0.02158869755820365,0.0690826900423319,0.0690826900423319,0.4498635939341365,0.0,0.7273636865615845,1.515027027130127,0.0,0.0,-1.5707918088883162,2.356198977679014,0.6896611857414245,6.414936046600342,3.9269907865673304,1.0,0.0,0.0,0.0,720.0,21.0
1788870623.3270407,1788870623.326962,0.7096648812294006,1.5446208817884326,0.021589821242546846,0.0690860065960045,0.0690860065960045,0.4498611869624108,0.0,0.7273676800727844,1.5150220203399658,0.0,0.0,-1.5707918088883162,2.356198977679014,0.6896648812294006,6.414930801391602,3.9269907865673304,1.0,0.0,0.0,0.0,720.0,21.0
1788870623.4031622,1788870623.403073,0.7096680998802185,1.5446208817884326,0.021590723640192436,0.06908902293283241,0.06908902293283241,0.449858997871512,0.0,0.7273710179328918,1.515019040107727,0.0,0.0,-1.5707918088883162,2.356198977679014,0.6896680998802185,6.414933185577393,3.9269907865673304,1.0,0.0,0.0,0.0,720.0,21.0
1788870623.479531,1788870623.479408,0.7096719145774841,1.5446208817884326,0.021591856579927418,0.06909246561888714,0.06909246561888714,0.44985649935986033,0.0,0.7273748922348022,1.515014033317566,0.0,0.0,-1.5707918088883162,2.356198977679014,0.6896719145774841,6.414928894042969,3.9269907865673304,1.0,0.0,0.0,0.0,720.0,21.0
1788870623.554692,1788870623.554397,0.7096753120422363,1.5446208817884326,0.021592741521112048,0.06909548069295712,0.06909548069295712,0.44985431118540165,0.0,0.7273779916763305,1.5150120067596435,0.0,0.0,-1.5707918088883162,2.356198977679014,0.6896753120422363,6.414935092926026,3.9269907865673304,1.0,0.0,0.0,0.0,720.0,21.0
1788870623.6341102,1788870623.633975,0.7096784710884094,1.5446208817884326,0.021593679662594505,0.06909848665209882,0.06909848665209882,0.4498521296260551,0.0,0.727381329536438,1.5150079536437988,0.0,0.0,-1.5707918088883162,2.356198977679014,0.6896784710884094,6.414935092926026,3.9269907865673304,1.0,0.0,0.0,0.0,720.0,21.0
1788870623.7073627,1788870623.7072365,0.7096819877624512,1.5446208817884326,0.021594886895907318,0.06910209264246203,0.06910209264246203,0.4498495125971437,0.0,0.7273855018615722,1.5150019931793213,0.0,0.0,-1.5707918088883162,2.356198977679014,0.6896819877624512,6.4149250793457036,3.9269907865673304,1.0,0.0,0.0,0.0,720.0,21.0
1788870623.7778554,1788870623.7777596,0.7096853256225586,1.5446208817884326,0.021595817903761215,0.06910525989716373,0.06910525989716373,0.4498472139783762,0.0,0.7273887801170349,1.5149990129470825,0.0,0.0,-1.5707918088883162,2.356198977679014,0.6896853256225586,6.414924125671387,3.9269907865673304,1.0,0.0,0.0,0.0,720.0,21.0
1788870623.853258,1788870623.853099,0.7096884846687317,1.5446208817884326,0.021596794288239813,0.06910839717480631,0.06910839717480631,0.4498449371153048,0.0,0.7273921775817871,1.5149949598312378,0.0,0.0,-1.5707918088883162,2.356198977679014,0.6896884846687317,6.414922218322754,3.9269907865673304,1.0,0.0,0.0,0.0,720.0,21.0
1788870623.9087162,1788870623.908487,0.7096909284591675,1.5446208817884326,0.021597425745942957,0.06911075282335412,0.06911075282335412,0.4498432275155184,0.0,0.7273943829536438,1.514993052482605,0.0,0.0,-1.5707918088883162,2.356198977679014,0.6896909284591675,6.41492603302002,3.9269907865673304,1.0,0.0,0.0,0.0,720.0,21.0
1788870623.981592,1788870623.9789662,0.7096936702728271,1.5446208817884326,0.02159829866591968,0.06911341485866632,0.06911341485866632,0.4498412955571176,0.0,0.7273974227905273,1.5149889993667602,0.0,0.0,-1.5707918088883162,2.356198977679014,0.6896936702728271,6.41492078781128,3.9269907865673304,1.0,0.0,0.0,0.0,720.0,21.0
1788870624.0546696,1788870624.054556,0.709696888923645,1.5446208817884326,0.02159925773088063,0.06911636177477251,0.06911636177477251,0.4498391568479497,0.0,0.7274008202552795,1.5149849462509155,0.0,0.0,-1.5707918088883162,2.356198977679014,0.689696888923645,6.414918880462647,3.9269907865673304,1.0,0.0,0.0,0.0,720.0,21.0
1788870624.1295884,1788870624.1294193,0.7096986770629883,1.5446208817884326,0.021599640459012352,0.06911810316061942,0.06911810316061942,0.44983789304615096,0.0,0.7274020719528198,1.514983992576599,0.0,0.0,-1.5707918088883162,2.356198977679014,0.6896986770629883,6.414930801391602,3.9269907865673304,1.0,0.0,0.0,0.0,720.0,21.0
1788870624.2059832,1788870624.2057924,0.7097005844116211,1.5446208817884326,0.021600329048898945,0.06912016801771946,0.06912016801771946,0.4498363944867582,0.0,0.7274045753479004,1.5149810123443603,0.0,0.0,-1.5707918088883162,2.356198977679014,0.6897005844116211,6.414918880462647,3.9269907865673304,1.0,0.0,0.0,0.0,720.0,21.0
1788870624.280661,1788870624.2804399,0.7097042798995972,1.5446208817884326,0.02160144064296606,0.06912327744555982,0.06912327744555982,0.44983413783553716,0.0,0.7274085092544555,1.5149760055541992,0.0,0.0,-1.5707918088883162,2.356198977679014,0.6897042798995972,6.414916973114014,3.9269907865673304,1.0,0.0,0.0,0.0,720.0,21.0
1788870624.354255,1788870624.3541155,0.709707498550415,1.5446208817884326,0.021602382353161264,0.06912631970474918,0.06912631970474918,0.44983192993161825,0.0,0.7274117875099182,1.5149730253219604,0.0,0.0,-1.5707918088883162,2.356198977679014,0.689707498550415,6.414916019439698,3.9269907865673304,1.0,0.0,0.0,0.0,720.0,21.0
1788870624.4294233,1788870624.429273,0.7097113132476807,1.5446208817884326,0.021603471540091866,0.06912967216123055,0.06912967216123055,0.4498294969036142,0.0,0.7274156022071838,1.5149680185317993,0.0,0.0,-1.5707918088883162,2.356198977679014,0.6897113132476806,6.414915065765381,3.9269907865673304,1.0,0.0,0.0,0.0,720.0,21.0
1788870624.5052588,1788870624.5050783,0.7097148895263672,1.5446208817884326,0.02160457164447019,0.06913314213198239,0.06913314213198239,0.44982697859023435,0.0,0.7274194765090942,1.5149639654159546,0.0,0.0,-1.5707918088883162,2.356198977679014,0.6897148895263672,6.414914112091065,3.9269907865673304,1.0,0.0,0.0,0.0,720.0,21.0
1788870624.5826848,1788870624.582569,0.7097182273864746,1.5446208817884326,0.021605535636135396,0.06913634246453801,0.06913634246453801,0.44982465596538496,0.0,0.7274228143692016,1.5149600315093994,0.0,0.0,-1.5707918088883162,2.356198977679014,0.6897182273864746,6.414912204742432,3.9269907865673304,1.0,0.0,0.0,0.0,720.0,21.0
1788870624.6567237,1788870624.6565638,0.7097213864326477,1.5446208817884326,0.02160646879098052,0.06913939283115778,0.06913939283115778,0.4498224421775402,0.0,0.7274259734153747,1.5149570512771606,0.0,0.0,-1.5707918088883162,2.356198977679014,0.6897213864326477,6.414916019439698,3.9269907865673304,1.0,0.0,0.0,0.0,720.0,21.0
1788870624.731499,1788870624.7313921,0.7097247242927551,1.5446208817884326,0.021607448485278416,0.06914250245637098,0.06914250245637098,0.44982018538307683,0.0,0.7274294900894165,1.514952998161316,0.0,0.0,-1.5707918088883162,2.356198977679014,0.6897247242927551,6.414909820556641,3.9269907865673304,1.0,0.0,0.0,0.0,720.0,21.0
1788870624.8034701,1788870624.8033218,0.7097278833389282,1.5446208817884326,0.021608413509302173,0.06914559699774817,0.06914559699774817,0.44981793953562965,0.0,0.7274328875541687,1.5149489450454712,0.0,0.0,-1.5707918088883162,2.356198977679014,0.6897278833389282,6.414908866882325,3.9269907865673304,1.0,0.0,0.0,0.0,720.0,21.0
1788870624.8774974,1788870624.8773549,0.7097306847572327,1.5446208817884326,0.021609182322075256,0.06914824750077302,0.06914824750077302,0.449816015946727,0.0,0.7274356293678284,1.5149459648132324,0.0,0.0,-1.5707918088883162,2.356198977679014,0.6897306847572326,6.414912204742432,3.9269907865673304,1.0,0.0,0.0,0.0,720.0,21.0
1788870624.9544923,1788870624.9543908,0.7097340226173401,1.5446208817884326,0.021610200426582182,0.069151323205776,0.069151323205776,0.4498137837696813,0.0,0.7274390864372253,1.5149420309066772,0.0,0.0,-1.5707918088883162,2.356198977679014,0.6897340226173401,6.414906005859375,3.9269907865673304,1.0,0.0,0.0,0.0,720.0,21.0
1788870625.030528,1788870625.0303657,0.7097368240356445,1.5446208817884326,0.02161096182215292,0.06915395144335534,0.06915395144335534,0.44981187633981085,0.0,0.727441828250885,1.5149390506744385,0.0,0.0,-1.5707918088883162,2.356198977679014,0.6897368240356445,6.414909820556641,3.9269907865673304,1.0,0.0,0.0,0.0,720.0,21.0
1788870625.106225,1788870625.106055,0.7097401022911072,1.5446208817884326,0.02161192140762869,0.06915688938609486,0.06915688938609486,0.4498097441430175,0.0,0.7274452257156372,1.5149359512329101,0.0,0.0,-1.5707918088883162,2.356198977679014,0.6897401022911072,6.414908866882325,3.9269907865673304,1.0,0.0,0.0,0.0,720.0,21.0
1788870625.1832752,1788870625.1831858,0.7097427845001221,1.5446208817884326,0.02161272917949838,0.06915958017790483,0.06915958017790483,0.44980779131473675,0.0,0.7274480867385864,1.514932017326355,0.0,0.0,-1.5707918088883162,2.356198977679014,0.689742784500122,6.414906959533692,3.9269907865673304,1.0,0.0,0.0,0.0,720.0,21.0
1788870625.2544775,1788870625.2541456,0.7097464799880981,1.5446208817884326,0.021613862314111155,0.06916292563698044,0.06916292563698044,0.4498053633650639,0.0,0.7274520206451416,1.5149270105361938,0.0,0.0,-1.5707918088883162,2.356198977679014,0.6897464799880981,6.414903144836426,3.9269907865673304,1.0,0.0,0.0,0.0,720.0,21.0
1788870625.3306525,1788870625.3305588,0.7097498178482056,1.5446208817884326,0.02161478610530949,0.0691659985669874,0.0691659985669874,0.4498031332019572,0.0,0.7274551796913147,1.514924030303955,0.0,0.0,-1.5707918088883162,2.356198977679014,0.6897498178482055,6.414905052185059,3.9269907865673304,1.0,0.0,0.0,0.0,720.0,21.0
1788870625.4032376,1788870625.403145,0.7097529768943787,1.5446208817884326,0.02161579489665506,0.06916918013860356,0.06916918013860356,0.4498008241927629,0.0,0.727458815574646,1.5149199771881103,0.0,0.0,-1.5707918088883162,2.356198977679014,0.6897529768943786,6.414899806976319,3.9269907865673304,1.0,0.0,0.0,0.0,720.0,21.0
1788870625.480883,1788870625.4807525,0.7097566723823547,1.5446208817884326,0.021616827024573352,0.06917244657662537,0.06917244657662537,0.44979845359221227,0.0,0.727462511062622,1.5149160432815552,0.0,0.0,-1.5707918088883162,2.356198977679014,0.6897566723823547,6.414903144836426,3.9269907865673304,1.0,0.0,0.0,0.0,720.0,21.0
1788870625.5558593,1788870625.5557353,0.7097604274749756,1.5446208817884326,0.0216180172066827,0.06917609251595686,0.06917609251595686,0.44979580757054316,0.0,0.7274666237831116,1.514911036491394,0.0,0.0,-1.5707918088883162,2.356198977679014,0.6897604274749756,6.414893131256104,3.9269907865673304,1.0,0.0,0.0,0.0,720.0,21.0
1788870625.6317456,1788870625.6315987,0.7097637057304382,1.5446208817884326,0.02162093588003971,0.06918372412607601,0.06918372412607601,0.4497902689688524,0.0,0.7274697828292847,1.5149069833755493,0.0,0.0,-1.5707918088883162,2.356198977679014,0.6897637057304382,6.414895992279053,3.9269907865673304,1.0,0.0,0.0,0.0,720.0,21.0
1788870625.706407,1788870625.7060888,0.7097669243812561,1.5446208817884326,0.021621894498318868,0.06918816091405706,0.06918816091405706,0.44978704899285393,0.0,0.7274731206893921,1.5149040031433105,0.0,0.0,-1.5707918088883162,2.356198977679014,0.6897669243812561,6.414895992279053,3.9269907865673304,1.0,0.0,0.0,0.0,720.0,21.0
1788870625.7807412,1788870625.780634,0.7097691893577576,1.5446208817884326,0.021622524922791035,0.06919090410126903,0.06919090410126903,0.44978505813888037,0.0,0.7274753260612488,1.5149019765853882,0.0,0.0,-1.5707918088883162,2.356198977679014,0.6897691893577576,6.414898853302002,3.9269907865673304,1.0,0.0,0.0,0.0,720.0,21.0
1788870625.8569732,1788870625.8567903,0.7097724080085754,1.5446208817884326,0.021623446975908494,0.06919379245641574,0.06919379245641574,0.44978296193002676,0.0,0.7274784851074219,1.514898042678833,0.0,0.0,-1.5707918088883162,2.356198977679014,0.6897724080085754,6.414901237487793,3.9269907865673304,1.0,0.0,0.0,0.0,720.0,21.0
1788870625.9297888,1788870625.9296446,0.7097750902175903,1.5446208817884326,0.021624203103460665,0.06919635268867662,0.06919635268867662,0.4497811038546656,0.0,0.7274812865257263,1.5148949432373047,0.0,0.0,-1.5707918088883162,2.356198977679014,0.6897750902175903,6.414905052185059,3.9269907865673304,1.0,0.0,0.0,0.0,720.0,21.0
1788870626.0103085,1788870626.010154,0.7097780108451843,1.5446208817884326,0.021625073664915825,0.06919907081601444,0.06919907081601444,0.4497791311877664,0.0,0.7274843263626098,1.514891963005066,0.0,0.0,-1.5707918088883162,2.356198977679014,0.6897780108451843,6.414898853302002,3.9269907865673304,1.0,0.0,0.0,0.0,720.0,21.0
1788870626.085471,1788870626.0852995,0.70978182554245,1.5446208817884326,0.021626235778417758,0.06920248938846012,0.06920248938846012,0.44977665017644225,0.0,0.7274883198738098,1.5148869562149048,0.0,0.0,-1.5707918088883162,2.356198977679014,0.6897818255424499,6.41489408493042,3.9269907865673304,1.0,0.0,0.0,0.0,720.0,21.0
1788870626.161871,1788870626.1617253,0.709785521030426,1.5446208817884326,0.021627322896616206,0.06920595010495834,0.06920595010495834,0.4497741385792892,0.0,0.7274920749664306,1.5148830223083496,0.0,0.0,-1.5707918088883162,2.356198977679014,0.689785521030426,6.414893131256104,3.9269907865673304,1.0,0.0,0.0,0.0,720.0,21.0
1788870626.230565,1788870626.2302098,0.7097882032394409,1.5446208817884326,0.021628310149949044,0.06920919976737337,0.06920919976737337,0.44977178015354874,0.0,0.7274954128265381,1.5148789691925049,0.0,0.0,-1.5707918088883162,2.356198977679014,0.6897882032394409,6.414879779815674,3.9269907865673304,1.0,0.0,0.0,0.0,720.0,21.0
1788870626.3046737,1788870626.3044043,0.7097905278205872,1.5446208817884326,0.02162889755490629,0.0692114904532021,0.0692114904532021,0.4497701177001207,0.0,0.7274974989891052,1.514875988960266,0.0,0.0,-1.5707918088883162,2.356198977679014,0.6897905278205871,6.414886932373047,3.9269907865673304,1.0,0.0,0.0,0.0,720.0,21.0
1788870626.3807704,1788870626.3805892,0.7097933292388916,1.5446208817884326,0.021629704747994305,0.06921398577146787,0.06921398577146787,0.4497683067357567,0.0,0.7275004196166992,1.5148730087280273,0.0,0.0,-1.5707918088883162,2.356198977679014,0.6897933292388916,6.414885978698731,3.9269907865673304,1.0,0.0,0.0,0.0,720.0,21.0
1788870626.4555829,1788870626.4554067,0.7097964882850647,1.5446208817884326,0.021630624631463622,0.06921679490591888,0.06921679490591888,0.44976626802091446,0.0,0.7275035786628723,1.5148700284957886,0.0,0.0,-1.5707918088883162,2.356198977679014,0.6897964882850647,6.41488883972168,3.9269907865673304,1.0,0.0,0.0,0.0,720.0,21.0
1788870626.5327363,1788870626.5325687,0.7097998261451721,1.5446208817884326,0.021631618629843415,0.06921986420262492,0.06921986420262492,0.44976404049465724,0.0,0.727507095336914,1.5148650217056274,0.0,0.0,-1.5707918088883162,2.356198977679014,0.6897998261451721,6.414884071350098,3.9269907865673304,1.0,0.0,0.0,0.0,720.0,21.0
1788870626.6051464,1788870626.6049168,0.7098035216331482,1.5446208817884326,0.021632718973703252,0.06922324976188275,0.06922324976188275,0.4497615834424839,0.0,0.7275109100341797,1.5148609685897827,0.0,0.0,-1.5707918088883162,2.356198977679014,0.6898035216331482,6.414883117675782,3.9269907865673304,1.0,0.0,0.0,0.0,720.0,21.0
1788870626.6806896,1788870626.6803079,0.7098063230514526,1.5446208817884326,0.02163355068355257,0.06922612845972258,0.06922612845972258,0.44975949424237094,0.0,0.7275137710571289,1.514857988357544,0.0,0.0,-1.5707918088883162,2.356198977679014,0.6898063230514526,6.414882164001465,3.9269907865673304,1.0,0.0,0.0,0.0,720.0,21.0
1788870626.7564821,1788870626.756341,0.7098100185394287,1.5446208817884326,0.02163457093294581,0.06922927742771538,0.06922927742771538,0.44975720889508813,0.0,0.7275175261497497,1.5148540544509888,0.0,0.0,-1.5707918088883162,2.356198977679014,0.6898100185394287,6.414884071350098,3.9269907865673304,1.0,0.0,0.0,0.0,720.0,21.0
1788870626.8307776,1788870626.8305426,0.7098128199577332,1.5446208817884326,0.02163546144485552,0.06923221686479097,0.06923221686479097,0.449755075613788,0.0,0.7275205063819885,1.514850001335144,0.0,0.0,-1.5707918088883162,2.356198977679014,0.6898128199577331,6.414879779815674,3.9269907865673304,1.0,0.0,0.0,0.0,720.0,21.0
1788870626.903779,1788870626.903621,0.7098156213760376,1.5446208817884326,0.021636228979508225,0.06923481797353571,0.06923481797353571,0.4497531878725295,0.0,0.7275231885910034,1.5148479747772217,0.0,0.0,-1.5707918088883162,2.356198977679014,0.6898156213760376,6.414882164001465,3.9269907865673304,1.0,0.0,0.0,0.0,720.0,21.0
1788870626.9796612,1788870626.979542,0.7098187804222107,1.5446208817884326,0.02163718201108704,0.06923773309689568,0.06923773309689568,0.4497510722367831,0.0,0.7275265860557556,1.5148440408706665,0.0,0.0,-1.5707918088883162,2.356198977679014,0.6898187804222107,6.414881210327149,3.9269907865673304,1.0,0.0,0.0,0.0,720.0,21.0
1788870627.0553546,1788870627.0552423,0.7098221182823181,1.5446208817884326,0.02163820474156315,0.06924089855017017,0.06924089855017017,0.44974877492539217,0.0,0.7275301027297973,1.5148399877548218,0.0,0.0,-1.5707918088883162,2.356198977679014,0.6898221182823181,6.414875965118409,3.9269907865673304,1.0,0.0,0.0,0.0,720.0,21.0
1788870627.1322708,1788870627.132062,0.7098252773284912,1.5446208817884326,0.021639115430700503,0.06924388812982017,0.06924388812982017,0.4497466052533773,0.0,0.7275333213806152,1.5148360538482666,0.0,0.0,-1.5707918088883162,2.356198977679014,0.6898252773284912,6.414878826141358,3.9269907865673304,1.0,0.0,0.0,0.0,720.0,21.0
1788870627.2070706,1788870627.2069812,0.7098289728164673,1.5446208817884326,0.021640209863725998,0.06924723653369229,0.06924723653369229,0.4497441751665335,0.0,0.7275371956825256,1.5148320007324219,0.0,0.0,-1.5707918088883162,2.356198977679014,0.6898289728164673,6.414877872467041,3.9269907865673304,1.0,0.0,0.0,0.0,720.0,21.0
1788870627.2784889,1788870627.278271,0.7098317742347717,1.5446208817884326,0.021641080954381796,0.06925019229792291,0.06925019229792291,0.4497420300358848,0.0,0.7275401759147644,1.5148279476165771,0.0,0.0,-1.5707918088883162,2.356198977679014,0.6898317742347717,6.414873104095459,3.9269907865673304,1.0,0.0,0.0,0.0,720.0,21.0
1788870627.3519313,1788870627.3518512,0.709835410118103,1.5446208817884326,0.02164212966895374,0.06925342814783324,0.06925342814783324,0.4497396816344984,0.0,0.7275438117980957,1.514824013710022,0.0,0.0,-1.5707918088883162,2.356198977679014,0.689835410118103,6.414875011444092,3.9269907865673304,1.0,0.0,0.0,0.0,720.0,21.0
1788870627.4091246,1788870627.4089808,0.7098379135131836,1.5446208817884326,0.021643331703797685,0.06925709146085679,0.06925709146085679,0.44973702300396184,0.0,0.7275460767745972,1.5148219871520996,0.0,0.0,-1.5707918088883162,2.356198977679014,0.6898379135131836,6.414877872467041,3.9269907865673304,1.0,0.0,0.0,0.0,720.0,21.0
1788870627.4779565,1788870627.47785,0.7098405957221985,1.5446208817884326,0.02164604803489266,0.06926427503641659,0.06926427503641659,0.4497318095610422,0.0,0.727549295425415,1.5148180532455444,0.0,0.0,-1.5707918088883162,2.356198977679014,0.6898405957221985,6.414869766235352,3.9269907865673304,1.0,0.0,0.0,0.0,720.0,21.0
1788870627.5370111,1788870627.5369081,0.7098423838615417,1.5446208817884326,0.021646605515502123,0.06926767886564973,0.06926767886564973,0.44972933924952846,0.0,0.7275512027740478,1.514816026687622,0.0,0.0,-1.5707918088883162,2.356198977679014,0.6898423838615417,6.414868812561036,3.9269907865673304,1.0,0.0,0.0,0.0,720.0,21.0
1788870627.6034238,1788870627.6032736,0.709845781326294,1.5446208817884326,0.021647516652415138,0.06927074096110483,0.06927074096110483,0.4497271169495419,0.0,0.7275544214248657,1.5148130464553833,0.0,0.0,-1.5707918088883162,2.356198977679014,0.6898457813262939,6.414872150421143,3.9269907865673304,1.0,0.0,0.0,0.0,720.0,21.0
1788870627.6775439,1788870627.6774206,0.7098488807678223,1.5446208817884326,0.021648471234801264,0.06927379785428628,0.06927379785428628,0.44972489842507873,0.0,0.7275578188896179,1.5148089933395386,0.0,0.0,-1.5707918088883162,2.356198977679014,0.6898488807678222,6.414871196746827,3.9269907865673304,1.0,0.0,0.0,0.0,720.0,21.0
1788870627.7538025,1788870627.7536292,0.7098520994186401,1.5446208817884326,0.02164932398677228,0.06927662508665579,0.06927662508665579,0.44972284657576544,0.0,0.7275607991218567,1.5148060131072998,0.0,0.0,-1.5707918088883162,2.356198977679014,0.6898520994186401,6.414876918792725,3.9269907865673304,1.0,0.0,0.0,0.0,720.0,21.0
1788870627.8271306,1788870627.8269696,0.7098550200462341,1.5446208817884326,0.021650216378565883,0.06927947221398432,0.06927947221398432,0.44972078028778834,0.0,0.7275637793540954,1.514801959991455,0.0,0.0,-1.5707918088883162,2.356198977679014,0.6898550200462341,6.414872150421143,3.9269907865673304,1.0,0.0,0.0,0.0,720.0,21.0
1788870627.8811908,1788870627.881094,0.7098572850227356,1.5446208817884326,0.021650898692547348,0.06928185473550136,0.06928185473550136,0.44971905118508304,0.0,0.7275662231445312,1.5148000526428222,0.0,0.0,-1.5707918088883162,2.356198977679014,0.6898572850227356,6.414872150421143,3.9269907865673304,1.0,0.0,0.0,0.0,720.0,21.0
1788870627.955395,1788870627.9552388,0.7098600268363953,1.5446208817884326,0.021651802703735547,0.06928459447701804,0.06928459447701804,0.44971706283180507,0.0,0.7275693821907043,1.5147950458526611,0.0,0.0,-1.5707918088883162,2.356198977679014,0.6898600268363952,6.414862136840821,3.9269907865673304,1.0,0.0,0.0,0.0,720.0,21.0
1788870628.0321927,1788870628.0317016,0.7098628282546997,1.5446208817884326,0.021652531116308243,0.06928704804363588,0.06928704804363588,0.4497152821684843,0.0,0.7275720047950744,1.5147930192947388,0.0,0.0,-1.5707918088883162,2.356198977679014,0.6898628282546997,6.414868812561036,3.9269907865673304,1.0,0.0,0.0,0.0,720.0,21.0
1788870628.0901344,1788870628.0900202,0.7098652124404907,1.5446208817884326,0.02165324850820484,0.06928939107146961,0.06928939107146961,0.44971358172811604,0.0,0.727574508190155,1.5147900390625,0.0,0.0,-1.5707918088883162,2.356198977679014,0.6898652124404907,6.41486499786377,3.9269907865673304,1.0,0.0,0.0,0.0,720.0,21.0
1788870628.1548336,1788870628.154685,0.7098678946495056,1.5446208817884326,0.02165413466650854,0.06929207897442002,0.06929207897442002,0.4497116309964102,0.0,0.7275774884223938,1.5147859859466553,0.0,0.0,-1.5707918088883162,2.356198977679014,0.6898678946495056,6.414861183166504,3.9269907865673304,1.0,0.0,0.0,0.0,720.0,21.0
1788870628.2292585,1788870628.229104,0.7098711133003235,1.5446208817884326,0.02165512977095089,0.06929511437925599,0.06929511437925599,0.44970942806700287,0.0,0.7275811243057251,1.5147820520401,0.0,0.0,-1.5707918088883162,2.356198977679014,0.6898711133003235,6.414853076934815,3.9269907865673304,1.0,0.0,0.0,0.0,720.0,21.0
1788870628.3020205,1788870628.3018744,0.7098743915557861,1.5446208817884326,0.02165605003718382,0.06929808639706857,0.06929808639706857,0.449707271140401,0.0,0.7275842237472534,1.5147789525985718,0.0,0.0,-1.5707918088883162,2.356198977679014,0.6898743915557861,6.414857845306397,3.9269907865673304,1.0,0.0,0.0,0.0,720.0,21.0
1788870628.3779478,1788870628.377811,0.709877610206604,1.5446208817884326,0.0216570109641522,0.0693011304788215,0.0693011304788215,0.4497050619137659,0.0,0.7275876212120056,1.5147750186920166,0.0,0.0,-1.5707918088883162,2.356198977679014,0.689877610206604,6.4148568916320805,3.9269907865673304,1.0,0.0,0.0,0.0,720.0,21.0
1788870628.4548705,1788870628.4547281,0.7098808884620667,1.5446208817884326,0.021657957391310267,0.06930416370018144,0.06930416370018144,0.44970286056900505,0.0,0.7275910186767578,1.5147709655761719,0.0,0.0,-1.5707918088883162,2.356198977679014,0.6898808884620666,6.414854984283448,3.9269907865673304,1.0,0.0,0.0,0.0,720.0,21.0
1788870628.532019,1788870628.531651,0.7098841071128845,1.5446208817884326,0.021658774665752414,0.06930690436133984,0.06930690436133984,0.44970087154830185,0.0,0.727593879699707,1.514769058227539,0.0,0.0,-1.5707918088883162,2.356198977679014,0.6898841071128845,6.414865951538086,3.9269907865673304,1.0,0.0,0.0,0.0,720.0,21.0
1788870628.6096952,1788870628.6095436,0.7098854780197144,1.5446208817884326,0.021659188613416838,0.06930865380245567,0.06930865380245567,0.44969960190043323,0.0,0.7275953102111816,1.5147670316696167,0.0,0.0,-1.5707918088883162,2.356198977679014,0.6898854780197143,6.414865951538086,3.9269907865673304,1.0,0.0,0.0,0.0,720.0,21.0
1788870628.6871774,1788870628.6870108,0.7098891139030457,1.5446208817884326,0.021660460939874074,0.06931202864605462,0.06931202864605462,0.449697152625094,0.0,0.727599720954895,1.5147609519958496,0.0,0.0,-1.5707918088883162,2.356198977679014,0.6898891139030456,6.414846878051758,3.9269907865673304,1.0,0.0,0.0,0.0,720.0,21.0
1788870628.752517,1788870628.752356,0.7098929286003113,1.5446208817884326,0.021661543095720326,0.06931546512822992,0.06931546512822992,0.44969465861587593,0.0,0.7276034164428711,1.5147570180892944,0.0,0.0,-1.5707918088883162,2.356198977679014,0.6898929286003113,6.414851169586182,3.9269907865673304,1.0,0.0,0.0,0.0,720.0,21.0
1788870628.8298588,1788870628.8296766,0.7098966240882874,1.5446208817884326,0.02166256421088415,0.06931878337084947,0.06931878337084947,0.4496922504184056,0.0,0.7276071119308472,1.5147529649734497,0.0,0.0,-1.5707918088883162,2.356198977679014,0.6898966240882873,6.414854984283448,3.9269907865673304,1.0,0.0,0.0,0.0,720.0,21.0
1788870628.9043214,1788870628.904217,0.7098988890647888,1.5446208817884326,0.021663307662140526,0.06932144417444962,0.06932144417444962,0.44969031935391357,0.0,0.7276096153259277,1.514749984741211,0.0,0.0,-1.5707918088883162,2.356198977679014,0.6898988890647888,6.414848785400391,3.9269907865673304,1.0,0.0,0.0,0.0,720.0,21.0
1788870628.983199,1788870628.9829936,0.7099022269248962,1.5446208817884326,0.021664208240536918,0.06932425971113758,0.06932425971113758,0.44968827599268085,0.0,0.7276127743721008,1.5147470045089722,0.0,0.0,-1.5707918088883162,2.356198977679014,0.6899022269248962,6.4148521232604985,3.9269907865673304,1.0,0.0,0.0,0.0,720.0,21.0
1788870629.0626466,1788870629.0625026,0.7099053859710693,1.5446208817884326,0.021665143902924792,0.06932720025589281,0.06932720025589281,0.449686141907488,0.0,0.7276161122322082,1.5147429513931274,0.0,0.0,-1.5707918088883162,2.356198977679014,0.6899053859710693,6.414854984283448,3.9269907865673304,1.0,0.0,0.0,0.0,720.0,21.0
1788870629.1377447,1788870629.137615,0.7099090814590454,1.5446208817884326,0.02166649034432641,0.069331098448059,0.069331098448059,0.44968331281462487,0.0,0.7276205825805664,1.5147369909286499,0.0,0.0,-1.5707918088883162,2.356198977679014,0.6899090814590454,6.41483304977417,3.9269907865673304,1.0,0.0,0.0,0.0,720.0,21.0
1788870629.2054112,1788870629.205271,0.7099124193191528,1.5446208817884326,0.021667276681039415,0.06933402929994599,0.06933402929994599,0.44968118576398114,0.0,0.7276235032081604,1.5147340106964111,0.0,0.0,-1.5707918088883162,2.356198977679014,0.6899124193191528,6.414844970703125,3.9269907865673304,1.0,0.0,0.0,0.0,720.0,21.0
1788870629.2827928,1788870629.2826345,0.7099151015281677,1.5446208817884326,0.021668149343346703,0.06933686331908041,0.06933686331908041,0.44967912898920825,0.0,0.7276266026496887,1.5147310304641723,0.0,0.0,-1.5707918088883162,2.356198977679014,0.6899151015281677,6.414837818145752,3.9269907865673304,1.0,0.0,0.0,0.0,720.0,21.0
1788870629.356267,1788870629.356131,0.7099180221557617,1.5446208817884326,0.021668866742051953,0.0693393204979205,0.0693393204979205,0.44967734570433576,0.0,0.7276292252540588,1.51472900390625,0.0,0.0,-1.5707918088883162,2.356198977679014,0.6899180221557617,6.414845924377442,3.9269907865673304,1.0,0.0,0.0,0.0,720.0,21.0
1788870629.430729,1788870629.4306118,0.7099211812019348,1.5446208817884326,0.021669830741144248,0.06934221700953927,0.06934221700953927,0.4496752435759646,0.0,0.7276323843002319,1.5147249507904053,0.0,0.0,-1.5707918088883162,2.356198977679014,0.6899211812019348,6.414844970703125,3.9269907865673304,1.0,0.0,0.0,0.0,720.0,21.0
1788870629.5106966,1788870629.5105507,0.7099243998527527,1.5446208817884326,0.021670855803158386,0.06934538210193657,0.06934538210193657,0.44967294652647843,0.0,0.7276360201835632,1.5147199440002441,0.0,0.0,-1.5707918088883162,2.356198977679014,0.6899243998527527,6.41484115600586,3.9269907865673304,1.0,0.0,0.0,0.0,720.0,21.0
1788870629.5825474,1788870629.5823324,0.7099276781082153,1.5446208817884326,0.02167181180227429,0.06934847306767537,0.06934847306767537,0.4496707032740324,0.0,0.7276394176483154,1.514716010093689,0.0,0.0,-1.5707918088883162,2.356198977679014,0.6899276781082153,6.414838771820069,3.9269907865673304,1.0,0.0,0.0,0.0,720.0,21.0
1788870629.6607745,1788870629.6606364,0.7099313139915466,1.5446208817884326,0.021672899819620058,0.06935183751625154,0.06935183751625154,0.44966826154282735,0.0,0.7276431727409363,1.5147119569778442,0.0,0.0,-1.5707918088883162,2.356198977679014,0.6899313139915466,6.414837818145752,3.9269907865673304,1.0,0.0,0.0,0.0,720.0,21.0
1788870629.729516,1788870629.7294095,0.7099336981773376,1.5446208817884326,0.021673522959482206,0.06935424268411561,0.06935424268411561,0.4496665160046525,0.0,0.727645378112793,1.5147100496292114,0.0,0.0,-1.5707918088883162,2.356198977679014,0.6899336981773376,6.414840202331543,3.9269907865673304,1.0,0.0,0.0,0.0,720.0,21.0
1788870629.8037946,1788870629.803695,0.7099372744560242,1.5446208817884326,0.021678908091319223,0.06936702692978974,0.06936702692978974,0.44965723790427786,0.0,0.727649610042572,1.5147050428390503,0.0,0.0,-1.5707918088883162,2.356198977679014,0.6899372744560242,6.414830188751221,3.9269907865673304,1.0,0.0,0.0,0.0,720.0,21.0
1788870629.8766353,1788870629.8764992,0.7099406719207764,1.5446208817884326,0.021679985631375367,0.06937327589321775,0.06937327589321775,0.4496527027512935,0.0,0.7276531863212585,1.5147009897232055,0.0,0.0,-1.5707918088883162,2.356198977679014,0.6899406719207763,6.414822082519532,3.9269907865673304,1.0,0.0,0.0,0.0,720.0,21.0
1788870629.9319468,1788870629.9312296,0.7099425196647644,1.5446208817884326,0.021680318225932287,0.06937589559405365,0.06937589559405365,0.44965080151692055,0.0,0.7276544976234436,1.5147000360488891,0.0,0.0,-1.5707918088883162,2.356198977679014,0.6899425196647644,6.414836864471436,3.9269907865673304,1.0,0.0,0.0,0.0,720.0,21.0
1788870630.0029721,1788870630.0028636,0.7099456787109375,1.5446208817884326,0.021681347508994118,0.06937898709836292,0.06937898709836292,0.4496485578736098,0.0,0.7276580739021301,1.5146959829330444,0.0,0.0,-1.5707918088883162,2.356198977679014,0.6899456787109375,6.41483304977417,3.9269907865673304,1.0,0.0,0.0,0.0,720.0,21.0
1788870630.0789106,1788870630.078595,0.7099494934082031,1.5446208817884326,0.021682386860209953,0.06938224269637917,0.06938224269637917,0.4496461951401374,0.0,0.7276617097854614,1.5146920490264892,0.0,0.0,-1.5707918088883162,2.356198977679014,0.6899494934082031,6.41483591079712,3.9269907865673304,1.0,0.0,0.0,0.0,720.0,21.0
1788870630.1557088,1788870630.1555982,0.7099531888961792,1.5446208817884326,0.021683469592273075,0.06938564469560544,0.06938564469560544,0.4496437261567417,0.0,0.727665524482727,1.5146879959106445,0.0,0.0,-1.5707918088883162,2.356198977679014,0.6899531888961792,6.414834003448487,3.9269907865673304,1.0,0.0,0.0,0.0,720.0,21.0
1788870630.2279766,1788870630.2278855,0.7099559903144836,1.5446208817884326,0.02168429514206214,0.06938851452690083,0.06938851452690083,0.4496416433914776,0.0,0.7276683855056763,1.5146839427947998,0.0,0.0,-1.5707918088883162,2.356198977679014,0.6899559903144836,6.414834003448487,3.9269907865673304,1.0,0.0,0.0,0.0,720.0,21.0
1788870630.3029451,1788870630.3027377,0.7099592089653015,1.5446208817884326,0.021685336935897002,0.06939170909447955,0.06939170909447955,0.4496393249505305,0.0,0.727671902179718,1.5146800088882446,0.0,0.0,-1.5707918088883162,2.356198977679014,0.6899592089653015,6.41482780456543,3.9269907865673304,1.0,0.0,0.0,0.0,720.0,21.0
1788870630.378001,1788870630.377926,0.7099629044532776,1.5446208817884326,0.021686298924767707,0.06939482231982352,0.06939482231982352,0.4496370655432908,0.0,0.7276754188537597,1.5146770286560058,0.0,0.0,-1.5707918088883162,2.356198977679014,0.6899629044532776,6.414834003448487,3.9269907865673304,1.0,0.0,0.0,0.0,720.0,21.0
1788870630.457062,1788870630.4568949,0.7099664807319641,1.5446208817884326,0.021687444577021344,0.06939832254847488,0.06939832254847488,0.4496345252703964,0.0,0.7276794123649597,1.5146720218658447,0.0,0.0,-1.5707918088883162,2.356198977679014,0.6899664807319641,6.414829235076905,3.9269907865673304,1.0,0.0,0.0,0.0,720.0,21.0
1788870630.5156438,1788870630.5154114,0.7099679708480835,1.5446208817884326,0.021687918465829566,0.06940043412800069,0.06940043412800069,0.4496329928024441,0.0,0.7276810216903686,1.5146699953079223,0.0,0.0,-1.5707918088883162,2.356198977679014,0.6899679708480835,6.414824943542481,3.9269907865673304,1.0,0.0,0.0,0.0,720.0,21.0
1788870630.5861173,1788870630.5859973,0.7099717259407043,1.5446208817884326,0.0216889966598771,0.0694034827565249,0.0694034827565249,0.4496307802760132,0.0,0.727684895992279,1.5146649885177612,0.0,0.0,-1.5707918088883162,2.356198977679014,0.6899717259407043,6.4148239898681645,3.9269907865673304,1.0,0.0,0.0,0.0,720.0,21.0
1788870630.6598763,1788870630.6597588,0.7099744081497192,1.5446208817884326,0.02168981929439875,0.06940624004641067,0.06940624004641067,0.44962877918709687,0.0,0.7276876974105835,1.5146620082855224,0.0,0.0,-1.5707918088883162,2.356198977679014,0.6899744081497192,6.414823036193848,3.9269907865673304,1.0,0.0,0.0,0.0,720.0,21.0
1788870630.72902,1788870630.7289128,0.7099776864051819,1.5446208817884326,0.021690804038823418,0.06940927306088766,0.06940927306088766,0.4496265779924803,0.0,0.7276910948753357,1.5146579551696777,0.0,0.0,-1.5707918088883162,2.356198977679014,0.6899776864051819,6.414822082519532,3.9269907865673304,1.0,0.0,0.0,0.0,720.0,21.0
1788870630.8030586,1788870630.8029501,0.7099809050559998,1.5446208817884326,0.021691716162532647,0.06941222612233942,0.06941222612233942,0.44962443482335945,0.0,0.7276943135261535,1.514654974937439,0.0,0.0,-1.5707918088883162,2.356198977679014,0.6899809050559997,6.4148239898681645,3.9269907865673304,1.0,0.0,0.0,0.0,720.0,21.0
1788870630.878272,1788870630.878174,0.7099838256835938,1.5446208817884326,0.021692506519377264,0.06941488244010689,0.06941488244010689,0.4496225070144373,0.0,0.7276971745491028,1.5146519947052002,0.0,0.0,-1.5707918088883162,2.356198977679014,0.6899838256835937,6.4148239898681645,3.9269907865673304,1.0,0.0,0.0,0.0,720.0,21.0
1788870630.9537253,1788870630.953376,0.7099865078926086,1.5446208817884326,0.021693238199395656,0.06941731829867835,0.06941731829867835,0.4496207392026399,0.0,0.7276996779441833,1.5146499681472778,0.0,0.0,-1.5707918088883162,2.356198977679014,0.6899865078926086,6.4148311424255375,3.9269907865673304,1.0,0.0,0.0,0.0,720.0,21.0
1788870631.027639,1788870631.0275455,0.7099894285202026,1.5446208817884326,0.02169423222738122,0.06942027567893744,0.06942027567893744,0.4496185928991669,0.0,0.7277030158042908,1.5146449613571167,0.0,0.0,-1.5707918088883162,2.356198977679014,0.6899894285202026,6.414816837310791,3.9269907865673304,1.0,0.0,0.0,0.0,720.0,21.0
1788870631.104592,1788870631.1044226,0.709992527961731,1.5446208817884326,0.02169510984122916,0.06942312874803455,0.06942312874803455,0.4496165222989818,0.0,0.7277061748504638,1.514641981124878,0.0,0.0,-1.5707918088883162,2.356198977679014,0.6899925279617309,6.414821128845215,3.9269907865673304,1.0,0.0,0.0,0.0,720.0,21.0
1788870631.1822753,1788870631.182011,0.7099959254264832,1.5446208817884326,0.021696042678143693,0.06942607422345225,0.06942607422345225,0.44961438463538606,0.0,0.7277095127105713,1.5146380472183227,0.0,0.0,-1.5707918088883162,2.356198977679014,0.6899959254264831,6.414823036193848,3.9269907865673304,1.0,0.0,0.0,0.0,720.0,21.0
1788870631.2541955,1788870631.254096,0.7099990844726562,1.5446208817884326,0.021697087271666745,0.06942929775556919,0.06942929775556919,0.44961204517357467,0.0,0.7277130889892578,1.514633994102478,0.0,0.0,-1.5707918088883162,2.356198977679014,0.6899990844726562,6.414813976287842,3.9269907865673304,1.0,0.0,0.0,0.0,720.0,21.0
1788870631.3279054,1788870631.3277507,0.7100024223327637,1.5446208817884326,0.021697991002355723,0.06943228917194758,0.06943228917194758,0.44960987416856363,0.0,0.7277163076400757,1.5146299409866333,0.0,0.0,-1.5707918088883162,2.356198977679014,0.6900024223327637,6.414816837310791,3.9269907865673304,1.0,0.0,0.0,0.0,720.0,21.0
1788870631.4035614,1788870631.4034965,0.7100051045417786,1.5446208817884326,0.0216988157342892,0.06943503399639209,0.06943503399639209,0.449607882126377,0.0,0.7277192282676697,1.5146269607543945,0.0,0.0,-1.5707918088883162,2.356198977679014,0.6900051045417785,6.414815883636475,3.9269907865673304,1.0,0.0,0.0,0.0,720.0,21.0
1788870631.4781563,1788870631.478021,0.7100083231925964,1.5446208817884326,0.02170007116573349,0.06943866961016065,0.06943866961016065,0.4496052435984319,0.0,0.7277225065231323,1.5146230268478393,0.0,0.0,-1.5707918088883162,2.356198977679014,0.6900083231925964,6.414814929962159,3.9269907865673304,1.0,0.0,0.0,0.0,720.0,21.0
1788870631.5566957,1788870631.5565426,0.7100110054016113,1.5446208817884326,0.021702670836372548,0.06944558355652271,0.06944558355652271,0.44960022583751214,0.0,0.7277256059646606,1.5146200466156006,0.0,0.0,-1.5707918088883162,2.356198977679014,0.6900110054016113,6.414810161590577,3.9269907865673304,1.0,0.0,0.0,0.0,720.0,21.0
1788870631.631564,1788870631.631225,0.710014283657074,1.5446208817884326,0.02170362120403798,0.0694497865640019,0.0694497865640019,0.4495971755265074,0.0,0.7277288842201233,1.5146159934997558,0.0,0.0,-1.5707918088883162,2.356198977679014,0.690014283657074,6.41480920791626,3.9269907865673304,1.0,0.0,0.0,0.0,720.0,21.0
1788870631.706239,1788870631.706121,0.7100170850753784,1.5446208817884326,0.021704384052695907,0.0694527562472394,0.0694527562472394,0.4495950202942113,0.0,0.7277316260337829,1.514613013267517,0.0,0.0,-1.5707918088883162,2.356198977679014,0.6900170850753784,6.414812068939209,3.9269907865673304,1.0,0.0,0.0,0.0,720.0,21.0
1788870631.7795725,1788870631.7794504,0.7100201845169067,1.5446208817884326,0.021705361612090013,0.06945583688525346,0.06945583688525346,0.4495927845370582,0.0,0.7277350234985351,1.5146089601516723,0.0,0.0,-1.5707918088883162,2.356198977679014,0.6900201845169067,6.414811115264893,3.9269907865673304,1.0,0.0,0.0,0.0,720.0,21.0
1788870631.8523707,1788870631.8522809,0.7100241184234619,1.5446208817884326,0.02170647167185961,0.06945924761054156,0.06945924761054156,0.44959030922076815,0.0,0.727738778591156,1.5146050262451172,0.0,0.0,-1.5707918088883162,2.356198977679014,0.6900241184234619,6.414810161590577,3.9269907865673304,1.0,0.0,0.0,0.0,720.0,21.0
1788870631.928364,1788870631.9282057,0.7100269198417664,1.5446208817884326,0.02170731934203752,0.06946216960932651,0.06946216960932651,0.44958818859521754,0.0,0.7277418184280395,1.5146009731292724,0.0,0.0,-1.5707918088883162,2.356198977679014,0.6900269198417663,6.41480396270752,3.9269907865673304,1.0,0.0,0.0,0.0,720.0,21.0
1788870632.0040247,1788870632.003753,0.7100294828414917,1.5446208817884326,0.02170798926997185,0.06946454684753489,0.06946454684753489,0.4495864633268464,0.0,0.7277442026138305,1.51459894657135,0.0,0.0,-1.5707918088883162,2.356198977679014,0.6900294828414917,6.414814929962159,3.9269907865673304,1.0,0.0,0.0,0.0,720.0,21.0
1788870632.0825605,1788870632.0823834,0.7100328207015991,1.5446208817884326,0.02170906355173794,0.06946766641015345,0.06946766641015345,0.44958419932036225,0.0,0.7277478981018066,1.514595012664795,0.0,0.0,-1.5707918088883162,2.356198977679014,0.6900328207015991,6.414805870056153,3.9269907865673304,1.0,0.0,0.0,0.0,720.0,21.0
1788870632.156242,1788870632.1560931,0.7100356221199036,1.5446208817884326,0.021709888827974304,0.06947045089770848,0.06947045089770848,0.44958217849287774,0.0,0.7277508187294006,1.5145920324325561,0.0,0.0,-1.5707918088883162,2.356198977679014,0.6900356221199035,6.414804916381836,3.9269907865673304,1.0,0.0,0.0,0.0,720.0,21.0
1788870632.2313576,1788870632.2312489,0.710038423538208,1.5446208817884326,0.02171068917100529,0.0694730790123644,0.0694730790123644,0.4495802711522184,0.0,0.7277536797523498,1.5145879793167114,0.0,0.0,-1.5707918088883162,2.356198977679014,0.690038423538208,6.41480396270752,3.9269907865673304,1.0,0.0,0.0,0.0,720.0,21.0
1788870632.3041425,1788870632.3039057,0.7100421190261841,1.5446208817884326,0.021711798314607428,0.06947635192842996,0.06947635192842996,0.44957789585026087,0.0,0.7277574944496155,1.5145840454101562,0.0,0.0,-1.5707918088883162,2.356198977679014,0.6900421190261841,6.4148030090332036,3.9269907865673304,1.0,0.0,0.0,0.0,720.0,21.0
1788870632.3792727,1788870632.3791823,0.7100452780723572,1.5446208817884326,0.021712667981909954,0.0694792818580073,0.0694792818580073,0.44957576946897865,0.0,0.7277605938911438,1.514580945968628,0.0,0.0,-1.5707918088883162,2.356198977679014,0.6900452780723572,6.414810161590577,3.9269907865673304,1.0,0.0,0.0,0.0,720.0,21.0
1788870632.4539723,1788870632.4536004,0.7100480794906616,1.5446208817884326,0.021713579745132713,0.06948220318649947,0.06948220318649947,0.4495736493298896,0.0,0.7277638125419617,1.5145770120620727,0.0,0.0,-1.5707918088883162,2.356198977679014,0.6900480794906616,6.414801101684571,3.9269907865673304,1.0,0.0,0.0,0.0,720.0,21.0
1788870632.5341873,1788870632.5337012,0.7100523114204407,1.5446208817884326,0.02171490308585076,0.06948604386825555,0.06948604386825555,0.44957086197491003,0.0,0.7277682828903198,1.5145710515975952,0.0,0.0,-1.5707918088883162,2.356198977679014,0.6900523114204407,6.414790134429932,3.9269907865673304,1.0,0.0,0.0,0.0,720.0,21.0
1788870632.6057515,1788870632.6055093,0.7100560069084167,1.5446208817884326,0.021715927879407414,0.06948949161034927,0.06948949161034927,0.44956835979386417,0.0,0.7277719187736511,1.5145679521560669,0.0,0.0,-1.5707918088883162,2.356198977679014,0.6900560069084167,6.414797763824463,3.9269907865673304,1.0,0.0,0.0,0.0,720.0,21.0
1788870632.6836445,1788870632.6835117,0.7100592851638794,1.5446208817884326,0.02171685804255526,0.06949260949842857,0.06949260949842857,0.44956609700266836,0.0,0.7277753162384033,1.5145640182495117,0.0,0.0,-1.5707918088883162,2.356198977679014,0.6900592851638794,6.414796810150147,3.9269907865673304,1.0,0.0,0.0,0.0,720.0,21.0
1788870632.7572265,1788870632.7570608,0.7100620865821838,1.5446208817884326,0.02171757635036126,0.06949515387433779,0.06949515387433779,0.44956425043497256,0.0,0.7277778196334839,1.5145619916915893,0.0,0.0,-1.5707918088883162,2.356198977679014,0.6900620865821838,6.4148030090332036,3.9269907865673304,1.0,0.0,0.0,0.0,720.0,21.0
1788870632.8286316,1788870632.828458,0.7100657224655151,1.5446208817884326,0.021718847787492907,0.06949876520628545,0.06949876520628545,0.4495616295294338,0.0,0.7277821111679077,1.5145560312271118,0.0,0.0,-1.5707918088883162,2.356198977679014,0.6900657224655151,6.4147910881042485,3.9269907865673304,1.0,0.0,0.0,0.0,720.0,21.0
1788870632.9122188,1788870632.9120176,0.7100690007209778,1.5446208817884326,0.021719738641249983,0.0695018441182856,0.0695018441182856,0.4495593950249264,0.0,0.7277852702140808,1.514553050994873,0.0,0.0,-1.5707918088883162,2.356198977679014,0.6900690007209778,6.414793949127198,3.9269907865673304,1.0,0.0,0.0,0.0,720.0,21.0
1788870632.9746063,1788870632.974421,0.710070788860321,1.5446208817884326,0.021720288602422644,0.0695039997049124,0.0695039997049124,0.4495578306190475,0.0,0.7277871775627136,1.5145510244369507,0.0,0.0,-1.5707918088883162,2.356198977679014,0.690070788860321,6.414792995452881,3.9269907865673304,1.0,0.0,0.0,0.0,720.0,21.0
1788870633.0365806,1788870633.0364738,0.7100744843482971,1.5446208817884326,0.02172143353236602,0.06950721102397361,0.06950721102397361,0.44955550002079836,0.0,0.7277911710739136,1.5145460176467895,0.0,0.0,-1.5707918088883162,2.356198977679014,0.6900744843482971,6.414788227081299,3.9269907865673304,1.0,0.0,0.0,0.0,720.0,21.0
1788870633.1048996,1788870633.104775,0.7100772857666016,1.5446208817884326,0.021722150597352243,0.06950978064526112,0.06950978064526112,0.4495536351313995,0.0,0.7277937936782837,1.5145439910888672,0.0,0.0,-1.5707918088883162,2.356198977679014,0.6900772857666015,6.414793949127198,3.9269907865673304,1.0,0.0,0.0,0.0,720.0,21.0
1788870633.1803856,1788870633.180259,0.7100805044174194,1.5446208817884326,0.021723062601333085,0.06951259442056444,0.06951259442056444,0.44955159304848263,0.0,0.7277970123291015,1.514540057182312,0.0,0.0,-1.5707918088883162,2.356198977679014,0.6900805044174194,6.414796810150147,3.9269907865673304,1.0,0.0,0.0,0.0,720.0,21.0
1788870633.257068,1788870633.2569425,0.7100828289985657,1.5446208817884326,0.021723848578488147,0.06951519914198279,0.06951519914198279,0.4495497026853448,0.0,0.7277995753288269,1.5145360040664673,0.0,0.0,-1.5707918088883162,2.356198977679014,0.6900828289985657,6.414789180755616,3.9269907865673304,1.0,0.0,0.0,0.0,720.0,21.0
1788870633.3314116,1788870633.3312929,0.7100861072540283,1.5446208817884326,0.021724869770619198,0.06951826802878185,0.06951826802878185,0.4495474754565754,0.0,0.7278030920028686,1.5145319509506225,0.0,0.0,-1.5707918088883162,2.356198977679014,0.6900861072540283,6.414783935546875,3.9269907865673304,1.0,0.0,0.0,0.0,720.0,21.0
1788870633.4038692,1788870633.4031668,0.7100889086723328,1.5446208817884326,0.02172562708838507,0.06952088508661712,0.06952088508661712,0.4495455761403466,0.0,0.7278058934211731,1.5145300436019897,0.0,0.0,-1.5707918088883162,2.356198977679014,0.6900889086723327,6.414785842895508,3.9269907865673304,1.0,0.0,0.0,0.0,720.0,21.0
1788870633.4809186,1788870633.480792,0.7100924849510193,1.5446208817884326,0.021726715356125345,0.0695241079237059,0.0695241079237059,0.4495432371829483,0.0,0.7278097081184387,1.5145250368118286,0.0,0.0,-1.5707918088883162,2.356198977679014,0.6900924849510193,6.414784889221192,3.9269907865673304,1.0,0.0,0.0,0.0,720.0,21.0
1788870633.5566201,1788870633.556336,0.7100958228111267,1.5446208817884326,0.02172773540638155,0.06952735968740645,0.06952735968740645,0.44954087723221076,0.0,0.7278132247924805,1.5145209836959839,0.0,0.0,-1.5707918088883162,2.356198977679014,0.6900958228111267,6.414781074523926,3.9269907865673304,1.0,0.0,0.0,0.0,720.0,21.0
1788870633.6350076,1788870633.6343002,0.7100986242294312,1.5446208817884326,0.021728555499060335,0.06953017222411709,0.06953017222411709,0.44953883604819617,0.0,0.7278160858154297,1.514518003463745,0.0,0.0,-1.5707918088883162,2.356198977679014,0.6900986242294311,6.41478012084961,3.9269907865673304,1.0,0.0,0.0,0.0,720.0,21.0
1788870633.7064557,1788870633.7063534,0.7101014256477356,1.5446208817884326,0.021729329925735282,0.06953275070088216,0.06953275070088216,0.44953696473198007,0.0,0.7278188276290893,1.5145150232315063,0.0,0.0,-1.5707918088883162,2.356198977679014,0.6901014256477356,6.414782028198243,3.9269907865673304,1.0,0.0,0.0,0.0,720.0,21.0
1788870633.7823133,1788870633.7821968,0.7101036906242371,1.5446208817884326,0.021730014491161735,0.06953505767046694,0.06953505767046694,0.44953529046070007,0.0,0.7278212118148804,1.5145120429992676,0.0,0.0,-1.5707918088883162,2.356198977679014,0.690103690624237,6.414782028198243,3.9269907865673304,1.0,0.0,0.0,0.0,720.0,21.0
1788870633.8544254,1788870633.8543475,0.7101073861122131,1.5446208817884326,0.02173112706497266,0.06953824192667883,0.06953824192667883,0.4495329795031743,0.0,0.727825026512146,1.5145079898834228,0.0,0.0,-1.5707918088883162,2.356198977679014,0.6901073861122131,6.41478012084961,3.9269907865673304,1.0,0.0,0.0,0.0,720.0,21.0
