ground_truth_speed_alignment=odom_source_timestamp_interpolation
rows=455089
unique_gt_odom_rows=62800
duplicate_gt_odom_rows_removed=0
speed_reference=gt_speed_mps
ground_truth_position_reference=timestamped_gt_odom
lidar_rate_hz_median=39.991
imu_rate_hz_median=39.991 imu_rate_hz_p95=40.990
left_encoder_rate_hz_median=39.991 left_encoder_rate_hz_p95=40.990
right_encoder_rate_hz_median=39.991 right_encoder_rate_hz_p95=40.989
odom_rate_hz_median=39.991 odom_rate_hz_p95=40.989
ekf_rate_hz_median=39.992 ekf_rate_hz_p95=40.988
gt_odom_rate_hz_median=39.991 gt_odom_rate_hz_p95=40.990
gt_ips_rate_hz_median=39.991 gt_ips_rate_hz_p95=40.989
collision_rate_hz_median=39.991 collision_rate_hz_p95=40.993
speed_command_rate_hz_median=49.981 speed_command_rate_hz_p95=50.466
acceleration_command_rate_hz_median=49.981 acceleration_command_rate_hz_p95=50.495
steering_command_rate_hz_median=49.983 steering_command_rate_hz_p95=50.432
throttle_feedback_rate_hz_median=39.986 throttle_feedback_rate_hz_p95=40.983
steering_feedback_rate_hz_median=39.992 steering_feedback_rate_hz_p95=40.988
imu_source_rate_hz=39.983 imu_source_events=62802 recorder_row_rate_hz=289.732
left_encoder_source_rate_hz=39.983 left_encoder_source_events=62802 recorder_row_rate_hz=289.732
right_encoder_source_rate_hz=39.983 right_encoder_source_events=62802 recorder_row_rate_hz=289.732
odom_source_rate_hz=39.998 odom_source_events=62826 recorder_row_rate_hz=289.732
gt_odom_source_rate_hz=39.983 gt_odom_source_events=62802 recorder_row_rate_hz=289.732
gt_speed_mps_min=0.000 gt_speed_mps_max=22.884
ground_truth_collision_count_max=0
phase,command,initial_speed_mps,peak_speed_mps,tail_speed_mps,peak_accel_mps2,samples
grid_throttle_0.000_at_0.00,0.000000,0.000000,0.000000,0.000000,0.000000,81
grid_throttle_0.000_at_12.00,0.000000,7.169300,8.493500,0.000100,0.000000,120
grid_throttle_0.000_at_16.00,0.000000,9.905700,11.972500,0.000400,0.036068,122
grid_throttle_0.000_at_20.00,0.000000,12.812950,15.361000,0.000300,0.000000,144
grid_throttle_0.000_at_3.00,0.000000,1.449850,1.993000,0.000000,0.000000,80
grid_throttle_0.000_at_6.00,0.000000,2.911950,3.709600,0.000100,0.018997,82
grid_throttle_0.000_at_9.00,0.000000,4.968700,6.123200,0.000100,0.063333,96
grid_throttle_0.030_at_0.00,0.030000,0.681000,0.753600,0.751600,5.601629,81
grid_throttle_0.030_at_12.00,0.030000,7.210200,8.493500,0.751400,0.019417,104
grid_throttle_0.030_at_16.00,0.030000,10.035700,11.972500,0.751300,0.013482,124
grid_throttle_0.030_at_20.00,0.030000,12.999500,15.361000,0.751300,0.020051,139
grid_throttle_0.030_at_3.00,0.030000,1.230400,1.993000,0.751550,0.017474,80
grid_throttle_0.030_at_6.00,0.030000,2.892200,3.709600,0.751500,0.014474,77
grid_throttle_0.030_at_9.00,0.030000,5.315200,6.123200,0.751200,0.017605,82
grid_throttle_0.060_at_0.00,0.060000,0.424300,1.500700,1.498000,5.559020,79
grid_throttle_0.060_at_12.00,0.060000,7.150800,8.493600,1.497800,0.014249,96
grid_throttle_0.060_at_16.00,0.060000,10.101700,11.972500,1.497650,0.016190,113
grid_throttle_0.060_at_20.00,0.060000,12.524600,15.361000,1.498000,0.017567,152
grid_throttle_0.060_at_3.00,0.060000,1.516100,1.993000,1.498000,0.004221,83
grid_throttle_0.060_at_6.00,0.060000,2.658700,3.709600,1.498000,0.013687,108
grid_throttle_0.060_at_9.00,0.060000,5.142050,6.123200,1.498000,0.022457,94
grid_throttle_0.100_at_0.00,0.100000,0.618200,2.488400,2.485900,6.178427,81
grid_throttle_0.100_at_12.00,0.100000,6.938400,8.493500,2.485900,0.010651,137
grid_throttle_0.100_at_16.00,0.100000,10.678300,11.972500,2.485650,0.014570,113
grid_throttle_0.100_at_20.00,0.100000,12.590000,15.361000,2.485900,0.012016,155
grid_throttle_0.100_at_3.00,0.100000,2.434700,2.486700,2.485900,3.473857,80
grid_throttle_0.100_at_6.00,0.100000,3.207900,3.709600,2.485900,0.004986,81
grid_throttle_0.100_at_9.00,0.100000,5.335800,6.123200,2.485800,0.010200,81
grid_throttle_0.150_at_0.00,0.150000,0.892700,3.711300,3.709600,8.060978,101
grid_throttle_0.150_at_12.00,0.150000,7.802750,8.493500,3.709300,0.007159,82
grid_throttle_0.150_at_16.00,0.150000,10.711600,11.972500,3.709400,0.006037,109
grid_throttle_0.150_at_20.00,0.150000,12.821800,15.361000,3.709500,0.006627,150
grid_throttle_0.150_at_3.00,0.150000,2.484000,3.710900,3.709600,5.521425,85
grid_throttle_0.150_at_6.00,0.150000,3.709600,3.709600,3.709600,0.000000,81
grid_throttle_0.150_at_9.00,0.150000,5.266450,6.123200,3.709500,0.004406,81
grid_throttle_0.200_at_0.00,0.200000,0.882400,4.922600,4.921700,6.515459,107
grid_throttle_0.200_at_12.00,0.200000,7.386300,8.493500,4.921600,0.003277,98
grid_throttle_0.200_at_16.00,0.200000,10.388200,11.972500,4.921600,0.003728,116
grid_throttle_0.200_at_20.00,0.200000,13.251600,15.361000,4.921400,0.006041,116
grid_throttle_0.200_at_3.00,0.200000,2.553900,4.922500,4.921700,6.957405,85
grid_throttle_0.200_at_6.00,0.200000,4.520450,4.922200,4.921600,7.112186,80
grid_throttle_0.200_at_9.00,0.200000,5.230200,6.123200,4.921600,0.001491,81
grid_throttle_0.300_at_0.00,0.300000,1.007950,7.313800,7.313600,6.692583,120
grid_throttle_0.300_at_12.00,0.300000,7.771500,8.493500,7.313500,0.000867,92
grid_throttle_0.300_at_16.00,0.300000,11.239900,11.972500,7.313350,0.000992,83
grid_throttle_0.300_at_20.00,0.300000,13.697500,15.361000,7.313400,0.001238,96
grid_throttle_0.300_at_3.00,0.300000,2.802650,7.313800,7.313600,7.224392,102
grid_throttle_0.300_at_6.00,0.300000,4.033600,7.313800,7.313600,6.673418,88
grid_throttle_0.300_at_9.00,0.300000,6.866300,7.313600,7.313500,6.415656,87
grid_throttle_0.400_at_0.00,0.400000,1.554200,9.663300,9.662550,6.911639,154
grid_throttle_0.400_at_12.00,0.400000,8.979950,9.663300,9.663300,3.350037,82
grid_throttle_0.400_at_16.00,0.400000,10.822500,11.972500,9.663200,0.000865,84
grid_throttle_0.400_at_20.00,0.400000,13.630800,15.361000,9.663300,0.000986,131
grid_throttle_0.400_at_3.00,0.400000,3.175250,9.663300,9.663200,8.236330,142
grid_throttle_0.400_at_6.00,0.400000,4.711950,9.663300,9.663200,9.040695,122
grid_throttle_0.400_at_9.00,0.400000,6.797200,9.663300,9.663300,6.904808,100
grid_throttle_0.500_at_0.00,0.500000,2.048300,11.972500,11.971750,6.244292,203
grid_throttle_0.500_at_12.00,0.500000,8.936400,11.972500,11.972350,6.704034,108
grid_throttle_0.500_at_16.00,0.500000,11.972500,11.972500,11.972500,0.000000,80
grid_throttle_0.500_at_20.00,0.500000,14.021300,15.361000,11.972700,0.000000,87
grid_throttle_0.500_at_3.00,0.500000,3.787100,11.972500,11.972500,6.395192,197
grid_throttle_0.500_at_6.00,0.500000,4.911800,11.972500,11.972100,5.316995,167
grid_throttle_0.500_at_9.00,0.500000,7.158800,11.972500,11.972500,5.735353,151
grid_throttle_0.650_at_0.00,0.650000,3.087500,15.361000,15.359150,7.495894,284
grid_throttle_0.650_at_12.00,0.650000,9.502300,15.361000,15.359400,5.736013,183
grid_throttle_0.650_at_16.00,0.650000,12.458600,15.361000,15.360700,4.889728,129
grid_throttle_0.650_at_20.00,0.650000,15.361000,15.361000,15.361000,0.000000,79
grid_throttle_0.650_at_3.00,0.650000,4.892650,15.361000,15.360800,7.630872,282
grid_throttle_0.650_at_6.00,0.650000,6.033200,15.361000,15.360700,6.106275,261
grid_throttle_0.650_at_9.00,0.650000,7.574000,15.361000,15.357250,6.160754,208
grid_throttle_0.800_at_0.00,0.800000,3.880700,18.655200,18.535800,8.651076,356
grid_throttle_0.800_at_12.00,0.800000,10.411900,18.655500,18.655000,4.158589,331
grid_throttle_0.800_at_16.00,0.800000,13.109700,18.655500,18.655000,4.807604,261
grid_throttle_0.800_at_20.00,0.800000,15.993900,18.655500,18.655400,4.310875,181
grid_throttle_0.800_at_3.00,0.800000,5.532500,18.655500,18.634000,6.347559,360
grid_throttle_0.800_at_6.00,0.800000,6.808400,18.655400,18.642800,6.101887,349
grid_throttle_0.800_at_9.00,0.800000,8.770600,18.655500,18.650900,4.732952,330
grid_throttle_1.000_at_0.00,1.000000,7.795100,22.883500,21.793050,6.340334,764
grid_throttle_1.000_at_12.00,1.000000,12.600400,22.883500,22.654600,4.154642,696
grid_throttle_1.000_at_16.00,1.000000,14.491700,22.883300,22.400500,3.682203,611
grid_throttle_1.000_at_20.00,1.000000,16.635500,22.883400,22.716400,2.733998,527
grid_throttle_1.000_at_3.00,1.000000,8.644000,22.883300,21.102900,7.430485,729
grid_throttle_1.000_at_6.00,1.000000,9.569600,22.883400,21.573500,5.341731,723
grid_throttle_1.000_at_9.00,1.000000,11.115900,22.883400,22.058600,4.229817,699
steering,gt_speed_mps,gt_yaw_rate_radps,gt_curvature_rad_per_m,samples
-0.500000,1.202766,-0.967700,-0.804562,31
-0.500000,5.619054,-0.950850,-0.169219,32
-0.500000,5.619138,-0.948700,-0.168834,33
-0.500000,5.619356,-0.951400,-0.169308,32
-0.250000,5.522492,-1.738000,-0.314713,32
-0.250000,5.524159,-1.732000,-0.313532,32
-0.250000,5.529915,-1.712500,-0.309679,33
-0.250000,5.547509,-1.636200,-0.294943,33
0.000000,5.643700,0.000000,0.000000,33
0.000000,5.644000,0.000000,0.000000,32
0.000000,5.644300,0.000000,0.000000,32
0.000000,5.646650,0.000000,0.000000,32
0.250000,5.522688,1.736400,0.314412,32
0.250000,5.524161,1.731700,0.313477,33
0.250000,5.529723,1.713100,0.309799,33
0.250000,5.551139,1.637100,0.294912,33
0.500000,1.298224,1.044700,0.804715,29
0.500000,5.619154,0.950900,0.169225,32
0.500000,5.619356,0.951300,0.169290,32
0.500000,5.620031,0.947400,0.168576,32
steering_response=sdu_apex_autodrive/artifacts/calibration/derived/identification_grid_fusion_candidate_20260904/steering.csv
response_trace=sdu_apex_autodrive/artifacts/calibration/derived/identification_grid_fusion_candidate_20260904/response.csv
acceleration_map=sdu_apex_autodrive/artifacts/calibration/derived/identification_grid_fusion_candidate_20260904/acceleration_map.csv
speed_mps,observed_full_throttle_acceleration_mps2,monotonic_acceleration_limit_mps2,samples
0.000000,3.700694,4.288090,8
2.000000,4.492402,4.288090,23
4.000000,3.711713,3.711713,50
6.000000,3.534859,3.534859,69
8.000000,3.089847,3.089847,111
10.000000,2.464676,2.464676,149
12.000000,1.937665,1.937665,208
14.000000,1.438312,1.438312,312
16.000000,0.899528,0.899528,554
18.000000,0.362328,0.514435,1357
20.000000,0.378706,0.514435,769
22.000000,1.933544,0.514435,219
23.000000,0.021274,0.021274,827
acceleration_envelope=sdu_apex_autodrive/artifacts/calibration/derived/identification_grid_fusion_candidate_20260904/acceleration_envelope.csv
longitudinal_fit_model=a=c0+c1*throttle+c2*speed+c3*throttle*speed
longitudinal_fit_coefficients=-0.295315844,6.789508412,-0.194511092,-0.106494872 rmse_mps2=2.399 samples=8132
speed_mps,fit_hold_throttle,fit_throttle_per_accel
0.000000,0.043496,0.147286
2.000000,0.104058,0.152056
4.000000,0.168674,0.157146
6.000000,0.237765,0.162587
8.000000,0.311813,0.168420
10.000000,0.391371,0.174686
12.000000,0.477078,0.181437
14.000000,0.569675,0.188730
16.000000,0.670029,0.196634
18.000000,0.779156,0.205229
20.000000,0.898259,0.214610
23.000000,1.000000,0.230408
longitudinal_fit=sdu_apex_autodrive/artifacts/calibration/derived/identification_grid_fusion_candidate_20260904/longitudinal_fit.csv
wheel_speed_body_speed_map=rmse_mps=0.050 samples=84
wheel_speed_mps,body_speed_mps,map_samples
0.000000,0.000000,84
2.000000,1.985769,84
4.000000,3.934441,84
6.000000,5.825401,84
8.000000,7.744831,84
10.000000,9.662913,84
12.000000,11.441925,84
14.000000,12.892739,84
16.000000,14.947025,84
18.000000,16.793616,84
20.000000,18.587790,84
22.000000,20.252666,84
24.000000,21.912495,84
26.000000,22.873400,84
28.000000,22.873400,84
30.000000,22.873400,84
wheel_speed_body_speed_map_output=sdu_apex_autodrive/artifacts/calibration/derived/identification_grid_fusion_candidate_20260904/wheel_speed_map.csv
slip_model_rows=118 samples=31040
motion_regime,force_curve_region,wheel_speed_bin_mps,median_wheel_speed_mps,median_body_vx_mps,median_slip_speed_mps,median_slip_ratio,slip_ratio_mad,slip_ratio_p10,slip_ratio_p90,samples
braking,asymptotic,0.000000,0.000000,4.704200,-4.588000,-1.000000,0.000000,-1.000000,-1.000000,4193
braking,asymptotic,2.000000,2.586825,6.504700,-3.554370,-0.545183,0.136203,-0.756105,-0.301954,141
braking,asymptotic,4.000000,4.990464,7.403300,-2.358080,-0.318841,0.248075,-0.567377,2.336546,56
braking,asymptotic,6.000000,7.374236,11.335400,-3.619947,-0.322876,0.066446,-0.498767,0.599931,29
braking,asymptotic,8.000000,9.283030,5.350550,4.447740,0.831316,1.117437,-0.286658,2.227350,8
braking,asymptotic,10.000000,10.811604,8.040700,2.611949,0.327941,0.598613,-0.503357,1.081825,9
braking,asymptotic,12.000000,12.675888,6.865200,5.980446,0.810710,0.115332,0.563149,4.058022,5
braking,asymptotic,14.000000,14.548018,4.479100,10.124443,2.346688,0.954366,0.952675,8.843126,4
braking,asymptotic,16.000000,16.573219,7.215650,9.357569,1.561016,0.842454,0.718562,2.403471,2
braking,asymptotic,20.000000,20.959165,9.698800,11.260365,1.161006,0.305059,0.855947,1.919219,7
braking,asymptotic,22.000000,22.594347,11.454900,11.139447,0.972488,0.036439,0.936049,1.008928,2
braking,asymptotic,24.000000,25.416449,10.344600,15.071849,2.078943,1.385798,0.693145,3.464740,2
braking,asymptotic,26.000000,27.497412,5.701800,20.455063,3.587475,2.271161,1.316313,17.384310,3
braking,asymptotic,28.000000,28.396072,3.015350,25.380722,8.707218,1.653752,7.053466,10.360970,2
braking,asymptotic,30.000000,31.075568,14.719000,16.356568,1.111255,0.000000,1.111255,1.111255,1
braking,asymptotic,32.000000,33.515361,14.594500,18.361971,1.258143,0.396996,0.861148,2.100572,3
braking,asymptotic,34.000000,34.920517,6.283200,28.637317,12.329978,10.196563,2.133415,22.526541,2
braking,asymptotic,36.000000,37.299038,6.120300,31.547462,5.412321,2.562999,1.580365,23.794445,4
braking,asymptotic,38.000000,39.916835,17.842300,22.074535,1.237202,0.000000,1.237202,1.237202,1
braking,asymptotic,42.000000,43.324375,3.097450,40.226925,13.559290,2.889066,10.670224,16.448355,2
braking,asymptotic,44.000000,44.093430,12.260650,31.832780,8.880901,7.880105,1.000797,16.761006,2
braking,asymptotic,48.000000,48.952142,16.616450,32.335692,2.309690,1.123985,1.185705,3.433675,2
braking,asymptotic,54.000000,55.132092,12.047200,43.084892,3.576341,0.000000,3.576341,3.576341,1
braking,asymptotic,56.000000,56.612163,14.768900,41.843263,2.833201,0.000000,2.833201,2.833201,1
braking,asymptotic,58.000000,59.018313,3.395100,55.623213,16.549683,1.770508,14.779175,18.320191,2
braking,post_extremum,0.000000,1.541349,1.897500,-0.343928,-0.186303,0.014870,-0.220005,-0.151925,9
braking,post_extremum,2.000000,2.589808,3.305000,-0.712447,-0.202461,0.032012,-0.234473,0.179066,17
braking,post_extremum,4.000000,5.020508,6.333000,-1.181250,-0.207246,0.027151,-0.236714,-0.175098,9
braking,post_extremum,6.000000,7.612664,9.248200,-1.741802,-0.189876,0.018155,-0.212294,-0.165723,6
braking,post_extremum,8.000000,9.198197,9.173700,-0.461087,-0.023733,0.182362,-0.204361,0.187520,8
braking,post_extremum,10.000000,10.455202,13.188500,-2.733298,-0.207249,0.000000,-0.207249,-0.207249,1
braking,post_extremum,12.000000,12.301354,14.719000,-2.417646,-0.164253,0.015053,-0.179306,0.176110,3
braking,pre_extremum,0.000000,1.498193,1.418300,0.004933,0.005404,0.004672,-0.039610,0.043067,91
braking,pre_extremum,2.000000,3.715747,3.602200,0.035116,0.012542,0.007583,-0.086990,0.043627,109
braking,pre_extremum,4.000000,5.750198,5.518100,0.171876,0.030724,0.016333,-0.010671,0.080981,151
braking,pre_extremum,6.000000,7.580869,7.313500,0.239660,0.032522,0.006979,-0.055267,0.056035,54
braking,pre_extremum,8.000000,9.691341,9.925900,-0.015040,-0.001515,0.049500,-0.071107,0.002165,7
braking,pre_extremum,10.000000,10.092477,9.663300,0.401970,0.041398,0.008184,-0.031030,0.064202,58
braking,pre_extremum,12.000000,12.562143,11.972500,0.613468,0.051240,0.006048,0.038441,0.063479,41
braking,pre_extremum,14.000000,15.406402,14.021300,1.512671,0.114696,0.014043,0.098786,0.128739,3
braking,pre_extremum,16.000000,16.368777,15.361000,1.020833,0.066456,0.007756,0.054017,0.101557,36
braking,pre_extremum,18.000000,19.970193,18.655500,1.316311,0.070559,0.000288,0.070472,0.099137,7
braking,pre_extremum,20.000000,20.138573,18.655500,1.567578,0.084028,0.005307,0.076972,0.105277,24
braking,pre_extremum,24.000000,25.152278,22.883400,2.323388,0.101531,0.007327,0.093485,0.120515,33
steady,asymptotic,0.000000,0.081711,1.994200,-1.344003,-0.951589,0.048411,-1.000000,-0.393067,1024
steady,asymptotic,2.000000,2.660996,3.518500,-1.114502,-0.320729,0.258733,-0.694658,0.507724,211
steady,asymptotic,4.000000,5.190794,3.397900,1.709072,0.443820,0.263926,-0.397995,1.101717,175
steady,asymptotic,6.000000,6.838589,3.859100,2.983600,0.863347,0.513647,0.269138,1.584983,146
steady,asymptotic,8.000000,8.708009,5.347550,3.457984,0.642510,0.258928,0.321489,1.677102,238
steady,asymptotic,10.000000,11.130139,3.947600,7.228694,1.862496,0.132494,0.372924,2.324664,98
steady,asymptotic,12.000000,12.529666,7.442000,5.084774,0.683061,0.313628,0.320701,1.565540,541
steady,asymptotic,14.000000,15.547809,4.265100,10.964785,2.620513,0.194715,0.774585,2.843609,79
steady,asymptotic,16.000000,16.324194,9.758600,6.593501,0.674837,0.308997,0.321932,1.738053,949
steady,asymptotic,18.000000,19.898874,12.177350,7.671987,0.638636,0.305569,0.317578,2.034421,94
steady,asymptotic,20.000000,20.137487,13.452600,6.708173,0.499139,0.178676,0.304137,1.324039,297
steady,asymptotic,22.000000,23.263291,8.779800,14.451180,1.664135,0.974221,0.434978,3.219485,17
steady,asymptotic,24.000000,25.151480,18.306100,6.775912,0.369340,0.057914,0.300485,0.954345,1712
steady,post_extremum,0.000000,1.619228,1.994400,-0.377427,-0.190155,0.026277,-0.236274,-0.155324,73
steady,post_extremum,2.000000,2.966946,3.268200,-0.589652,-0.174310,0.036245,-0.230096,0.198073,91
steady,post_extremum,4.000000,4.189402,4.953650,-0.826757,-0.163105,0.013175,-0.183169,0.185551,22
steady,post_extremum,6.000000,6.213740,5.279150,0.928290,0.176649,0.026188,-0.164440,0.230714,32
steady,post_extremum,8.000000,8.732479,7.432000,1.524779,0.205552,0.030682,0.151335,0.238251,29
steady,post_extremum,10.000000,10.714401,9.120500,1.581701,0.175009,0.010010,0.163919,0.204290,4
steady,post_extremum,12.000000,12.519740,10.373600,2.118917,0.203776,0.024258,0.162256,0.240947,53
steady,post_extremum,14.000000,15.145727,12.910000,2.235727,0.173165,0.010044,0.163121,0.183209,2
steady,post_extremum,16.000000,16.317133,13.651600,2.640233,0.193340,0.024720,0.155157,0.237314,93
steady,post_extremum,18.000000,19.955086,16.175800,3.571319,0.224392,0.010055,0.166328,0.241325,5
steady,post_extremum,20.000000,20.153953,16.791050,3.342759,0.199255,0.019885,0.161682,0.241155,30
steady,post_extremum,24.000000,25.133583,20.896300,4.276201,0.205048,0.024733,0.160050,0.240139,76
steady,pre_extremum,0.000000,1.513248,1.498000,0.001133,0.000930,0.007138,-0.048195,0.011895,1125
steady,pre_extremum,2.000000,2.832724,2.752700,0.027649,0.011253,0.004804,-0.003741,0.020437,2804
steady,pre_extremum,4.000000,5.018791,4.921600,0.096711,0.019654,0.007092,-0.023389,0.033264,401
steady,pre_extremum,6.000000,6.284573,6.123300,0.157868,0.025145,0.004425,0.012546,0.035028,1465
steady,pre_extremum,8.000000,8.798041,8.493500,0.302190,0.034930,0.004612,0.024393,0.044365,889
steady,pre_extremum,10.000000,10.065796,9.663300,0.402714,0.041675,0.003583,0.035845,0.051392,322
steady,pre_extremum,12.000000,12.553182,11.972300,0.599517,0.050089,0.003651,0.042676,0.059758,1622
steady,pre_extremum,14.000000,15.108864,14.016350,1.150803,0.080147,0.010131,0.065223,0.090500,8
steady,pre_extremum,16.000000,16.352727,15.360400,1.007553,0.065616,0.002721,0.060730,0.076509,2042
steady,pre_extremum,18.000000,19.919740,18.632100,1.297433,0.069793,0.002845,0.063681,0.101579,111
steady,pre_extremum,20.000000,20.128314,18.654400,1.488837,0.079830,0.003102,0.074873,0.093112,598
steady,pre_extremum,24.000000,25.133508,22.878700,2.296871,0.100576,0.004165,0.093500,0.110994,770
traction,asymptotic,0.000000,0.000000,1.594400,-1.469700,-1.000000,0.000000,-1.000000,-0.552882,803
traction,asymptotic,2.000000,2.239357,3.364200,-1.077886,-0.330465,0.054843,-0.415880,0.383444,103
traction,asymptotic,4.000000,5.334916,3.415700,1.718291,0.471822,0.130892,0.314695,0.887801,152
traction,asymptotic,6.000000,6.619196,3.833100,2.919673,0.788181,0.408465,0.270910,1.321339,129
traction,asymptotic,8.000000,8.722603,5.308300,3.498446,0.656258,0.251552,0.312455,1.690500,293
traction,asymptotic,10.000000,11.213952,3.988500,7.336904,1.843813,0.252660,0.559511,2.327468,109
traction,asymptotic,12.000000,12.549791,7.442000,5.119763,0.684687,0.308038,0.318744,1.596447,707
traction,asymptotic,14.000000,15.588398,4.378600,11.136482,2.603846,0.243418,0.767212,2.941846,117
traction,asymptotic,16.000000,16.333716,9.796600,6.552299,0.669796,0.300490,0.320750,1.749136,1254
traction,asymptotic,18.000000,19.899054,11.869400,7.858902,0.678294,0.356735,0.316652,2.187983,111
traction,asymptotic,20.000000,20.151945,13.145600,7.155505,0.549703,0.216792,0.303130,1.340493,382
traction,asymptotic,22.000000,23.434036,8.683900,13.902839,1.600990,1.146090,0.454900,4.576989,19
traction,asymptotic,24.000000,25.169285,17.008900,8.211563,0.483640,0.154018,0.297361,1.250646,1279
traction,post_extremum,0.000000,1.835591,2.302150,-0.490174,-0.224313,0.019074,-0.245855,-0.159440,14
traction,post_extremum,2.000000,3.021033,3.375600,-0.606003,-0.187852,0.026810,-0.226888,0.183179,79
traction,post_extremum,4.000000,4.232078,5.299300,-1.053358,-0.186156,0.033152,-0.219246,0.215750,27
traction,post_extremum,6.000000,6.211694,5.265400,1.005239,0.183612,0.020047,0.159516,0.241136,39
traction,post_extremum,8.000000,8.765607,7.435150,1.387782,0.183454,0.022065,0.157441,0.240121,26
traction,post_extremum,10.000000,10.066325,8.458700,1.729710,0.189803,0.021691,0.170580,0.228027,8
traction,post_extremum,12.000000,12.546405,10.447500,2.106907,0.201666,0.028617,0.159315,0.242175,77
traction,post_extremum,14.000000,15.529290,13.060600,2.468690,0.188972,0.012244,0.176728,0.201216,2
traction,post_extremum,16.000000,16.332277,13.584400,2.751681,0.202817,0.026607,0.156832,0.245169,124
traction,post_extremum,18.000000,19.851994,16.375200,3.206692,0.197947,0.014649,0.169105,0.206765,6
traction,post_extremum,20.000000,20.165564,16.868150,3.326648,0.198009,0.026651,0.162064,0.241224,52
traction,post_extremum,24.000000,25.151789,20.931300,4.279552,0.205906,0.025806,0.158542,0.241346,102
traction,pre_extremum,0.000000,1.918355,2.048300,-0.175333,-0.085599,0.045108,-0.130707,-0.030000,3
traction,pre_extremum,2.000000,3.158819,3.132900,-0.200820,-0.054645,0.060762,-0.138624,0.099251,140
traction,pre_extremum,4.000000,4.837580,4.849600,0.028959,0.004927,0.020560,-0.059869,0.052774,21
traction,pre_extremum,6.000000,6.273293,6.106300,0.168643,0.027020,0.027885,-0.070238,0.092592,221
traction,pre_extremum,8.000000,8.772702,8.434000,0.329989,0.038856,0.023311,-0.023540,0.101117,191
traction,pre_extremum,10.000000,10.059503,9.606700,0.469725,0.048996,0.009085,0.035852,0.097504,43
traction,pre_extremum,12.000000,12.516264,11.821100,0.679086,0.056686,0.011341,0.043282,0.117307,317
traction,pre_extremum,14.000000,14.820033,13.904600,1.043474,0.072714,0.014190,0.052140,0.109858,10
traction,pre_extremum,16.000000,16.319311,15.144500,1.176262,0.077477,0.011967,0.063549,0.121575,384
traction,pre_extremum,18.000000,19.916227,18.359400,1.528925,0.089116,0.015949,0.069363,0.114649,35
traction,pre_extremum,20.000000,20.137062,18.374400,1.742317,0.094714,0.009680,0.080770,0.132438,101
traction,pre_extremum,24.000000,25.114766,22.594200,2.532202,0.111951,0.010736,0.098729,0.139264,161
slip_model=sdu_apex_autodrive/artifacts/calibration/derived/identification_grid_fusion_candidate_20260904/slip_model.csv
frozen_encoder_brake_model=intercept_mps2=9.920 speed_gain_per_s=0.269 fit_rmse_mps2=3.313 samples=2255 bins=12
speed_bin_mps,median_body_speed_mps,median_deceleration_mps2,samples
0.000000,1.361200,9.982936,448
2.000000,2.944000,9.248235,548
4.000000,4.798800,11.295770,371
6.000000,6.853500,13.212600,245
8.000000,8.829700,12.517972,187
10.000000,10.850000,10.989994,153
12.000000,12.981800,15.380287,114
14.000000,14.919550,16.274429,76
16.000000,16.777450,12.947111,56
18.000000,18.853500,12.856924,30
20.000000,20.951450,23.455725,26
22.000000,22.038800,9.113494,1
frozen_encoder_brake_model_output=sdu_apex_autodrive/artifacts/calibration/derived/identification_grid_fusion_candidate_20260904/frozen_encoder_model.csv
ground_truth_vs_odom_position_error_m=median=0.160 p95=3.511 max=377.763
ground_truth_vs_odom_position_error_active_m=median=0.159 p95=2.563 max=15.333
ground_truth_vs_odom_speed_error_mps=median=0.000 abs_p95=0.465
ground_truth_vs_odom_speed_error_active_mps=median=0.000 abs_p95=0.473
lidar_events_median=31397.000 lidar_events_p95=59661.000
metric,bin,samples,relative_samples,absolute_error_median,absolute_error_p95,absolute_error_max,relative_error_median_pct,relative_error_p95_pct,relative_error_max_pct,reference_median,reference_max
odom_speed_vs_truth,0-1_mps,26451,0,0.000000,0.048267,8.555909,nan,nan,nan,nan,nan
odom_speed_vs_truth,1-3_mps,5779,5779,0.037545,0.323595,8.476912,1.870802,18.161352,813.763776,1.993000,2.997400
odom_speed_vs_truth,3-5_mps,4897,4897,0.048923,0.346756,2.961063,1.225896,8.622151,98.667296,3.710600,4.999900
odom_speed_vs_truth,5-10_mps,9680,9680,0.067111,0.443091,1.153006,0.923844,6.533567,17.992868,7.189500,9.999400
odom_speed_vs_truth,10-15_mps,6132,6132,0.103342,0.531847,1.465478,0.841558,4.140360,12.430883,11.972500,14.998400
odom_speed_vs_truth,15-20_mps,6387,6387,0.139067,0.868466,1.480105,0.853960,4.634036,7.521268,16.754000,19.996400
odom_speed_vs_truth,20-23_mps,1351,1351,0.396105,1.405129,1.766975,1.734782,6.330604,8.490090,22.842800,22.883500
odom_speed_vs_truth_acceleration,all_speeds,14191,13430,0.104253,0.660266,8.555909,1.484690,6.527331,813.763776,8.856800,22.712900
odom_speed_vs_truth_acceleration,0-1_mps,761,0,0.082933,0.361000,8.555909,nan,nan,nan,nan,nan
odom_speed_vs_truth_acceleration,1-3_mps,1711,1711,0.058488,0.190365,8.418986,2.857922,10.934221,813.763776,1.993000,2.996400
odom_speed_vs_truth_acceleration,3-5_mps,1790,1790,0.057158,0.239807,0.510254,1.446407,5.707336,12.863774,3.949800,4.999900
odom_speed_vs_truth_acceleration,5-10_mps,4141,4141,0.077446,0.445232,1.153006,1.082989,6.305797,13.634226,7.488900,9.999400
odom_speed_vs_truth_acceleration,10-15_mps,3445,3445,0.150151,0.577381,1.465478,1.219966,4.680361,12.430883,12.106900,14.998400
odom_speed_vs_truth_acceleration,15-20_mps,1898,1898,0.279105,0.864149,1.480105,1.717439,4.662780,7.521268,16.746850,19.996400
odom_speed_vs_truth_acceleration,20-23_mps,445,445,0.792570,1.490948,1.766975,3.756441,7.159799,8.490090,21.667400,22.712900
odom_speed_vs_truth_steady-state,all_speeds,14719,14339,0.042388,0.599444,8.028868,0.563277,5.675455,415.202588,8.493600,22.883500
odom_speed_vs_truth_steady-state,0-1_mps,380,0,0.006485,0.181137,0.485529,nan,nan,nan,nan,nan
odom_speed_vs_truth_steady-state,1-3_mps,2594,2594,0.011226,0.258027,8.028868,0.567896,13.452153,415.202588,1.993000,2.495900
odom_speed_vs_truth_steady-state,3-5_mps,1871,1871,0.025586,0.215985,0.731781,0.657429,4.966349,17.700214,3.709600,4.994328
odom_speed_vs_truth_steady-state,5-10_mps,3354,3354,0.037996,0.439572,0.995078,0.518342,6.771077,17.992868,6.123500,9.715800
odom_speed_vs_truth_steady-state,10-15_mps,1597,1597,0.037081,0.125383,0.465451,0.309809,1.050485,3.870339,11.972400,12.047200
odom_speed_vs_truth_steady-state,15-20_mps,4113,4113,0.096453,0.880405,1.129218,0.563667,4.700796,6.005582,17.926200,19.477900
odom_speed_vs_truth_steady-state,20-23_mps,810,810,0.387322,0.477365,0.574548,1.692672,2.086448,2.510930,22.879350,22.883500
odom_speed_vs_truth_deceleration,all_speeds,7115,6457,0.132354,0.501415,8.476912,2.188465,15.533725,785.188199,5.752812,22.883500
odom_speed_vs_truth_deceleration,0-1_mps,658,0,0.104361,0.614400,8.171158,nan,nan,nan,nan,nan
odom_speed_vs_truth_deceleration,1-3_mps,1474,1474,0.119583,0.524434,8.476912,6.041936,31.338044,785.188199,1.953401,2.997400
odom_speed_vs_truth_deceleration,3-5_mps,1236,1236,0.137720,0.481907,2.961063,3.443797,12.785831,98.667296,3.955652,4.999100
odom_speed_vs_truth_deceleration,5-10_mps,2185,2185,0.127662,0.442440,0.969479,1.848192,6.641732,15.090567,6.934609,9.986800
odom_speed_vs_truth_deceleration,10-15_mps,1090,1090,0.151869,0.535925,0.986625,1.275782,4.251351,7.480947,11.972500,14.989300
odom_speed_vs_truth_deceleration,15-20_mps,376,376,0.144165,0.477383,0.733718,0.868886,2.797252,4.309981,16.442700,19.947400
odom_speed_vs_truth_deceleration,20-23_mps,96,96,0.330274,0.497953,0.591947,1.448877,2.427135,2.745629,22.038800,22.883500
odom_position_vs_truth,distance_ge_1m,37869,37869,0.333262,4.905750,15.333139,1.524154,9.183609,130.794405,29.704300,255.558002
odom_position_vs_truth,distance_ge_5m,33331,33331,0.377355,5.532093,15.333139,1.316004,5.213950,130.794405,37.032500,255.558002
odom_position_vs_truth,distance_ge_10m,29336,29336,0.412265,6.160711,15.333139,1.184996,4.529546,130.794405,44.571500,255.558002
odom_position_vs_truth,distance_ge_50m,12925,12925,0.751594,9.324141,14.012827,0.953232,4.899722,6.775508,81.660100,255.558002
odom_position_vs_truth,distance_ge_100m,4843,4843,3.176192,11.416551,14.012827,2.016469,5.754864,6.775508,154.319800,255.558002
odom_position_endpoint,epoch_0,1,0,0.158200,0.158200,0.158200,nan,nan,nan,0.000000,0.000000
odom_position_endpoint,epoch_1,1,1,0.158200,0.158200,0.158200,26366.666667,26366.666667,26366.666667,0.000600,0.000600
odom_position_endpoint,epoch_2,1,1,0.002651,0.002651,0.002651,0.172447,0.172447,0.172447,1.537000,1.537000
odom_position_endpoint,epoch_3,1,1,0.097818,0.097818,0.097818,3.307568,3.307568,3.307568,2.957400,2.957400
odom_position_endpoint,epoch_4,1,1,0.133206,0.133206,0.133206,2.688531,2.688531,2.688531,4.954600,4.954600
odom_position_endpoint,epoch_5,1,1,0.193511,0.193511,0.193511,2.119695,2.119695,2.119695,9.129200,9.129200
odom_position_endpoint,epoch_6,1,1,0.261071,0.261071,0.261071,2.066449,2.066449,2.066449,12.633800,12.633800
odom_position_endpoint,epoch_7,1,1,0.438443,0.438443,0.438443,2.183196,2.183196,2.183196,20.082600,20.082600
odom_position_endpoint,epoch_8,1,1,0.430126,0.430126,0.430126,1.382416,1.382416,1.382416,31.114100,31.114100
odom_position_endpoint,epoch_9,1,1,0.179081,0.179081,0.179081,0.379388,0.379388,0.379388,47.202500,47.202500
odom_position_endpoint,epoch_10,1,1,0.206125,0.206125,0.206125,0.268829,0.268829,0.268829,76.675100,76.675100
odom_position_endpoint,epoch_11,1,1,0.102463,0.102463,0.102463,0.099019,0.099019,0.099019,103.478000,103.478000
odom_position_endpoint,epoch_12,1,1,2.670178,2.670178,2.670178,1.165556,1.165556,1.165556,229.090401,229.090401
odom_position_endpoint,epoch_13,1,1,0.111817,0.111817,0.111817,1.889379,1.889379,1.889379,5.918200,5.918200
odom_position_endpoint,epoch_14,1,1,0.247620,0.247620,0.247620,3.383848,3.383848,3.383848,7.317700,7.317700
odom_position_endpoint,epoch_15,1,1,0.264193,0.264193,0.264193,2.991624,2.991624,2.991624,8.831100,8.831100
odom_position_endpoint,epoch_16,1,1,0.006894,0.006894,0.006894,0.060108,0.060108,0.060108,11.468500,11.468500
odom_position_endpoint,epoch_17,1,1,0.277234,0.277234,0.277234,1.938444,1.938444,1.938444,14.301900,14.301900
odom_position_endpoint,epoch_18,1,1,0.230572,0.230572,0.230572,1.342487,1.342487,1.342487,17.175000,17.175000
odom_position_endpoint,epoch_19,1,1,0.005038,0.005038,0.005038,0.020555,0.020555,0.020555,24.509400,24.509400
odom_position_endpoint,epoch_20,1,1,0.308370,0.308370,0.308370,0.838525,0.838525,0.838525,36.775300,36.775300
odom_position_endpoint,epoch_21,1,1,0.431715,0.431715,0.431715,0.775656,0.775656,0.775656,55.658100,55.658100
odom_position_endpoint,epoch_22,1,1,0.879168,0.879168,0.879168,1.057404,1.057404,1.057404,83.144000,83.144000
odom_position_endpoint,epoch_23,1,1,0.130560,0.130560,0.130560,0.117981,0.117981,0.117981,110.662500,110.662500
odom_position_endpoint,epoch_24,1,1,1.608187,1.608187,1.608187,0.729202,0.729202,0.729202,220.540601,220.540601
odom_position_endpoint,epoch_25,1,1,0.258675,0.258675,0.258675,2.371622,2.371622,2.371622,10.907100,10.907100
odom_position_endpoint,epoch_26,1,1,0.203620,0.203620,0.203620,1.708137,1.708137,1.708137,11.920600,11.920600
odom_position_endpoint,epoch_27,1,1,0.126393,0.126393,0.126393,0.877806,0.877806,0.877806,14.398800,14.398800
odom_position_endpoint,epoch_28,1,1,0.027818,0.027818,0.027818,0.181083,0.181083,0.181083,15.362000,15.362000
odom_position_endpoint,epoch_29,1,1,0.257599,0.257599,0.257599,1.394124,1.394124,1.394124,18.477500,18.477500
odom_position_endpoint,epoch_30,1,1,0.034727,0.034727,0.034727,0.161872,0.161872,0.161872,21.453400,21.453400
odom_position_endpoint,epoch_31,1,1,0.325525,0.325525,0.325525,1.193979,1.193979,1.193979,27.263900,27.263900
odom_position_endpoint,epoch_32,1,1,0.014594,0.014594,0.014594,0.037581,0.037581,0.037581,38.832900,38.832900
odom_position_endpoint,epoch_33,1,1,0.566699,0.566699,0.566699,1.011854,1.011854,1.011854,56.006000,56.006000
odom_position_endpoint,epoch_34,1,1,0.422644,0.422644,0.422644,0.500481,0.500481,0.500481,84.447600,84.447600
odom_position_endpoint,epoch_35,1,1,1.969141,1.969141,1.969141,1.672025,1.672025,1.672025,117.769800,117.769800
odom_position_endpoint,epoch_36,1,1,11.061603,11.061603,11.061603,4.715512,4.715512,4.715512,234.579045,234.579045
odom_position_endpoint,epoch_37,1,1,0.373490,0.373490,0.373490,2.158305,2.158305,2.158305,17.304800,17.304800
odom_position_endpoint,epoch_38,1,1,0.277496,0.277496,0.277496,1.566377,1.566377,1.566377,17.715800,17.715800
odom_position_endpoint,epoch_39,1,1,0.240184,0.240184,0.240184,1.195298,1.195298,1.195298,20.094100,20.094100
odom_position_endpoint,epoch_40,1,1,0.489610,0.489610,0.489610,2.167431,2.167431,2.167431,22.589400,22.589400
odom_position_endpoint,epoch_41,1,1,0.377571,0.377571,0.377571,1.506297,1.506297,1.506297,25.066200,25.066200
odom_position_endpoint,epoch_42,1,1,0.279691,0.279691,0.279691,1.069137,1.069137,1.069137,26.160500,26.160500
odom_position_endpoint,epoch_43,1,1,0.188810,0.188810,0.188810,0.562187,0.562187,0.562187,33.584900,33.584900
odom_position_endpoint,epoch_44,1,1,0.406581,0.406581,0.406581,0.992511,0.992511,0.992511,40.964900,40.964900
odom_position_endpoint,epoch_45,1,1,0.369905,0.369905,0.369905,0.621619,0.621619,0.621619,59.506700,59.506700
odom_position_endpoint,epoch_46,1,1,0.235361,0.235361,0.235361,0.294467,0.294467,0.294467,79.928000,79.928000
odom_position_endpoint,epoch_47,1,1,1.169826,1.169826,1.169826,0.991832,0.991832,0.991832,117.946000,117.946000
odom_position_endpoint,epoch_48,1,1,14.012827,14.012827,14.012827,5.842176,5.842176,5.842176,239.856301,239.856301
odom_position_endpoint,epoch_49,1,1,0.309086,0.309086,0.309086,1.247612,1.247612,1.247612,24.774200,24.774200
odom_position_endpoint,epoch_50,1,1,0.413357,0.413357,0.413357,1.620595,1.620595,1.620595,25.506500,25.506500
odom_position_endpoint,epoch_51,1,1,0.325248,0.325248,0.325248,1.268391,1.268391,1.268391,25.642600,25.642600
odom_position_endpoint,epoch_52,1,1,0.338792,0.338792,0.338792,0.935643,0.935643,0.935643,36.209500,36.209500
odom_position_endpoint,epoch_53,1,1,0.300988,0.300988,0.300988,0.893875,0.893875,0.893875,33.672300,33.672300
odom_position_endpoint,epoch_54,1,1,0.619767,0.619767,0.619767,1.855652,1.855652,1.855652,33.398900,33.398900
odom_position_endpoint,epoch_55,1,1,0.093708,0.093708,0.093708,0.247649,0.247649,0.247649,37.839200,37.839200
odom_position_endpoint,epoch_56,1,1,0.113262,0.113262,0.113262,0.263268,0.263268,0.263268,43.021400,43.021400
odom_position_endpoint,epoch_57,1,1,0.363427,0.363427,0.363427,0.670267,0.670267,0.670267,54.221300,54.221300
odom_position_endpoint,epoch_58,1,1,0.498214,0.498214,0.498214,0.590947,0.590947,0.590947,84.307800,84.307800
odom_position_endpoint,epoch_59,1,1,0.011319,0.011319,0.011319,0.008001,0.008001,0.008001,141.465400,141.465400
odom_position_endpoint,epoch_60,1,1,9.785761,9.785761,9.785761,3.829174,3.829174,3.829174,255.558002,255.558002
odom_position_endpoint,epoch_61,1,1,0.012756,0.012756,0.012756,0.027435,0.027435,0.027435,46.494500,46.494500
odom_position_endpoint,epoch_62,1,1,0.162160,0.162160,0.162160,0.335705,0.335705,0.335705,48.304300,48.304300
odom_position_endpoint,epoch_63,1,1,0.483180,0.483180,0.483180,0.954019,0.954019,0.954019,50.646800,50.646800
odom_position_endpoint,epoch_64,1,1,0.296272,0.296272,0.296272,0.602070,0.602070,0.602070,49.208900,49.208900
odom_position_endpoint,epoch_65,1,1,1.057743,1.057743,1.057743,1.987324,1.987324,1.987324,53.224500,53.224500
odom_position_endpoint,epoch_66,1,1,0.600235,0.600235,0.600235,1.061185,1.061185,1.061185,56.562700,56.562700
odom_position_endpoint,epoch_67,1,1,0.044433,0.044433,0.044433,0.078574,0.078574,0.078574,56.549700,56.549700
odom_position_endpoint,epoch_68,1,1,0.370014,0.370014,0.370014,0.599446,0.599446,0.599446,61.726000,61.726000
odom_position_endpoint,epoch_69,1,1,0.154500,0.154500,0.154500,0.231451,0.231451,0.231451,66.753000,66.753000
odom_position_endpoint,epoch_70,1,1,0.045573,0.045573,0.045573,0.052003,0.052003,0.052003,87.635200,87.635200
odom_position_endpoint,epoch_71,1,1,0.601470,0.601470,0.601470,0.455098,0.455098,0.455098,132.162900,132.162900
odom_position_endpoint,epoch_72,1,1,7.331596,7.331596,7.331596,3.088087,3.088087,3.088087,237.415501,237.415501
odom_position_endpoint,epoch_73,1,1,0.789792,0.789792,0.789792,0.771048,0.771048,0.771048,102.430900,102.430900
odom_position_endpoint,epoch_74,1,1,1.002384,1.002384,1.002384,1.502566,1.502566,1.502566,66.711500,66.711500
odom_position_endpoint,epoch_75,1,1,1.677411,1.677411,1.677411,2.282186,2.282186,2.282186,73.500200,73.500200
odom_position_endpoint,epoch_76,1,1,0.377355,0.377355,0.377355,0.482070,0.482070,0.482070,78.278000,78.278000
odom_position_endpoint,epoch_77,1,1,0.029700,0.029700,0.029700,0.038790,0.038790,0.038790,76.567300,76.567300
odom_position_endpoint,epoch_78,1,1,0.276522,0.276522,0.276522,0.348965,0.348965,0.348965,79.240800,79.240800
odom_position_endpoint,epoch_79,1,1,0.118572,0.118572,0.118572,0.148492,0.148492,0.148492,79.850700,79.850700
odom_position_endpoint,epoch_80,1,1,0.576945,0.576945,0.576945,0.602205,0.602205,0.602205,95.805400,95.805400
odom_position_endpoint,epoch_81,1,1,1.001888,1.001888,1.001888,1.046689,1.046689,1.046689,95.719700,95.719700
odom_position_endpoint,epoch_82,1,1,0.193023,0.193023,0.193023,0.209715,0.209715,0.209715,92.040500,92.040500
odom_position_endpoint,epoch_83,1,1,0.070484,0.070484,0.070484,0.055925,0.055925,0.055925,126.033200,126.033200
odom_position_endpoint,epoch_84,1,1,5.552800,5.552800,5.552800,2.391445,2.391445,2.391445,232.194301,232.194301
odom_position_endpoint,epoch_85,1,1,0.180294,0.180294,0.180294,1.009556,1.009556,1.009556,17.858700,17.858700
odom_position_endpoint,epoch_86,1,1,0.197158,0.197158,0.197158,1.111799,1.111799,1.111799,17.733253,17.733253
odom_position_endpoint,epoch_87,1,1,0.227593,0.227593,0.227593,1.275846,1.275846,1.275846,17.838620,17.838620
odom_position_endpoint,epoch_88,1,1,15.333139,15.333139,15.333139,130.794405,130.794405,130.794405,11.723084,11.723084
odom_position_endpoint,epoch_89,1,1,14.945870,14.945870,14.945870,127.423003,127.423003,127.423003,11.729334,11.729334
odom_position_endpoint,epoch_90,1,1,0.437761,0.437761,0.437761,1.544327,1.544327,1.544327,28.346400,28.346400
odom_position_endpoint,epoch_91,1,1,0.417980,0.417980,0.417980,1.418559,1.418559,1.418559,29.465104,29.465104
odom_position_endpoint,epoch_92,1,1,0.076262,0.076262,0.076262,0.273117,0.273117,0.273117,27.922793,27.922793
odom_position_endpoint,epoch_93,1,1,0.104319,0.104319,0.104319,0.373948,0.373948,0.373948,27.896603,27.896603
odom_position_endpoint,epoch_94,1,1,0.242432,0.242432,0.242432,0.864237,0.864237,0.864237,28.051509,28.051509
odom_position_endpoint,epoch_95,1,1,0.298952,0.298952,0.298952,0.588441,0.588441,0.588441,50.804000,50.804000
odom_position_endpoint,epoch_96,1,1,0.391050,0.391050,0.391050,0.751855,0.751855,0.751855,52.011387,52.011387
odom_position_endpoint,epoch_97,1,1,0.624081,0.624081,0.624081,1.280962,1.280962,1.280962,48.719724,48.719724
odom_position_endpoint,epoch_98,1,1,0.341022,0.341022,0.341022,0.663259,0.663259,0.663259,51.416112,51.416112
odom_position_endpoint,epoch_99,1,1,0.379729,0.379729,0.379729,0.717082,0.717082,0.717082,52.954700,52.954700
odom_position_endpoint,epoch_100,1,1,0.627371,0.627371,0.627371,0.852859,0.852859,0.852859,73.560900,73.560900
odom_position_endpoint,epoch_101,1,1,0.950395,0.950395,0.950395,1.315913,1.315913,1.315913,72.223242,72.223242
odom_position_endpoint,epoch_102,1,1,0.788490,0.788490,0.788490,1.082474,1.082474,1.082474,72.841431,72.841431
odom_position_endpoint,epoch_103,1,1,0.443097,0.443097,0.443097,0.615867,0.615867,0.615867,71.946898,71.946898
odom_position_endpoint,epoch_104,1,1,0.086423,0.086423,0.086423,0.113059,0.113059,0.113059,76.440962,76.440962
relative_error_metrics=sdu_apex_autodrive/artifacts/calibration/derived/identification_grid_fusion_candidate_20260904/relative_error.csv
speed_mps,throttle,speed_std_mps,samples
0.000000,0.000000,0.000000,33
0.753600,0.030000,0.000000,33
1.993000,0.060000,0.000000,34
2.488400,0.100000,0.000115,33
3.711300,0.150000,0.000107,41
4.922600,0.200000,0.000263,43
7.313800,0.300000,0.009562,48
9.663300,0.400000,0.052487,62
11.972500,0.500000,0.086513,82
15.361000,0.650000,0.208031,114
18.655500,0.800000,0.848827,144
22.883500,1.000000,1.677200,306
feedforward_table=sdu_apex_autodrive/artifacts/calibration/derived/identification_grid_fusion_candidate_20260904/feedforward.csv
motion_regime,events,duration_s,truth_speed_median_mps,odom_speed_mae_mps,odom_speed_p95_abs_error_mps,error_samples
high_curvature_turn,27,0.162904,0.523915,7.801094,8.531430,27
high_lateral_acceleration,830,13.795728,5.619247,0.315883,0.722335,830
high_longitudinal_slip,12072,111.285668,8.407400,0.180150,0.632662,12072
low_curvature_turn,2,0,3.732810,0.058972,0.116800,2
simulator_reset,2123,48.370492,0.000100,0.002856,0.009000,2123
stationary,24652,608.472392,0.000000,0.019402,0.003300,24652
straight_accelerating,4380,45.985919,9.433900,0.210331,0.730388,4380
straight_coasting,3247,75.811301,4.732900,0.209700,0.478485,3247
straight_steady,15467,115.002392,7.391700,0.142576,0.545074,15467
motion_regime_metrics=sdu_apex_autodrive/artifacts/calibration/derived/identification_grid_fusion_candidate_20260904/regime.csv
