rows=74718
unique_gt_odom_rows=16099
duplicate_gt_odom_rows_removed=58619
speed_reference=gt_speed_mps
ground_truth_position_reference=timestamped_gt_odom
lidar_rate_hz_median=10.890
imu_rate_hz_median=10.891 imu_rate_hz_p95=11.465
left_encoder_rate_hz_median=10.891 left_encoder_rate_hz_p95=11.465
right_encoder_rate_hz_median=10.891 right_encoder_rate_hz_p95=11.465
odom_rate_hz_median=10.891 odom_rate_hz_p95=11.477
ekf_rate_hz_median=10.891 ekf_rate_hz_p95=11.465
gt_odom_rate_hz_median=10.891 gt_odom_rate_hz_p95=11.477
gt_ips_rate_hz_median=10.891 gt_ips_rate_hz_p95=11.465
collision_rate_hz_median=10.891 collision_rate_hz_p95=11.465
speed_command_rate_hz_median=49.979 speed_command_rate_hz_p95=50.172
acceleration_command_rate_hz_median=49.978 acceleration_command_rate_hz_p95=50.498
steering_command_rate_hz_median=49.980 steering_command_rate_hz_p95=50.306
throttle_feedback_rate_hz_median=10.890 throttle_feedback_rate_hz_p95=11.493
steering_feedback_rate_hz_median=10.891 steering_feedback_rate_hz_p95=11.465
gt_speed_mps_min=0.000 gt_speed_mps_max=22.882
ground_truth_collision_count_max=0
phase,command,initial_speed_mps,peak_speed_mps,tail_speed_mps,peak_accel_mps2,samples
grid_throttle_0.000_at_0.00,0.000000,0.000000,0.000000,0.000000,0.000000,21
grid_throttle_0.000_at_12.00,0.000000,8.439450,8.493500,0.002800,0.030626,24
grid_throttle_0.000_at_16.00,0.000000,11.466600,11.972500,0.002450,0.000000,30
grid_throttle_0.000_at_20.00,0.000000,14.781650,15.360900,0.003950,0.000000,34
grid_throttle_0.000_at_3.00,0.000000,1.981850,1.993000,0.000000,0.000000,22
grid_throttle_0.000_at_6.00,0.000000,3.687900,3.709600,0.000200,0.000000,21
grid_throttle_0.000_at_9.00,0.000000,6.105500,6.123200,0.001000,0.038018,22
grid_throttle_0.030_at_0.00,0.030000,0.002050,0.753700,0.751600,4.638202,21
grid_throttle_0.030_at_12.00,0.030000,8.439450,8.493500,0.750800,0.016678,24
grid_throttle_0.030_at_16.00,0.030000,11.419600,11.972500,0.751100,0.015704,30
grid_throttle_0.030_at_20.00,0.030000,14.822750,15.360900,0.751250,0.011224,34
grid_throttle_0.030_at_3.00,0.030000,1.945900,1.993000,0.751500,0.010788,21
grid_throttle_0.030_at_6.00,0.030000,3.671600,3.709600,0.751400,0.014142,22
grid_throttle_0.030_at_9.00,0.030000,6.073650,6.123200,0.750800,0.018394,21
grid_throttle_0.060_at_0.00,0.060000,0.036850,1.500500,1.498100,5.122527,23
grid_throttle_0.060_at_12.00,0.060000,8.447150,8.493500,1.497350,0.009201,24
grid_throttle_0.060_at_16.00,0.060000,11.851000,11.972500,1.497600,0.012980,28
grid_throttle_0.060_at_20.00,0.060000,14.928150,15.361000,1.497750,0.013851,33
grid_throttle_0.060_at_3.00,0.060000,1.925100,1.993000,1.498000,0.003015,21
grid_throttle_0.060_at_6.00,0.060000,3.684400,3.709600,1.498000,0.009828,22
grid_throttle_0.060_at_9.00,0.060000,6.073650,6.123200,1.497400,0.012457,22
grid_throttle_0.100_at_0.00,0.100000,0.042200,2.488300,2.486000,5.847670,22
grid_throttle_0.100_at_12.00,0.100000,8.439450,8.493600,2.485100,0.010633,21
grid_throttle_0.100_at_16.00,0.100000,11.842300,11.972500,2.485350,0.010007,25
grid_throttle_0.100_at_20.00,0.100000,14.786500,15.360900,2.485600,0.009974,31
grid_throttle_0.100_at_3.00,0.100000,2.010600,2.486700,2.485900,3.927588,22
grid_throttle_0.100_at_6.00,0.100000,3.703100,3.709600,2.485900,0.006088,23
grid_throttle_0.100_at_9.00,0.100000,6.094900,6.123200,2.485600,0.006543,21
grid_throttle_0.150_at_0.00,0.150000,0.055600,3.711300,3.710000,6.276472,22
grid_throttle_0.150_at_12.00,0.150000,8.447150,8.493500,3.709100,0.005882,21
grid_throttle_0.150_at_16.00,0.150000,11.946500,11.972500,3.709100,0.006183,26
grid_throttle_0.150_at_20.00,0.150000,14.912550,15.360900,3.709100,0.007349,30
grid_throttle_0.150_at_3.00,0.150000,2.031250,3.710900,3.709600,5.172533,21
grid_throttle_0.150_at_6.00,0.150000,3.709600,3.709600,3.709600,0.000000,23
grid_throttle_0.150_at_9.00,0.150000,6.076550,6.123200,3.709500,0.004285,22
grid_throttle_0.200_at_0.00,0.200000,0.079100,4.922500,4.921850,6.517519,25
grid_throttle_0.200_at_12.00,0.200000,8.435150,8.493600,4.921400,0.003007,22
grid_throttle_0.200_at_16.00,0.200000,11.916050,11.972500,4.921150,0.004003,24
grid_throttle_0.200_at_20.00,0.200000,15.264900,15.360900,4.921250,0.003993,28
grid_throttle_0.200_at_3.00,0.200000,1.994850,4.922500,4.921900,5.629905,22
grid_throttle_0.200_at_6.00,0.200000,3.791750,4.922200,4.921600,4.730673,23
grid_throttle_0.200_at_9.00,0.200000,6.069200,6.123200,4.921600,0.001308,22
grid_throttle_0.300_at_0.00,0.300000,0.235250,7.313800,7.313050,5.276562,33
grid_throttle_0.300_at_12.00,0.300000,8.486900,8.493600,7.313400,0.000672,22
grid_throttle_0.300_at_16.00,0.300000,11.949800,11.972500,7.313300,0.000936,22
grid_throttle_0.300_at_20.00,0.300000,15.341700,15.360800,7.313350,0.001075,25
grid_throttle_0.300_at_3.00,0.300000,2.059300,7.313800,7.313600,5.681619,29
grid_throttle_0.300_at_6.00,0.300000,3.717700,7.313800,7.313600,5.888649,25
grid_throttle_0.300_at_9.00,0.300000,6.205700,7.313600,7.313550,5.975256,25
grid_throttle_0.400_at_0.00,0.400000,0.768300,9.663300,9.657400,6.374416,41
grid_throttle_0.400_at_12.00,0.400000,8.537650,9.663300,9.663300,4.908860,22
grid_throttle_0.400_at_16.00,0.400000,11.882100,11.972500,9.663350,0.000000,23
grid_throttle_0.400_at_20.00,0.400000,15.319900,15.361000,9.663400,0.000960,25
grid_throttle_0.400_at_3.00,0.400000,2.539800,9.663300,9.662100,5.999889,37
grid_throttle_0.400_at_6.00,0.400000,3.877800,9.663300,9.661900,6.908473,34
grid_throttle_0.400_at_9.00,0.400000,6.138000,9.663300,9.662700,6.008884,27
grid_throttle_0.500_at_0.00,0.500000,1.115800,11.972500,11.942500,5.918915,51
grid_throttle_0.500_at_12.00,0.500000,8.521600,11.972500,11.971250,5.135140,28
grid_throttle_0.500_at_16.00,0.500000,11.972500,11.972500,11.972500,0.000000,22
grid_throttle_0.500_at_20.00,0.500000,15.306400,15.360900,11.973900,0.000974,23
grid_throttle_0.500_at_3.00,0.500000,2.828300,11.972500,11.956050,5.484374,45
grid_throttle_0.500_at_6.00,0.500000,3.898700,11.972500,11.960350,5.120080,43
grid_throttle_0.500_at_9.00,0.500000,6.359500,11.972500,11.966350,5.058049,34
grid_throttle_0.650_at_0.00,0.650000,2.115700,15.360700,15.247100,5.345378,69
grid_throttle_0.650_at_12.00,0.650000,8.955450,15.360800,15.346500,4.507798,44
grid_throttle_0.650_at_16.00,0.650000,12.109550,15.360800,15.356700,4.819765,31
grid_throttle_0.650_at_20.00,0.650000,15.360950,15.361100,15.361000,0.001000,21
grid_throttle_0.650_at_3.00,0.650000,3.869600,15.360800,15.299950,5.879566,65
grid_throttle_0.650_at_6.00,0.650000,4.921150,15.360800,15.313850,4.827420,60
grid_throttle_0.650_at_9.00,0.650000,6.896200,15.360700,15.326600,4.596688,52
grid_throttle_0.800_at_0.00,0.800000,3.482300,18.654700,18.233250,5.546139,99
grid_throttle_0.800_at_12.00,0.800000,9.763200,18.654800,18.582500,4.689817,71
grid_throttle_0.800_at_16.00,0.800000,12.514000,18.654600,18.620000,3.694981,56
grid_throttle_0.800_at_20.00,0.800000,15.456800,18.654000,18.644900,3.713697,32
grid_throttle_0.800_at_3.00,0.800000,4.522900,18.654600,18.350800,5.929701,92
grid_throttle_0.800_at_6.00,0.800000,6.065200,18.654800,18.488050,5.188567,88
grid_throttle_0.800_at_9.00,0.800000,7.772000,18.654600,18.466400,4.346538,80
grid_throttle_1.000_at_0.00,1.000000,6.918400,22.880000,19.607750,5.253382,199
grid_throttle_1.000_at_12.00,1.000000,12.027400,22.881500,20.346000,3.133667,172
grid_throttle_1.000_at_16.00,1.000000,14.153900,22.880600,20.442600,2.939689,156
grid_throttle_1.000_at_20.00,1.000000,16.415250,22.881100,21.710750,2.908638,134
grid_throttle_1.000_at_3.00,1.000000,7.883450,22.880800,19.789200,5.684837,191
grid_throttle_1.000_at_6.00,1.000000,9.132500,22.881700,19.840250,4.513963,188
grid_throttle_1.000_at_9.00,1.000000,10.558000,22.881900,20.135000,3.476129,182
steering,gt_speed_mps,gt_yaw_rate_radps,gt_curvature_rad_per_m,samples
-0.500000,2.018765,-4.374500,-2.166919,9
-0.500000,5.619054,-0.950300,-0.169121,9
-0.500000,5.619353,-0.951300,-0.169290,9
-0.500000,5.627597,-0.939800,-0.166998,9
-0.250000,5.521697,-1.739400,-0.315012,9
-0.250000,5.524257,-1.731500,-0.313436,9
-0.250000,5.534983,-1.694600,-0.306162,9
-0.250000,5.570185,-1.585200,-0.284587,9
0.000000,5.643700,0.000000,0.000000,9
0.000000,5.644000,0.000000,0.000000,9
0.000000,5.644300,0.000000,0.000000,9
0.000000,5.657900,0.000000,0.000000,9
0.250000,5.521193,1.739900,0.315131,9
0.250000,5.524942,1.729250,0.312990,8
0.250000,5.532451,1.703300,0.307874,9
0.250000,5.578724,1.554600,0.278666,9
0.500000,1.331735,1.789000,1.343360,8
0.500000,5.619154,0.949300,0.168940,9
0.500000,5.619353,0.951300,0.169290,9
0.500000,5.630788,0.937100,0.166424,9
steering_response=/workspace/src/sdu_apex_autodrive/artifacts/calibration/derived/latest_identification_grid_20260903/steering.csv
response_trace=/workspace/src/sdu_apex_autodrive/artifacts/calibration/derived/latest_identification_grid_20260903/response.csv
acceleration_map=/workspace/src/sdu_apex_autodrive/artifacts/calibration/derived/latest_identification_grid_20260903/acceleration_map.csv
longitudinal_fit_model=a=c0+c1*throttle+c2*speed+c3*throttle*speed
longitudinal_fit_coefficients=-0.534246253,7.132198495,-0.173965341,-0.129262493 rmse_mps2=2.270 samples=3558
speed_mps,fit_hold_throttle,fit_throttle_per_accel
0.000000,0.074906,0.140209
2.000000,0.128341,0.145483
4.000000,0.185953,0.151168
6.000000,0.248251,0.157316
8.000000,0.315831,0.163986
10.000000,0.389395,0.171245
12.000000,0.469774,0.179178
14.000000,0.557961,0.187881
16.000000,0.655153,0.197472
18.000000,0.762801,0.208096
20.000000,0.882692,0.219928
23.000000,1.000000,0.240433
longitudinal_fit=/workspace/src/sdu_apex_autodrive/artifacts/calibration/derived/latest_identification_grid_20260903/longitudinal_fit.csv
wheel_speed_body_speed_map=rmse_mps=0.173 samples=84
wheel_speed_mps,body_speed_mps,map_samples
0.000000,0.000000,84
2.000000,1.988601,84
4.000000,3.967925,84
6.000000,5.888532,84
8.000000,8.549802,84
10.000000,9.662430,84
12.000000,11.536114,84
14.000000,13.473328,84
16.000000,15.270020,84
18.000000,16.855770,84
20.000000,18.570086,84
22.000000,19.279928,84
24.000000,19.987528,84
26.000000,20.287600,84
28.000000,20.287600,84
30.000000,20.287600,84
wheel_speed_body_speed_map_output=/workspace/src/sdu_apex_autodrive/artifacts/calibration/derived/latest_identification_grid_20260903/wheel_speed_map.csv
slip_model_rows=146 samples=8453
motion_regime,force_curve_region,wheel_speed_bin_mps,median_wheel_speed_mps,median_body_vx_mps,median_slip_speed_mps,median_slip_ratio,slip_ratio_mad,slip_ratio_p10,slip_ratio_p90,samples
braking,asymptotic,0.000000,0.000000,4.740850,-4.602500,-1.000000,0.000000,-1.000000,-0.988995,1238
braking,asymptotic,2.000000,2.635907,5.952150,-2.941157,-0.513685,0.150091,-0.740332,-0.280045,86
braking,asymptotic,4.000000,5.056740,8.000800,-3.431064,-0.417895,0.124737,-0.583084,0.866427,43
braking,asymptotic,6.000000,6.866394,9.663300,-3.268502,-0.324367,0.150318,-0.488548,0.740851,24
braking,asymptotic,8.000000,9.325090,5.522350,3.788474,0.702475,0.190039,-0.354972,0.921408,12
braking,asymptotic,10.000000,10.955523,5.644050,5.023243,0.891684,0.197298,-0.362769,1.030682,14
braking,asymptotic,12.000000,13.475237,7.471450,5.883684,0.789207,0.035411,-0.390389,0.839605,4
braking,asymptotic,14.000000,14.297007,10.340700,4.017995,0.360022,0.126926,-0.336699,0.692745,5
braking,asymptotic,16.000000,17.611317,9.789850,7.821467,0.798825,0.018111,0.780714,0.816936,2
braking,asymptotic,18.000000,18.761704,11.927100,7.185549,0.602456,0.243826,0.387377,0.922733,9
braking,asymptotic,20.000000,21.341250,11.972500,8.039163,0.671469,0.159947,0.389314,0.831416,3
braking,asymptotic,22.000000,22.562505,14.097750,8.464755,0.615814,0.174297,0.441517,0.790110,2
braking,asymptotic,24.000000,24.856956,13.657000,11.217566,0.846379,0.210395,0.582528,1.100061,4
braking,asymptotic,26.000000,26.863425,15.282800,11.580625,0.757665,0.037250,0.720415,0.794915,2
braking,asymptotic,30.000000,30.959942,22.882100,8.077842,0.353020,0.000000,0.353020,0.353020,1
braking,asymptotic,34.000000,35.012122,18.623350,16.388772,0.880035,0.013579,0.866456,0.893614,2
braking,asymptotic,38.000000,38.481402,18.655000,19.826402,1.062793,0.000000,1.062793,1.062793,1
braking,post_extremum,0.000000,1.404001,1.498000,-0.259955,-0.178623,0.040632,-0.248213,0.150694,4
braking,post_extremum,2.000000,3.061560,3.253250,-0.682795,-0.186644,0.052945,-0.247018,0.183356,6
braking,post_extremum,4.000000,5.030272,5.617900,-1.001328,-0.166898,0.050036,-0.216934,0.208159,9
braking,post_extremum,6.000000,7.326343,8.872900,-1.784548,-0.184589,0.010287,-0.239817,-0.174301,3
braking,post_extremum,8.000000,8.974286,7.313500,1.325318,0.181218,0.061503,-0.177712,0.242721,3
braking,post_extremum,10.000000,11.480243,14.037850,-3.155459,-0.223945,0.017044,-0.248059,0.180755,4
braking,post_extremum,12.000000,12.097242,15.360800,-3.263558,-0.212460,0.000000,-0.212460,-0.212460,1
braking,post_extremum,14.000000,15.192740,18.654900,-3.462160,-0.185590,0.000000,-0.185590,-0.185590,1
braking,post_extremum,18.000000,18.693119,15.360900,3.332219,0.216929,0.022149,0.193151,0.239078,3
braking,pre_extremum,0.000000,1.409911,1.497450,0.002452,0.003015,0.022533,-0.088466,0.051343,44
braking,pre_extremum,2.000000,2.571360,2.678600,-0.061128,-0.016425,0.035566,-0.102101,0.028361,47
braking,pre_extremum,4.000000,5.209173,5.519900,0.081039,0.014360,0.036269,-0.109673,0.052531,57
braking,pre_extremum,6.000000,7.437758,7.370250,0.052604,0.007143,0.043893,-0.095782,0.052227,20
braking,pre_extremum,8.000000,8.721732,9.615000,-0.057444,-0.006634,0.062591,-0.098952,0.131380,16
braking,pre_extremum,10.000000,10.570392,11.086150,-0.348859,-0.030606,0.054326,-0.097438,0.080845,14
braking,pre_extremum,12.000000,12.582109,11.972500,0.594513,0.050069,0.016417,0.004823,0.067448,12
braking,pre_extremum,14.000000,15.058447,15.274500,-0.231360,-0.015109,0.019973,-0.051912,0.015121,9
braking,pre_extremum,16.000000,16.462607,15.361000,0.726125,0.047271,0.024451,-0.073349,0.067633,9
braking,pre_extremum,18.000000,19.842474,18.654900,1.187574,0.063660,0.005310,0.006768,0.070963,5
braking,pre_extremum,20.000000,20.696119,22.706900,-0.799484,-0.035189,0.053625,-0.088554,0.093301,13
braking,pre_extremum,22.000000,23.064291,22.812300,0.251991,0.011046,0.000000,0.011046,0.011046,1
braking,pre_extremum,24.000000,25.180763,22.881700,2.299213,0.100483,0.006315,0.090936,0.113080,10
steady,asymptotic,0.000000,1.230458,1.993000,-0.661267,-0.372106,0.072419,-0.462313,-0.257025,88
steady,asymptotic,2.000000,2.958715,3.709600,-1.467873,-0.352475,0.086221,-0.442980,0.836694,179
steady,asymptotic,4.000000,4.930495,6.123700,-2.011436,-0.304147,0.118480,-0.427969,0.865931,103
steady,asymptotic,6.000000,6.934338,4.922000,2.361197,0.481555,0.550268,-0.431573,0.981492,89
steady,asymptotic,8.000000,8.977999,11.972300,-3.320824,-0.277407,0.143283,-0.427155,0.679294,66
steady,asymptotic,10.000000,11.034794,6.123650,4.297414,0.701871,0.225806,-0.370164,0.926409,58
steady,asymptotic,12.000000,13.072217,8.493050,4.530250,0.534107,0.506493,-0.309335,1.023200,60
steady,asymptotic,14.000000,14.616549,9.664600,4.635404,0.480542,0.517168,-0.373233,0.966762,37
steady,asymptotic,16.000000,16.778894,11.934800,5.909722,0.493910,0.319319,-0.277533,0.976488,24
steady,asymptotic,18.000000,18.615799,11.970700,6.637578,0.554536,0.038133,0.508918,0.944949,27
steady,asymptotic,20.000000,20.809889,11.972400,9.012188,0.752810,0.326776,0.426034,1.102205,7
steady,asymptotic,22.000000,23.448831,15.360700,7.937236,0.517232,0.260929,0.254048,0.951080,26
steady,asymptotic,24.000000,24.990928,18.627900,6.431584,0.347166,0.034598,0.291441,0.421898,194
steady,asymptotic,26.000000,26.434333,18.014900,8.773946,0.457682,0.102969,0.374607,0.824487,15
steady,asymptotic,28.000000,29.061048,18.757800,10.225882,0.547423,0.047220,0.442332,0.835512,27
steady,asymptotic,30.000000,30.777570,15.360900,14.964773,0.974212,0.094854,0.586143,1.060102,25
steady,asymptotic,32.000000,32.792688,15.360700,16.723833,1.088834,0.084726,0.769140,1.173560,11
steady,asymptotic,34.000000,35.054813,19.113000,15.886469,0.850088,0.028318,0.550864,0.878406,9
steady,asymptotic,36.000000,36.866440,19.005750,17.452592,0.921706,0.069955,0.609173,0.992637,16
steady,asymptotic,38.000000,39.002222,18.946650,19.849627,1.057335,0.025561,0.741072,1.079409,8
steady,asymptotic,40.000000,40.745617,19.070350,21.675267,1.136674,0.019172,1.117502,1.155846,2
steady,asymptotic,42.000000,43.136121,19.165900,23.821915,1.242915,0.077311,0.862535,1.299039,8
steady,asymptotic,44.000000,45.829384,22.838900,22.990484,1.006637,0.004705,1.001932,1.411933,3
steady,asymptotic,46.000000,47.130082,19.106700,27.561770,1.447830,0.049273,1.014034,1.539934,15
steady,asymptotic,48.000000,48.905071,20.891200,27.792479,1.348578,0.208618,1.121104,1.621438,4
steady,asymptotic,50.000000,51.139717,22.875700,28.264017,1.235548,0.000000,1.235548,1.235548,1
steady,post_extremum,0.000000,1.202881,1.372250,-0.249874,-0.222169,0.015919,-0.241798,-0.163829,6
steady,post_extremum,2.000000,2.387606,1.994450,0.357223,0.169794,0.023691,-0.239608,0.198017,30
steady,post_extremum,4.000000,4.438641,3.709700,0.705941,0.190301,0.021087,0.151197,0.211158,18
steady,post_extremum,6.000000,7.273295,6.123700,0.991456,0.161918,0.032469,-0.248744,0.194387,13
steady,post_extremum,8.000000,9.267268,11.953000,-2.597491,-0.217480,0.026447,-0.243926,0.174889,21
steady,post_extremum,10.000000,11.502018,9.653500,1.639631,0.191333,0.043261,-0.248282,0.239223,14
steady,post_extremum,12.000000,13.346647,15.359750,-3.142132,-0.192774,0.038299,-0.230917,0.155808,18
steady,post_extremum,14.000000,14.601922,18.640200,-3.832865,-0.204229,0.033044,-0.239595,0.219673,51
steady,post_extremum,16.000000,17.618428,22.800100,-5.025287,-0.219894,0.010039,-0.244009,0.164718,11
steady,post_extremum,18.000000,18.814559,15.360050,3.241593,0.211078,0.025966,-0.167596,0.237326,18
steady,post_extremum,20.000000,21.704834,18.631200,2.964262,0.156609,0.002459,0.154150,0.221995,5
steady,post_extremum,22.000000,22.692303,19.069600,4.161359,0.223082,0.022855,0.165411,0.245937,15
steady,post_extremum,24.000000,24.204238,19.478400,4.725838,0.242619,0.000000,0.242619,0.242619,1
steady,post_extremum,28.000000,28.410981,22.870500,5.540481,0.242253,0.004738,0.237515,0.246990,2
steady,pre_extremum,0.000000,1.898867,1.993000,-0.009358,-0.005545,0.010152,-0.059412,0.017300,255
steady,pre_extremum,2.000000,2.733041,2.486950,0.031696,0.013102,0.010590,-0.022385,0.037974,456
steady,pre_extremum,4.000000,5.024460,4.921600,0.064978,0.013203,0.021963,-0.093206,0.080776,77
steady,pre_extremum,6.000000,6.293660,6.123300,0.130948,0.020297,0.014933,-0.017306,0.048336,185
steady,pre_extremum,8.000000,8.802548,8.493600,0.235251,0.027497,0.012176,-0.003698,0.058752,119
steady,pre_extremum,10.000000,10.535301,11.959500,-0.264896,-0.022126,0.072853,-0.118753,0.062425,45
steady,pre_extremum,12.000000,12.534309,11.971450,0.556504,0.046385,0.012165,0.021870,0.069649,180
steady,pre_extremum,14.000000,15.714541,15.359300,0.323207,0.021041,0.017541,-0.082395,0.038582,65
steady,pre_extremum,16.000000,16.366565,15.359200,0.944067,0.061499,0.013998,-0.056559,0.087071,206
steady,pre_extremum,18.000000,19.686101,18.646200,0.970797,0.052059,0.015886,-0.006728,0.067945,37
steady,pre_extremum,20.000000,20.246804,18.652000,1.587236,0.085105,0.006404,0.074523,0.107469,43
steady,pre_extremum,22.000000,22.861305,22.861150,0.243627,0.010719,0.032191,-0.027817,0.049058,12
steady,pre_extremum,24.000000,25.019305,22.869900,2.191301,0.095867,0.015150,0.067365,0.122702,58
traction,asymptotic,0.000000,1.925375,1.117500,0.816290,0.727143,0.030762,-0.277403,0.802407,18
traction,asymptotic,2.000000,3.638418,2.059300,1.301740,0.696263,0.630318,-0.342459,2.251320,87
traction,asymptotic,4.000000,5.232073,3.169100,2.033470,0.701012,0.758736,-0.306125,3.626729,75
traction,asymptotic,6.000000,6.467292,3.630100,2.868319,0.826706,0.502361,-0.288480,3.395040,196
traction,asymptotic,8.000000,8.821554,4.840550,4.222339,0.843027,0.558639,-0.290401,3.448959,230
traction,asymptotic,10.000000,11.026462,5.846550,5.302607,0.923482,0.584530,0.277133,4.154335,116
traction,asymptotic,12.000000,12.538160,6.025500,6.548167,1.082717,0.680053,0.339877,5.103395,341
traction,asymptotic,14.000000,15.589832,8.100700,7.001007,0.882371,0.493076,0.336139,5.332351,202
traction,asymptotic,16.000000,16.353478,8.292950,8.260619,1.015668,0.617566,0.340078,4.778523,442
traction,asymptotic,18.000000,19.300216,9.803800,9.188261,0.932596,0.488957,0.321219,2.985559,167
traction,asymptotic,20.000000,20.412683,11.902200,8.888814,0.753355,0.393548,0.334633,3.458660,137
traction,asymptotic,22.000000,23.040737,11.216300,12.040021,1.043309,0.548435,0.366078,3.407510,81
traction,asymptotic,24.000000,25.032029,14.485300,10.361850,0.695516,0.265022,0.404867,2.474054,333
traction,asymptotic,26.000000,26.579305,12.127650,14.330209,1.182245,0.446857,0.566409,4.070548,34
traction,asymptotic,28.000000,29.206212,14.187300,15.029681,1.063246,0.434331,0.577157,3.151203,74
traction,asymptotic,30.000000,31.224962,11.101600,20.183540,1.761402,0.694056,1.057108,7.117400,68
traction,asymptotic,32.000000,32.844470,12.163250,20.841860,1.717318,0.617243,0.888666,4.843617,28
traction,asymptotic,34.000000,35.553589,14.208600,20.029839,1.409698,0.462102,0.947596,3.587567,23
traction,asymptotic,36.000000,36.894094,15.808700,21.528708,1.361937,0.465316,0.823813,3.906197,44
traction,asymptotic,38.000000,39.049403,16.200600,23.229687,1.440485,0.321940,1.067554,3.123558,29
traction,asymptotic,40.000000,41.325677,17.179700,24.065922,1.397709,0.265085,1.099146,2.762144,14
traction,asymptotic,42.000000,43.448520,17.606050,25.478703,1.469257,0.223552,1.001009,1.965390,12
traction,asymptotic,44.000000,45.126606,16.808600,27.938091,1.714919,0.312825,1.037046,3.271395,23
traction,asymptotic,46.000000,47.008571,17.567600,29.665846,1.688730,0.205286,1.278287,2.680995,22
traction,asymptotic,48.000000,49.106624,18.401000,30.923433,1.678996,0.150203,1.505771,2.869568,19
traction,asymptotic,50.000000,50.907341,16.248050,34.330137,2.122909,0.628909,1.590339,5.260576,10
traction,asymptotic,52.000000,52.491425,17.220250,35.271175,2.057984,0.181460,1.876524,2.239444,2
traction,post_extremum,0.000000,1.950729,1.655350,0.288659,0.174479,0.015565,0.158382,0.216232,8
traction,post_extremum,2.000000,3.210045,3.092400,0.303681,0.153657,0.053680,-0.178428,0.197218,8
traction,post_extremum,4.000000,5.218680,5.451700,-0.914576,-0.167760,0.078352,-0.241814,0.184172,9
traction,post_extremum,6.000000,6.405473,5.946700,1.000733,0.170842,0.048179,-0.185759,0.232940,25
traction,post_extremum,8.000000,8.881630,8.054500,1.342136,0.166189,0.070757,-0.204200,0.228280,37
traction,post_extremum,10.000000,11.245239,12.699450,-2.228182,-0.170962,0.065224,-0.234256,0.201852,26
traction,post_extremum,12.000000,12.540655,10.570800,2.017755,0.187161,0.037150,-0.187060,0.243749,39
traction,post_extremum,14.000000,15.448112,12.719700,2.728412,0.213861,0.024418,-0.203658,0.239881,21
traction,post_extremum,16.000000,16.447405,13.929700,2.517705,0.180744,0.030070,-0.180290,0.227605,35
traction,post_extremum,18.000000,19.057481,15.847600,3.402225,0.210572,0.024077,0.152165,0.248978,14
traction,post_extremum,20.000000,20.284975,16.871100,3.170909,0.187949,0.021488,0.172047,0.236917,9
traction,post_extremum,22.000000,23.740006,20.129000,3.480568,0.172913,0.005047,0.167866,0.202890,3
traction,post_extremum,24.000000,25.117283,20.896800,4.117532,0.195106,0.027695,0.159144,0.240426,39
traction,post_extremum,26.000000,26.466142,22.480750,3.985392,0.177295,0.012642,0.164653,0.189938,2
traction,pre_extremum,0.000000,1.934151,1.945400,0.006313,0.003210,0.018474,-0.104323,0.134758,19
traction,pre_extremum,2.000000,3.620285,3.506100,0.092070,0.026915,0.016192,-0.003615,0.089169,33
traction,pre_extremum,4.000000,4.800065,4.811500,-0.073598,-0.015293,0.036631,-0.078594,0.052734,18
traction,pre_extremum,6.000000,6.334043,6.091200,0.201570,0.034630,0.037670,-0.086786,0.102844,61
traction,pre_extremum,8.000000,8.720297,8.453500,0.354295,0.042298,0.048147,-0.112333,0.116087,67
traction,pre_extremum,10.000000,11.253422,11.362100,0.128349,0.010932,0.069779,-0.094693,0.122286,49
traction,pre_extremum,12.000000,12.504154,11.739400,0.827166,0.070547,0.029154,-0.019395,0.117300,86
traction,pre_extremum,14.000000,15.645443,14.912100,0.769375,0.050713,0.025281,-0.058776,0.120138,60
traction,pre_extremum,16.000000,16.433529,15.149800,1.371235,0.091202,0.020552,0.038527,0.127517,77
traction,pre_extremum,18.000000,19.610675,18.164800,1.508487,0.082121,0.017225,0.045942,0.132000,24
traction,pre_extremum,20.000000,20.302031,18.375500,1.938131,0.105540,0.016717,0.052895,0.146160,17
traction,pre_extremum,22.000000,23.462141,22.524700,1.230293,0.054305,0.004652,-0.010585,0.062120,4
traction,pre_extremum,24.000000,24.886800,22.308200,2.704829,0.121250,0.016815,0.094430,0.144945,30
slip_model=/workspace/src/sdu_apex_autodrive/artifacts/calibration/derived/latest_identification_grid_20260903/slip_model.csv
ground_truth_vs_odom_position_error_m=median=0.301 p95=4.416 max=333.284
ground_truth_vs_odom_position_error_active_m=median=0.300 p95=3.647 max=20.062
ground_truth_vs_odom_speed_error_mps=median=0.000 abs_p95=1.061
ground_truth_vs_odom_speed_error_active_mps=median=0.000 abs_p95=1.061
lidar_events_median=8118.500 lidar_events_p95=15303.000
speed_mps,throttle,speed_std_mps,samples
0.000000,0.000000,0.000000,9
0.753700,0.030000,0.000000,9
1.500500,0.060000,0.000118,10
2.488300,0.100000,0.000194,9
3.711300,0.150000,0.000556,9
4.922500,0.200000,0.004806,10
7.313800,0.300000,0.052601,14
9.663300,0.400000,0.303858,17
11.972500,0.500000,0.656645,21
15.361100,0.650000,0.000000,9
18.654800,0.800000,1.269105,36
22.881900,1.000000,1.657339,73
feedforward_table=/workspace/src/sdu_apex_autodrive/artifacts/calibration/derived/latest_identification_grid_20260903/feedforward.csv
motion_regime,events,duration_s,truth_speed_median_mps,odom_speed_mae_mps,odom_speed_p95_abs_error_mps,error_samples
high_curvature_turn,5,0.213300,0.254203,8.884365,9.441270,5
high_lateral_acceleration,257,20.596320,5.619353,0.391396,1.160227,257
high_longitudinal_slip,4005,245.809419,8.335700,0.343023,1.009756,4005
low_curvature_turn,4,0,5.526307,0.481341,0.561130,4
simulator_reset,575,43.660742,nan,nan,nan,0
stationary,6342,579.686026,0.000000,0.052035,0.198952,6342
straight_accelerating,761,28.127101,11.636700,0.452697,1.407083,761
straight_coasting,1618,135.884473,4.842360,0.747993,2.274623,1618
straight_steady,2473,165.985899,6.123400,0.348945,1.158898,2473
unknown,59,0,nan,nan,nan,0
motion_regime_metrics=/workspace/src/sdu_apex_autodrive/artifacts/calibration/derived/latest_identification_grid_20260903/regime.csv
